# ATLAS arXiv:1412.6663, Fig. 7-b
# expected 95% exclusion limits on sigBR(pp->H+-->tau+-nu)
# mH+[GeV] | sig*BR_95% [pb]
180.0	1.00E+00
190.0	1.00E+00
200.0	1.00E+00
210.0	1.00E+00
220.0	1.00E+00
230.0	1.00E+00
240.0	1.00E+00
250.0	1.00E+00
260.0	1.00E+00
270.0	1.00E+00
280.0	1.00E+00
290.0	1.00E+00
300.0	1.00E+00
310.0	1.00E+00
320.0	1.00E+00
330.0	1.00E+00
340.0	1.00E+00
350.0	1.00E+00
360.0	1.00E+00
370.0	1.00E+00
380.0	1.00E+00
390.0	1.00E+00
400.0	1.00E+00
410.0	1.00E+00
420.0	1.00E+00
430.0	1.00E+00
440.0	1.00E+00
450.0	1.00E+00
460.0	1.00E+00
470.0	1.00E+00
480.0	1.00E+00
490.0	1.00E+00
500.0	1.00E+00
510.0	1.00E+00
520.0	1.00E+00
530.0	1.00E+00
540.0	1.00E+00
550.0	1.00E+00
560.0	1.00E+00
570.0	1.00E+00
580.0	1.00E+00
590.0	1.00E+00
600.0	1.00E+00
610.0	1.00E+00
620.0	1.00E+00
630.0	1.00E+00
640.0	1.00E+00
650.0	1.00E+00
660.0	1.00E+00
670.0	1.00E+00
680.0	1.00E+00
690.0	1.00E+00
700.0	1.00E+00
710.0	1.00E+00
720.0	1.00E+00
730.0	1.00E+00
740.0	1.00E+00
750.0	1.00E+00
760.0	1.00E+00
770.0	1.00E+00
780.0	1.00E+00
790.0	1.00E+00
800.0	1.00E+00
810.0	1.00E+00
820.0	1.00E+00
830.0	1.00E+00
840.0	1.00E+00
850.0	1.00E+00
860.0	1.00E+00
870.0	1.00E+00
880.0	1.00E+00
890.0	1.00E+00
900.0	1.00E+00
910.0	1.00E+00
920.0	1.00E+00
930.0	1.00E+00
940.0	1.00E+00
950.0	1.00E+00
960.0	1.00E+00
970.0	1.00E+00
980.0	1.00E+00
990.0	1.00E+00
1000.0	1.00E+00
