# CMS arXiv:1506.02301, Fig. 7a
# expected 95% exclusion limits on sigBR(gg->X->gammagamma)
# mX[GeV] | sig*BR_95% [pb]
150.0	0.01781
155.0	0.01677
160.0	0.01574
165.0	0.01487
170.0	0.01399
175.0	0.01315
180.0	0.01230
185.0	0.01159
190.0	0.01088
195.0	0.01035
200.0	0.009823
205.0	0.009371
210.0	0.008920
215.0	0.008575
220.0	0.008231
225.0	0.007913
230.0	0.007595
235.0	0.007264
240.0	0.006934
245.0	0.006683
250.0	0.006432
255.0	0.006200
260.0	0.005968
265.0	0.005767
270.0	0.005566
275.0	0.005365
280.0	0.005164
285.0	0.004990
290.0	0.004816
295.0	0.004654
300.0	0.004492
305.0	0.004363
310.0	0.004235
315.0	0.004103
320.0	0.003971
325.0	0.003868
330.0	0.003764
335.0	0.003656
340.0	0.003548
345.0	0.003447
350.0	0.003345
355.0	0.003250
360.0	0.003154
365.0	0.003080
370.0	0.003005
375.0	0.002927
380.0	0.002848
385.0	0.002774
390.0	0.002700
395.0	0.002636
400.0	0.002573
405.0	0.002519
410.0	0.002465
415.0	0.002394
420.0	0.002324
425.0	0.002263
430.0	0.002202
435.0	0.002151
440.0	0.002099
445.0	0.002044
450.0	0.001989
455.0	0.001937
460.0	0.001885
465.0	0.001846
470.0	0.001806
475.0	0.001764
480.0	0.001721
485.0	0.001681
490.0	0.001640
495.0	0.001614
500.0	0.001588
505.0	0.001547
510.0	0.001505
515.0	0.001470
520.0	0.001435
525.0	0.001408
530.0	0.001382
535.0	0.001346
540.0	0.001310
545.0	0.001292
550.0	0.001275
555.0	0.001248
560.0	0.001221
565.0	0.001202
570.0	0.001183
575.0	0.001155
580.0	0.001127
585.0	0.001109
590.0	0.001091
595.0	0.001074
600.0	0.001057
605.0	0.001037
610.0	0.001018
615.0	0.001007
620.0	0.0009964
625.0	0.0009781
630.0	0.0009597
635.0	0.0009471
640.0	0.0009344
645.0	0.0009196
650.0	0.0009048
655.0	0.0008881
660.0	0.0008715
665.0	0.0008623
670.0	0.0008530
675.0	0.0008373
680.0	0.0008216
685.0	0.0008107
690.0	0.0007999
695.0	0.0007893
700.0	0.0007787
705.0	0.0007705
710.0	0.0007622
715.0	0.0007521
720.0	0.0007421
725.0	0.0007342
730.0	0.0007263
735.0	0.0007148
740.0	0.0007033
745.0	0.0006996
750.0	0.0006958
755.0	0.0006903
760.0	0.0006847
765.0	0.0006757
770.0	0.0006666
775.0	0.0006666
780.0	0.0006666
785.0	0.0006596
790.0	0.0006525
795.0	0.0006422
800.0	0.0006319
805.0	0.0006285
810.0	0.0006251
815.0	0.0006185
820.0	0.0006119
825.0	0.0006038
830.0	0.0005957
835.0	0.0005957
840.0	0.0005957
845.0	0.0005941
850.0	0.0005925
