# ATLAS 1512.03704, Fig. 6
# expected 95% exclusion limits on sigBR(pp->H+->tb)
# mH+[GeV] | sig*BR_95% [pb]
200.0	1.00E+00
210.0	1.00E+00
220.0	1.00E+00
230.0	1.00E+00
240.0	1.00E+00
250.0	1.00E+00
260.0	1.00E+00
270.0	1.00E+00
280.0	1.00E+00
290.0	1.00E+00
300.0	1.00E+00
310.0	1.00E+00
320.0	1.00E+00
330.0	1.00E+00
340.0	1.00E+00
350.0	1.00E+00
360.0	1.00E+00
370.0	1.00E+00
380.0	1.00E+00
390.0	1.00E+00
400.0	1.00E+00
410.0	1.00E+00
420.0	1.00E+00
430.0	1.00E+00
440.0	1.00E+00
450.0	1.00E+00
460.0	1.00E+00
470.0	1.00E+00
480.0	1.00E+00
490.0	1.00E+00
500.0	1.00E+00
510.0	1.00E+00
520.0	1.00E+00
530.0	1.00E+00
540.0	1.00E+00
550.0	1.00E+00
560.0	1.00E+00
570.0	1.00E+00
580.0	1.00E+00
590.0	1.00E+00
600.0	1.00E+00
