# CMS arXiv:1603.02991, Figure 4, lower right triangle
# observed 95% exclusion limits on sigBR(pp->A->HZ->(tautau)(ll))
# mA[GeV] | mH[GeV] | sig*BR_95% [pb]
50	50	10000000
100	50	10000000
150	50	10000000
200	50	0.035
250	50	0.035
300	50	0.04
350	50	0.04
400	50	0.035
450	50	0.035
500	50	0.035
550	50	0.035
600	50	0.02
650	50	0.015
700	50	0.015
750	50	0.012
800	50	0.01
850	50	0.009
900	50	0.008
950	50	0.007
1000	50	0.007
50	100	10000000
100	100	10000000
150	100	10000000
200	100	0.02
250	100	0.015
300	100	0.009
350	100	0.004
400	100	0.007
450	100	0.006
500	100	0.005
550	100	0.004
600	100	0.003
650	100	0.003
700	100	0.003
750	100	0.003
800	100	0.003
850	100	0.004
900	100	0.004
950	100	0.004
1000	100	0.004
50	150	10000000
100	150	10000000
150	150	10000000
200	150	10000000
250	150	0.012
300	150	0.009
350	150	0.004
400	150	0.004
450	150	0.006
500	150	0.007
550	150	0.005
600	150	0.003
650	150	0.003
700	150	0.003
750	150	0.003
800	150	0.003
850	150	0.005
900	150	0.007
950	150	0.004
1000	150	0.002
50	200	0.025
100	200	0.02
150	200	10000000
200	200	10000000
250	200	10000000
300	200	0.007
350	200	0.004
400	200	0.005
450	200	0.004
500	200	0.004
550	200	0.004
600	200	0.0035
650	200	0.0035
700	200	0.0035
750	200	0.003
800	200	0.003
850	200	0.003
900	200	0.003
950	200	0.0025
1000	200	0.0015
50	250	0.03
100	250	0.015
150	250	0.012
200	250	10000000
250	250	10000000
300	250	10000000
350	250	0.006
400	250	0.004
450	250	0.004
500	250	0.004
550	250	0.006
600	250	0.008
650	250	0.005
700	250	0.002
750	250	0.002
800	250	0.002
850	250	0.002
900	250	0.003
950	250	0.002
1000	250	0.0015
50	300	0.03
100	300	0.01
150	300	0.01
200	300	0.007
250	300	10000000
300	300	10000000
350	300	10000000
400	300	0.01
450	300	0.008
500	300	0.004
550	300	0.004
600	300	0.003
650	300	0.003
700	300	0.003
750	300	0.003
800	300	0.003
850	300	0.0025
900	300	0.002
950	300	0.0035
1000	300	0.004
50	350	0.025
100	350	0.004
150	350	0.005
200	350	0.004
250	350	0.006
300	350	10000000
350	350	10000000
400	350	10000000
450	350	0.008
500	350	0.006
550	350	0.004
600	350	0.004
650	350	0.0035
700	350	0.0035
750	350	0.003
800	350	0.002
850	350	0.002
900	350	0.002
950	350	0.0025
1000	350	0.003
50	400	0.01
100	400	0.007
150	400	0.0045
200	400	0.0045
250	400	0.0045
300	400	0.01
350	400	10000000
400	400	10000000
450	400	10000000
500	400	0.004
550	400	0.004
600	400	0.004
650	400	0.003
700	400	0.003
750	400	0.003
800	400	0.003
850	400	0.002
900	400	0.002
950	400	0.002
1000	400	0.002
50	450	0.015
100	450	0.007
150	450	0.006
200	450	0.0045
250	450	0.0045
300	450	0.008
350	450	0.008
400	450	10000000
450	450	10000000
500	450	10000000
550	450	0.004
600	450	0.004
650	450	0.0035
700	450	0.003
750	450	0.0025
800	450	0.0025
850	450	0.0025
900	450	0.002
950	450	0.002
1000	450	0.002
50	500	0.015
100	500	0.005
150	500	0.007
200	500	0.004
250	500	0.004
300	500	0.0045
350	500	0.0055
400	500	0.0045
450	500	10000000
500	500	10000000
550	500	10000000
600	500	0.004
650	500	0.003
700	500	0.003
750	500	0.003
800	500	0.0025
850	500	0.002
900	500	0.002
950	500	0.002
1000	500	0.002
50	550	0.015
100	550	0.004
150	550	0.0045
200	550	0.004
250	550	0.0055
300	550	0.004
350	550	0.0045
400	550	0.004
450	550	0.004
500	550	10000000
550	550	10000000
600	550	10000000
650	550	0.0035
700	550	0.003
750	550	0.003
800	550	0.0025
850	550	0.002
900	550	0.002
950	550	0.002
1000	550	0.002
50	600	0.015
100	600	0.003
150	600	0.003
200	600	0.0035
250	600	0.008
300	600	0.003
350	600	0.004
400	600	0.004
450	600	0.004
500	600	0.004
550	600	10000000
600	600	10000000
650	600	10000000
700	600	0.003
750	600	0.003
800	600	0.0025
850	600	0.002
900	600	0.002
950	600	0.002
1000	600	0.002
50	650	0.015
100	650	0.003
150	650	0.003
200	650	0.0035
250	650	0.005
300	650	0.003
350	650	0.004
400	650	0.003
450	650	0.0035
500	650	0.003
550	650	0.0035
600	650	10000000
650	650	10000000
700	650	10000000
750	650	0.003
800	650	0.0025
850	650	0.002
900	650	0.002
950	650	0.002
1000	650	0.002
50	700	0.015
100	700	0.003
150	700	0.003
200	700	0.0035
250	700	0.002
300	700	0.003
350	700	0.004
400	700	0.003
450	700	0.003
500	700	0.003
550	700	0.003
600	700	0.003
650	700	10000000
700	700	10000000
750	700	10000000
800	700	0.0025
850	700	0.002
900	700	0.002
950	700	0.002
1000	700	0.002
50	750	0.015
100	750	0.003
150	750	0.003
200	750	0.003
250	750	0.002
300	750	0.003
350	750	0.003
400	750	0.003
450	750	0.003
500	750	0.003
550	750	0.003
600	750	0.003
650	750	0.003
700	750	10000000
750	750	10000000
800	750	10000000
850	750	0.002
900	750	0.002
950	750	0.002
1000	750	0.002
50	800	0.012
100	800	0.003
150	800	0.003
200	800	0.003
250	800	0.002
300	800	0.003
350	800	0.002
400	800	0.003
450	800	0.003
500	800	0.003
550	800	0.003
600	800	0.0025
650	800	0.0025
700	800	0.0025
750	800	10000000
800	800	10000000
850	800	10000000
900	800	0.002
950	800	0.002
1000	800	0.002
50	850	0.012
100	850	0.0035
150	850	0.005
200	850	0.003
250	850	0.002
300	850	0.0025
350	850	0.002
400	850	0.002
450	850	0.003
500	850	0.0025
550	850	0.002
600	850	0.002
650	850	0.002
700	850	0.002
750	850	0.002
800	850	10000000
850	850	10000000
900	850	10000000
950	850	0.002
1000	850	0.002
50	900	0.01
100	900	0.003
150	900	0.007
200	900	0.003
250	900	0.003
300	900	0.002
350	900	0.002
400	900	0.002
450	900	0.002
500	900	0.002
550	900	0.002
600	900	0.002
650	900	0.002
700	900	0.002
750	900	0.002
800	900	0.002
850	900	10000000
900	900	10000000
950	900	10000000
1000	900	0.002
50	950	0.01
100	950	0.003
150	950	0.005
200	950	0.003
250	950	0.0025
300	950	0.003
350	950	0.0025
400	950	0.002
450	950	0.002
500	950	0.002
550	950	0.002
600	950	0.002
650	950	0.002
700	950	0.002
750	950	0.002
800	950	0.002
850	950	0.002
900	950	10000000
950	950	10000000
1000	950	10000000
50	1000	0.01
100	1000	0.003
150	1000	0.002
200	1000	0.002
250	1000	0.002
300	1000	0.004
350	1000	0.003
400	1000	0.002
450	1000	0.002
500	1000	0.002
550	1000	0.002
600	1000	0.002
650	1000	0.002
700	1000	0.002
750	1000	0.002
800	1000	0.002
850	1000	0.002
900	1000	0.002
950	1000	10000000
1000	1000	10000000
