# ATLAS arXiv:1804.01126, Figure 5, lower right panel, data from HEPdata
# observed 95% exclusion limits on sigBR(bb->A->HZ->(bb)(ll))
# mA[GeV] | mH[GeV] | sig*BR_95% [pb]
230.0	130.0	0.427
240.0	130.0	0.573
250.0	130.0	0.287
260.0	130.0	0.288
270.0	130.0	0.405
280.0	130.0	0.396
290.0	130.0	0.275
300.0	130.0	0.2
310.0	130.0	0.162
320.0	130.0	0.192
330.0	130.0	0.262
340.0	130.0	0.273
350.0	130.0	0.215
360.0	130.0	0.142
370.0	130.0	0.143
380.0	130.0	0.148
390.0	130.0	0.18
400.0	130.0	0.14
410.0	130.0	0.141
420.0	130.0	0.193
430.0	130.0	0.174
440.0	130.0	0.227
450.0	130.0	0.225
460.0	130.0	0.205
470.0	130.0	0.178
480.0	130.0	0.199
490.0	130.0	0.211
500.0	130.0	0.217
510.0	130.0	0.253
520.0	130.0	0.232
530.0	130.0	0.158
540.0	130.0	0.158
550.0	130.0	0.119
560.0	130.0	0.129
570.0	130.0	0.134
580.0	130.0	0.116
590.0	130.0	0.128
600.0	130.0	0.118
610.0	130.0	0.11
620.0	130.0	0.102
630.0	130.0	0.0707
640.0	130.0	0.0634
650.0	130.0	0.0631
660.0	130.0	0.0889
670.0	130.0	0.0807
680.0	130.0	0.0955
690.0	130.0	0.132
700.0	130.0	0.119
710.0	130.0	0.094
720.0	130.0	0.0875
730.0	130.0	0.0761
740.0	130.0	0.0591
750.0	130.0	0.0572
760.0	130.0	0.0584
770.0	130.0	0.0571
780.0	130.0	0.0665
790.0	130.0	0.0537
800.0	130.0	0.0564
230.0	140.0	10000000
240.0	140.0	0.37
250.0	140.0	0.424
260.0	140.0	0.353
270.0	140.0	0.301
280.0	140.0	0.344
290.0	140.0	0.387
300.0	140.0	0.278
310.0	140.0	0.207
320.0	140.0	0.167
330.0	140.0	0.152
340.0	140.0	0.187
350.0	140.0	0.219
360.0	140.0	0.177
370.0	140.0	0.141
380.0	140.0	0.123
390.0	140.0	0.146
400.0	140.0	0.14
410.0	140.0	0.153
420.0	140.0	0.172
430.0	140.0	0.213
440.0	140.0	0.251
450.0	140.0	0.19
460.0	140.0	0.226
470.0	140.0	0.18
480.0	140.0	0.182
490.0	140.0	0.148
500.0	140.0	0.14
510.0	140.0	0.151
520.0	140.0	0.171
530.0	140.0	0.197
540.0	140.0	0.177
550.0	140.0	0.145
560.0	140.0	0.131
570.0	140.0	0.128
580.0	140.0	0.132
590.0	140.0	0.113
600.0	140.0	0.0977
610.0	140.0	0.0767
620.0	140.0	0.0706
630.0	140.0	0.0679
640.0	140.0	0.0622
650.0	140.0	0.0681
660.0	140.0	0.0539
670.0	140.0	0.0492
680.0	140.0	0.0449
690.0	140.0	0.0499
700.0	140.0	0.0666
710.0	140.0	0.0787
720.0	140.0	0.0867
730.0	140.0	0.0718
740.0	140.0	0.0587
750.0	140.0	0.0398
760.0	140.0	0.0321
770.0	140.0	0.0322
780.0	140.0	0.0326
790.0	140.0	0.0316
800.0	140.0	0.0318
230.0	150.0	10000000
240.0	150.0	10000000
250.0	150.0	0.404
260.0	150.0	0.283
270.0	150.0	0.334
280.0	150.0	0.259
290.0	150.0	0.273
300.0	150.0	0.355
310.0	150.0	0.219
320.0	150.0	0.234
330.0	150.0	0.152
340.0	150.0	0.148
350.0	150.0	0.187
360.0	150.0	0.198
370.0	150.0	0.224
380.0	150.0	0.15
390.0	150.0	0.128
400.0	150.0	0.124
410.0	150.0	0.146
420.0	150.0	0.129
430.0	150.0	0.152
440.0	150.0	0.195
450.0	150.0	0.234
460.0	150.0	0.263
470.0	150.0	0.242
480.0	150.0	0.212
490.0	150.0	0.17
500.0	150.0	0.151
510.0	150.0	0.133
520.0	150.0	0.109
530.0	150.0	0.13
540.0	150.0	0.126
550.0	150.0	0.137
560.0	150.0	0.121
570.0	150.0	0.0853
580.0	150.0	0.084
590.0	150.0	0.0933
600.0	150.0	0.0818
610.0	150.0	0.0782
620.0	150.0	0.0729
630.0	150.0	0.0689
640.0	150.0	0.0544
650.0	150.0	0.0557
660.0	150.0	0.0443
670.0	150.0	0.0515
680.0	150.0	0.0421
690.0	150.0	0.0401
700.0	150.0	0.0386
710.0	150.0	0.0433
720.0	150.0	0.0389
730.0	150.0	0.0486
740.0	150.0	0.0577
750.0	150.0	0.0607
760.0	150.0	0.0514
770.0	150.0	0.0491
780.0	150.0	0.0347
790.0	150.0	0.0291
800.0	150.0	0.0276
230.0	160.0	10000000
240.0	160.0	10000000
250.0	160.0	10000000
260.0	160.0	0.294
270.0	160.0	0.244
280.0	160.0	0.246
290.0	160.0	0.264
300.0	160.0	0.248
310.0	160.0	0.314
320.0	160.0	0.187
330.0	160.0	0.193
340.0	160.0	0.147
350.0	160.0	0.125
360.0	160.0	0.141
370.0	160.0	0.141
380.0	160.0	0.162
390.0	160.0	0.163
400.0	160.0	0.13
410.0	160.0	0.136
420.0	160.0	0.164
430.0	160.0	0.122
440.0	160.0	0.127
450.0	160.0	0.145
460.0	160.0	0.161
470.0	160.0	0.23
480.0	160.0	0.197
490.0	160.0	0.184
500.0	160.0	0.151
510.0	160.0	0.137
520.0	160.0	0.117
530.0	160.0	0.106
540.0	160.0	0.0897
550.0	160.0	0.1
560.0	160.0	0.101
570.0	160.0	0.118
580.0	160.0	0.117
590.0	160.0	0.0807
600.0	160.0	0.0837
610.0	160.0	0.0759
620.0	160.0	0.0674
630.0	160.0	0.0677
640.0	160.0	0.0651
650.0	160.0	0.061
660.0	160.0	0.0715
670.0	160.0	0.0609
680.0	160.0	0.0647
690.0	160.0	0.0601
700.0	160.0	0.0403
710.0	160.0	0.039
720.0	160.0	0.042
730.0	160.0	0.0404
740.0	160.0	0.0454
750.0	160.0	0.0572
760.0	160.0	0.0589
770.0	160.0	0.0561
780.0	160.0	0.0435
790.0	160.0	0.0432
800.0	160.0	0.0298
230.0	170.0	10000000
240.0	170.0	10000000
250.0	170.0	10000000
260.0	170.0	10000000
270.0	170.0	0.234
280.0	170.0	0.285
290.0	170.0	0.49
300.0	170.0	0.418
310.0	170.0	0.222
320.0	170.0	0.231
330.0	170.0	0.154
340.0	170.0	0.211
350.0	170.0	0.147
360.0	170.0	0.146
370.0	170.0	0.155
380.0	170.0	0.122
390.0	170.0	0.132
400.0	170.0	0.125
410.0	170.0	0.0993
420.0	170.0	0.113
430.0	170.0	0.119
440.0	170.0	0.111
450.0	170.0	0.0882
460.0	170.0	0.108
470.0	170.0	0.124
480.0	170.0	0.16
490.0	170.0	0.166
500.0	170.0	0.141
510.0	170.0	0.143
520.0	170.0	0.113
530.0	170.0	0.124
540.0	170.0	0.0871
550.0	170.0	0.0863
560.0	170.0	0.0783
570.0	170.0	0.0824
580.0	170.0	0.0986
590.0	170.0	0.11
600.0	170.0	0.115
610.0	170.0	0.0937
620.0	170.0	0.0874
630.0	170.0	0.0887
640.0	170.0	0.0755
650.0	170.0	0.072
660.0	170.0	0.0732
670.0	170.0	0.0689
680.0	170.0	0.0838
690.0	170.0	0.0746
700.0	170.0	0.0847
710.0	170.0	0.0677
720.0	170.0	0.0447
730.0	170.0	0.0332
740.0	170.0	0.0366
750.0	170.0	0.0349
760.0	170.0	0.0433
770.0	170.0	0.0486
780.0	170.0	0.0612
790.0	170.0	0.0542
800.0	170.0	0.0576
230.0	180.0	10000000
240.0	180.0	10000000
250.0	180.0	10000000
260.0	180.0	10000000
270.0	180.0	10000000
280.0	180.0	0.215
290.0	180.0	0.233
300.0	180.0	0.498
310.0	180.0	0.295
320.0	180.0	0.194
330.0	180.0	0.221
340.0	180.0	0.168
350.0	180.0	0.184
360.0	180.0	0.131
370.0	180.0	0.155
380.0	180.0	0.192
390.0	180.0	0.128
400.0	180.0	0.129
410.0	180.0	0.166
420.0	180.0	0.104
430.0	180.0	0.112
440.0	180.0	0.1
450.0	180.0	0.0952
460.0	180.0	0.0711
470.0	180.0	0.0788
480.0	180.0	0.0697
490.0	180.0	0.0931
500.0	180.0	0.0989
510.0	180.0	0.112
520.0	180.0	0.144
530.0	180.0	0.111
540.0	180.0	0.101
550.0	180.0	0.0877
560.0	180.0	0.0639
570.0	180.0	0.0447
580.0	180.0	0.0562
590.0	180.0	0.0473
600.0	180.0	0.0562
610.0	180.0	0.077
620.0	180.0	0.0624
630.0	180.0	0.0553
640.0	180.0	0.056
650.0	180.0	0.0596
660.0	180.0	0.057
670.0	180.0	0.0578
680.0	180.0	0.0675
690.0	180.0	0.0574
700.0	180.0	0.0694
710.0	180.0	0.059
720.0	180.0	0.0721
730.0	180.0	0.0586
740.0	180.0	0.0469
750.0	180.0	0.0375
760.0	180.0	0.0441
770.0	180.0	0.0357
780.0	180.0	0.0526
790.0	180.0	0.0571
800.0	180.0	0.0634
230.0	190.0	10000000
240.0	190.0	10000000
250.0	190.0	10000000
260.0	190.0	10000000
270.0	190.0	10000000
280.0	190.0	10000000
290.0	190.0	0.214
300.0	190.0	0.191
310.0	190.0	0.4
320.0	190.0	0.294
330.0	190.0	0.145
340.0	190.0	0.166
350.0	190.0	0.186
360.0	190.0	0.191
370.0	190.0	0.128
380.0	190.0	0.142
390.0	190.0	0.201
400.0	190.0	0.164
410.0	190.0	0.176
420.0	190.0	0.178
430.0	190.0	0.143
440.0	190.0	0.0972
450.0	190.0	0.0953
460.0	190.0	0.083
470.0	190.0	0.0645
480.0	190.0	0.05
490.0	190.0	0.056
500.0	190.0	0.0575
510.0	190.0	0.0543
520.0	190.0	0.0666
530.0	190.0	0.0962
540.0	190.0	0.0956
550.0	190.0	0.0889
560.0	190.0	0.0792
570.0	190.0	0.0627
580.0	190.0	0.0556
590.0	190.0	0.0422
600.0	190.0	0.0437
610.0	190.0	0.0417
620.0	190.0	0.0506
630.0	190.0	0.0618
640.0	190.0	0.0554
650.0	190.0	0.0608
660.0	190.0	0.0619
670.0	190.0	0.0616
680.0	190.0	0.0639
690.0	190.0	0.0587
700.0	190.0	0.0719
710.0	190.0	0.0557
720.0	190.0	0.0633
730.0	190.0	0.0488
740.0	190.0	0.0615
750.0	190.0	0.0518
760.0	190.0	0.0404
770.0	190.0	0.0292
780.0	190.0	0.0378
790.0	190.0	0.0294
800.0	190.0	0.0336
230.0	200.0	10000000
240.0	200.0	10000000
250.0	200.0	10000000
260.0	200.0	10000000
270.0	200.0	10000000
280.0	200.0	10000000
290.0	200.0	10000000
300.0	200.0	0.258
310.0	200.0	0.229
320.0	200.0	0.368
330.0	200.0	0.262
340.0	200.0	0.199
350.0	200.0	0.206
360.0	200.0	0.247
370.0	200.0	0.191
380.0	200.0	0.167
390.0	200.0	0.189
400.0	200.0	0.211
410.0	200.0	0.194
420.0	200.0	0.162
430.0	200.0	0.207
440.0	200.0	0.163
450.0	200.0	0.109
460.0	200.0	0.098
470.0	200.0	0.0981
480.0	200.0	0.0896
490.0	200.0	0.0646
500.0	200.0	0.0613
510.0	200.0	0.056
520.0	200.0	0.0614
530.0	200.0	0.0522
540.0	200.0	0.0597
550.0	200.0	0.0822
560.0	200.0	0.0855
570.0	200.0	0.0888
580.0	200.0	0.0871
590.0	200.0	0.0581
600.0	200.0	0.0496
610.0	200.0	0.0476
620.0	200.0	0.0389
630.0	200.0	0.0457
640.0	200.0	0.0566
650.0	200.0	0.0584
660.0	200.0	0.0552
670.0	200.0	0.0603
680.0	200.0	0.0741
690.0	200.0	0.0628
700.0	200.0	0.0603
710.0	200.0	0.0643
720.0	200.0	0.0723
730.0	200.0	0.0649
740.0	200.0	0.0788
750.0	200.0	0.0657
760.0	200.0	0.0698
770.0	200.0	0.0581
780.0	200.0	0.0385
790.0	200.0	0.03
800.0	200.0	0.0338
230.0	210.0	10000000
240.0	210.0	10000000
250.0	210.0	10000000
260.0	210.0	10000000
270.0	210.0	10000000
280.0	210.0	10000000
290.0	210.0	10000000
300.0	210.0	10000000
310.0	210.0	0.293
320.0	210.0	0.29
330.0	210.0	0.324
340.0	210.0	0.269
350.0	210.0	0.239
360.0	210.0	0.249
370.0	210.0	0.294
380.0	210.0	0.201
390.0	210.0	0.189
400.0	210.0	0.211
410.0	210.0	0.226
420.0	210.0	0.232
430.0	210.0	0.168
440.0	210.0	0.202
450.0	210.0	0.154
460.0	210.0	0.121
470.0	210.0	0.109
480.0	210.0	0.118
490.0	210.0	0.127
500.0	210.0	0.0923
510.0	210.0	0.0738
520.0	210.0	0.0617
530.0	210.0	0.0677
540.0	210.0	0.0593
550.0	210.0	0.062
560.0	210.0	0.0849
570.0	210.0	0.0868
580.0	210.0	0.105
590.0	210.0	0.113
600.0	210.0	0.09
610.0	210.0	0.0832
620.0	210.0	0.06
630.0	210.0	0.0568
640.0	210.0	0.0462
650.0	210.0	0.0513
660.0	210.0	0.0636
670.0	210.0	0.0688
680.0	210.0	0.0601
690.0	210.0	0.0761
700.0	210.0	0.073
710.0	210.0	0.057
720.0	210.0	0.0619
730.0	210.0	0.0604
740.0	210.0	0.0632
750.0	210.0	0.0693
760.0	210.0	0.0767
770.0	210.0	0.0667
780.0	210.0	0.071
790.0	210.0	0.0511
800.0	210.0	0.0414
230.0	220.0	10000000
240.0	220.0	10000000
250.0	220.0	10000000
260.0	220.0	10000000
270.0	220.0	10000000
280.0	220.0	10000000
290.0	220.0	10000000
300.0	220.0	10000000
310.0	220.0	10000000
320.0	220.0	0.267
330.0	220.0	0.192
340.0	220.0	0.32
350.0	220.0	0.251
360.0	220.0	0.235
370.0	220.0	0.192
380.0	220.0	0.282
390.0	220.0	0.182
400.0	220.0	0.205
410.0	220.0	0.185
420.0	220.0	0.193
430.0	220.0	0.203
440.0	220.0	0.17
450.0	220.0	0.196
460.0	220.0	0.183
470.0	220.0	0.118
480.0	220.0	0.129
490.0	220.0	0.128
500.0	220.0	0.119
510.0	220.0	0.108
520.0	220.0	0.085
530.0	220.0	0.0767
540.0	220.0	0.0717
550.0	220.0	0.0689
560.0	220.0	0.0624
570.0	220.0	0.0615
580.0	220.0	0.0681
590.0	220.0	0.0886
600.0	220.0	0.0949
610.0	220.0	0.0877
620.0	220.0	0.0728
630.0	220.0	0.0652
640.0	220.0	0.0533
650.0	220.0	0.0506
660.0	220.0	0.0456
670.0	220.0	0.059
680.0	220.0	0.0674
690.0	220.0	0.0772
700.0	220.0	0.074
710.0	220.0	0.0724
720.0	220.0	0.0598
730.0	220.0	0.0535
740.0	220.0	0.056
750.0	220.0	0.0511
760.0	220.0	0.0559
770.0	220.0	0.063
780.0	220.0	0.0621
790.0	220.0	0.0671
800.0	220.0	0.076
230.0	230.0	10000000
240.0	230.0	10000000
250.0	230.0	10000000
260.0	230.0	10000000
270.0	230.0	10000000
280.0	230.0	10000000
290.0	230.0	10000000
300.0	230.0	10000000
310.0	230.0	10000000
320.0	230.0	10000000
330.0	230.0	0.223
340.0	230.0	0.18
350.0	230.0	0.366
360.0	230.0	0.257
370.0	230.0	0.201
380.0	230.0	0.131
390.0	230.0	0.161
400.0	230.0	0.162
410.0	230.0	0.218
420.0	230.0	0.194
430.0	230.0	0.196
440.0	230.0	0.204
450.0	230.0	0.148
460.0	230.0	0.155
470.0	230.0	0.164
480.0	230.0	0.112
490.0	230.0	0.133
500.0	230.0	0.119
510.0	230.0	0.121
520.0	230.0	0.0959
530.0	230.0	0.0839
540.0	230.0	0.0865
550.0	230.0	0.0644
560.0	230.0	0.0823
570.0	230.0	0.0663
580.0	230.0	0.0606
590.0	230.0	0.0659
600.0	230.0	0.0771
610.0	230.0	0.0932
620.0	230.0	0.106
630.0	230.0	0.0811
640.0	230.0	0.063
650.0	230.0	0.0507
660.0	230.0	0.0512
670.0	230.0	0.0447
680.0	230.0	0.0614
690.0	230.0	0.0867
700.0	230.0	0.0852
710.0	230.0	0.0922
720.0	230.0	0.0922
730.0	230.0	0.0752
740.0	230.0	0.0612
750.0	230.0	0.0656
760.0	230.0	0.0653
770.0	230.0	0.0559
780.0	230.0	0.0578
790.0	230.0	0.0537
800.0	230.0	0.0567
230.0	240.0	10000000
240.0	240.0	10000000
250.0	240.0	10000000
260.0	240.0	10000000
270.0	240.0	10000000
280.0	240.0	10000000
290.0	240.0	10000000
300.0	240.0	10000000
310.0	240.0	10000000
320.0	240.0	10000000
330.0	240.0	10000000
340.0	240.0	0.194
350.0	240.0	0.11
360.0	240.0	0.274
370.0	240.0	0.188
380.0	240.0	0.149
390.0	240.0	0.109
400.0	240.0	0.146
410.0	240.0	0.202
420.0	240.0	0.232
430.0	240.0	0.198
440.0	240.0	0.211
450.0	240.0	0.165
460.0	240.0	0.113
470.0	240.0	0.112
480.0	240.0	0.143
490.0	240.0	0.11
500.0	240.0	0.118
510.0	240.0	0.13
520.0	240.0	0.134
530.0	240.0	0.126
540.0	240.0	0.104
550.0	240.0	0.0889
560.0	240.0	0.08
570.0	240.0	0.0768
580.0	240.0	0.063
590.0	240.0	0.0505
600.0	240.0	0.0537
610.0	240.0	0.0592
620.0	240.0	0.0652
630.0	240.0	0.0753
640.0	240.0	0.0675
650.0	240.0	0.0521
660.0	240.0	0.0451
670.0	240.0	0.0415
680.0	240.0	0.0403
690.0	240.0	0.0402
700.0	240.0	0.0441
710.0	240.0	0.0594
720.0	240.0	0.0632
730.0	240.0	0.0686
740.0	240.0	0.071
750.0	240.0	0.0642
760.0	240.0	0.0649
770.0	240.0	0.0599
780.0	240.0	0.0497
790.0	240.0	0.0565
800.0	240.0	0.0474
230.0	250.0	10000000
240.0	250.0	10000000
250.0	250.0	10000000
260.0	250.0	10000000
270.0	250.0	10000000
280.0	250.0	10000000
290.0	250.0	10000000
300.0	250.0	10000000
310.0	250.0	10000000
320.0	250.0	10000000
330.0	250.0	10000000
340.0	250.0	10000000
350.0	250.0	0.251
360.0	250.0	0.113
370.0	250.0	0.225
380.0	250.0	0.173
390.0	250.0	0.137
400.0	250.0	0.101
410.0	250.0	0.15
420.0	250.0	0.212
430.0	250.0	0.226
440.0	250.0	0.203
450.0	250.0	0.199
460.0	250.0	0.136
470.0	250.0	0.105
480.0	250.0	0.114
490.0	250.0	0.147
500.0	250.0	0.118
510.0	250.0	0.142
520.0	250.0	0.14
530.0	250.0	0.119
540.0	250.0	0.0946
550.0	250.0	0.0952
560.0	250.0	0.106
570.0	250.0	0.0931
580.0	250.0	0.0772
590.0	250.0	0.078
600.0	250.0	0.06
610.0	250.0	0.05
620.0	250.0	0.0537
630.0	250.0	0.0526
640.0	250.0	0.067
650.0	250.0	0.0704
660.0	250.0	0.0532
670.0	250.0	0.0533
680.0	250.0	0.0454
690.0	250.0	0.0489
700.0	250.0	0.0488
710.0	250.0	0.05
720.0	250.0	0.0586
730.0	250.0	0.0584
740.0	250.0	0.0625
750.0	250.0	0.0628
760.0	250.0	0.0603
770.0	250.0	0.0568
780.0	250.0	0.0582
790.0	250.0	0.0574
800.0	250.0	0.0519
230.0	260.0	10000000
240.0	260.0	10000000
250.0	260.0	10000000
260.0	260.0	10000000
270.0	260.0	10000000
280.0	260.0	10000000
290.0	260.0	10000000
300.0	260.0	10000000
310.0	260.0	10000000
320.0	260.0	10000000
330.0	260.0	10000000
340.0	260.0	10000000
350.0	260.0	10000000
360.0	260.0	0.27
370.0	260.0	0.102
380.0	260.0	0.23
390.0	260.0	0.169
400.0	260.0	0.155
410.0	260.0	0.111
420.0	260.0	0.17
430.0	260.0	0.183
440.0	260.0	0.167
450.0	260.0	0.17
460.0	260.0	0.158
470.0	260.0	0.125
480.0	260.0	0.115
490.0	260.0	0.106
500.0	260.0	0.112
510.0	260.0	0.0713
520.0	260.0	0.0692
530.0	260.0	0.0797
540.0	260.0	0.0832
550.0	260.0	0.073
560.0	260.0	0.0571
570.0	260.0	0.0653
580.0	260.0	0.0754
590.0	260.0	0.0526
600.0	260.0	0.0596
610.0	260.0	0.0525
620.0	260.0	0.0484
630.0	260.0	0.0587
640.0	260.0	0.0562
650.0	260.0	0.0698
660.0	260.0	0.08
670.0	260.0	0.0657
680.0	260.0	0.0559
690.0	260.0	0.0562
700.0	260.0	0.0532
710.0	260.0	0.0576
720.0	260.0	0.0553
730.0	260.0	0.0498
740.0	260.0	0.0525
750.0	260.0	0.0455
760.0	260.0	0.051
770.0	260.0	0.0541
780.0	260.0	0.0471
790.0	260.0	0.0516
800.0	260.0	0.0507
230.0	270.0	10000000
240.0	270.0	10000000
250.0	270.0	10000000
260.0	270.0	10000000
270.0	270.0	10000000
280.0	270.0	10000000
290.0	270.0	10000000
300.0	270.0	10000000
310.0	270.0	10000000
320.0	270.0	10000000
330.0	270.0	10000000
340.0	270.0	10000000
350.0	270.0	10000000
360.0	270.0	10000000
370.0	270.0	0.26
380.0	270.0	0.139
390.0	270.0	0.229
400.0	270.0	0.205
410.0	270.0	0.198
420.0	270.0	0.123
430.0	270.0	0.168
440.0	270.0	0.19
450.0	270.0	0.168
460.0	270.0	0.166
470.0	270.0	0.177
480.0	270.0	0.124
490.0	270.0	0.104
500.0	270.0	0.105
510.0	270.0	0.0948
520.0	270.0	0.0767
530.0	270.0	0.0701
540.0	270.0	0.0801
550.0	270.0	0.0793
560.0	270.0	0.0732
570.0	270.0	0.0565
580.0	270.0	0.0722
590.0	270.0	0.0715
600.0	270.0	0.0714
610.0	270.0	0.0672
620.0	270.0	0.066
630.0	270.0	0.0528
640.0	270.0	0.0571
650.0	270.0	0.0588
660.0	270.0	0.0624
670.0	270.0	0.0646
680.0	270.0	0.0702
690.0	270.0	0.0512
700.0	270.0	0.056
710.0	270.0	0.0581
720.0	270.0	0.0609
730.0	270.0	0.0618
740.0	270.0	0.0503
750.0	270.0	0.0503
760.0	270.0	0.0548
770.0	270.0	0.0555
780.0	270.0	0.06
790.0	270.0	0.0505
800.0	270.0	0.0434
230.0	280.0	10000000
240.0	280.0	10000000
250.0	280.0	10000000
260.0	280.0	10000000
270.0	280.0	10000000
280.0	280.0	10000000
290.0	280.0	10000000
300.0	280.0	10000000
310.0	280.0	10000000
320.0	280.0	10000000
330.0	280.0	10000000
340.0	280.0	10000000
350.0	280.0	10000000
360.0	280.0	10000000
370.0	280.0	10000000
380.0	280.0	0.216
390.0	280.0	0.132
400.0	280.0	0.242
410.0	280.0	0.184
420.0	280.0	0.144
430.0	280.0	0.103
440.0	280.0	0.139
450.0	280.0	0.15
460.0	280.0	0.108
470.0	280.0	0.11
480.0	280.0	0.141
490.0	280.0	0.0987
500.0	280.0	0.105
510.0	280.0	0.0906
520.0	280.0	0.0868
530.0	280.0	0.063
540.0	280.0	0.0523
550.0	280.0	0.0617
560.0	280.0	0.0562
570.0	280.0	0.0453
580.0	280.0	0.0426
590.0	280.0	0.0563
600.0	280.0	0.0671
610.0	280.0	0.072
620.0	280.0	0.0581
630.0	280.0	0.0663
640.0	280.0	0.059
650.0	280.0	0.0516
660.0	280.0	0.0503
670.0	280.0	0.0531
680.0	280.0	0.0658
690.0	280.0	0.0694
700.0	280.0	0.0567
710.0	280.0	0.0578
720.0	280.0	0.0626
730.0	280.0	0.0575
740.0	280.0	0.0663
750.0	280.0	0.063
760.0	280.0	0.0529
770.0	280.0	0.0482
780.0	280.0	0.0454
790.0	280.0	0.0517
800.0	280.0	0.0524
230.0	290.0	10000000
240.0	290.0	10000000
250.0	290.0	10000000
260.0	290.0	10000000
270.0	290.0	10000000
280.0	290.0	10000000
290.0	290.0	10000000
300.0	290.0	10000000
310.0	290.0	10000000
320.0	290.0	10000000
330.0	290.0	10000000
340.0	290.0	10000000
350.0	290.0	10000000
360.0	290.0	10000000
370.0	290.0	10000000
380.0	290.0	10000000
390.0	290.0	0.188
400.0	290.0	0.106
410.0	290.0	0.173
420.0	290.0	0.163
430.0	290.0	0.131
440.0	290.0	0.0899
450.0	290.0	0.116
460.0	290.0	0.144
470.0	290.0	0.0823
480.0	290.0	0.077
490.0	290.0	0.0969
500.0	290.0	0.0682
510.0	290.0	0.0749
520.0	290.0	0.0808
530.0	290.0	0.0759
540.0	290.0	0.0612
550.0	290.0	0.0522
560.0	290.0	0.0545
570.0	290.0	0.0547
580.0	290.0	0.0413
590.0	290.0	0.0459
600.0	290.0	0.0541
610.0	290.0	0.0671
620.0	290.0	0.0838
630.0	290.0	0.0622
640.0	290.0	0.0586
650.0	290.0	0.0601
660.0	290.0	0.0505
670.0	290.0	0.0536
680.0	290.0	0.0563
690.0	290.0	0.0597
700.0	290.0	0.0719
710.0	290.0	0.0633
720.0	290.0	0.0595
730.0	290.0	0.0525
740.0	290.0	0.0602
750.0	290.0	0.0719
760.0	290.0	0.0794
770.0	290.0	0.0619
780.0	290.0	0.0509
790.0	290.0	0.0514
800.0	290.0	0.0499
230.0	300.0	10000000
240.0	300.0	10000000
250.0	300.0	10000000
260.0	300.0	10000000
270.0	300.0	10000000
280.0	300.0	10000000
290.0	300.0	10000000
300.0	300.0	10000000
310.0	300.0	10000000
320.0	300.0	10000000
330.0	300.0	10000000
340.0	300.0	10000000
350.0	300.0	10000000
360.0	300.0	10000000
370.0	300.0	10000000
380.0	300.0	10000000
390.0	300.0	10000000
400.0	300.0	0.165
410.0	300.0	0.104
420.0	300.0	0.178
430.0	300.0	0.188
440.0	300.0	0.101
450.0	300.0	0.0631
460.0	300.0	0.0874
470.0	300.0	0.112
480.0	300.0	0.0763
490.0	300.0	0.0756
500.0	300.0	0.0825
510.0	300.0	0.076
520.0	300.0	0.076
530.0	300.0	0.0915
540.0	300.0	0.094
550.0	300.0	0.0804
560.0	300.0	0.0598
570.0	300.0	0.0789
580.0	300.0	0.0625
590.0	300.0	0.0504
600.0	300.0	0.0441
610.0	300.0	0.0516
620.0	300.0	0.0668
630.0	300.0	0.0832
640.0	300.0	0.0688
650.0	300.0	0.0546
660.0	300.0	0.0617
670.0	300.0	0.051
680.0	300.0	0.0531
690.0	300.0	0.0548
700.0	300.0	0.06
710.0	300.0	0.0617
720.0	300.0	0.0599
730.0	300.0	0.0515
740.0	300.0	0.0494
750.0	300.0	0.0521
760.0	300.0	0.058
770.0	300.0	0.0772
780.0	300.0	0.0553
790.0	300.0	0.0506
800.0	300.0	0.0426
230.0	310.0	10000000
240.0	310.0	10000000
250.0	310.0	10000000
260.0	310.0	10000000
270.0	310.0	10000000
280.0	310.0	10000000
290.0	310.0	10000000
300.0	310.0	10000000
310.0	310.0	10000000
320.0	310.0	10000000
330.0	310.0	10000000
340.0	310.0	10000000
350.0	310.0	10000000
360.0	310.0	10000000
370.0	310.0	10000000
380.0	310.0	10000000
390.0	310.0	10000000
400.0	310.0	10000000
410.0	310.0	0.133
420.0	310.0	0.101
430.0	310.0	0.164
440.0	310.0	0.162
450.0	310.0	0.0949
460.0	310.0	0.0605
470.0	310.0	0.0757
480.0	310.0	0.107
490.0	310.0	0.0795
500.0	310.0	0.0845
510.0	310.0	0.0905
520.0	310.0	0.0968
530.0	310.0	0.0728
540.0	310.0	0.0815
550.0	310.0	0.0827
560.0	310.0	0.0653
570.0	310.0	0.0524
580.0	310.0	0.0529
590.0	310.0	0.0503
600.0	310.0	0.0474
610.0	310.0	0.0461
620.0	310.0	0.0552
630.0	310.0	0.0634
640.0	310.0	0.085
650.0	310.0	0.0823
660.0	310.0	0.0661
670.0	310.0	0.0608
680.0	310.0	0.0526
690.0	310.0	0.0539
700.0	310.0	0.0522
710.0	310.0	0.0572
720.0	310.0	0.0532
730.0	310.0	0.0562
740.0	310.0	0.0525
750.0	310.0	0.0523
760.0	310.0	0.0536
770.0	310.0	0.0509
780.0	310.0	0.0702
790.0	310.0	0.0642
800.0	310.0	0.0542
230.0	320.0	10000000
240.0	320.0	10000000
250.0	320.0	10000000
260.0	320.0	10000000
270.0	320.0	10000000
280.0	320.0	10000000
290.0	320.0	10000000
300.0	320.0	10000000
310.0	320.0	10000000
320.0	320.0	10000000
330.0	320.0	10000000
340.0	320.0	10000000
350.0	320.0	10000000
360.0	320.0	10000000
370.0	320.0	10000000
380.0	320.0	10000000
390.0	320.0	10000000
400.0	320.0	10000000
410.0	320.0	10000000
420.0	320.0	0.14
430.0	320.0	0.0971
440.0	320.0	0.131
450.0	320.0	0.141
460.0	320.0	0.0998
470.0	320.0	0.0556
480.0	320.0	0.0634
490.0	320.0	0.0571
500.0	320.0	0.0612
510.0	320.0	0.0566
520.0	320.0	0.0637
530.0	320.0	0.072
540.0	320.0	0.0581
550.0	320.0	0.0702
560.0	320.0	0.0887
570.0	320.0	0.0536
580.0	320.0	0.053
590.0	320.0	0.05
600.0	320.0	0.0543
610.0	320.0	0.0451
620.0	320.0	0.039
630.0	320.0	0.0532
640.0	320.0	0.059
650.0	320.0	0.0774
660.0	320.0	0.0875
670.0	320.0	0.0717
680.0	320.0	0.0631
690.0	320.0	0.0744
700.0	320.0	0.0641
710.0	320.0	0.0773
720.0	320.0	0.0793
730.0	320.0	0.0733
740.0	320.0	0.0721
750.0	320.0	0.063
760.0	320.0	0.0506
770.0	320.0	0.0535
780.0	320.0	0.0582
790.0	320.0	0.0545
800.0	320.0	0.0596
230.0	330.0	10000000
240.0	330.0	10000000
250.0	330.0	10000000
260.0	330.0	10000000
270.0	330.0	10000000
280.0	330.0	10000000
290.0	330.0	10000000
300.0	330.0	10000000
310.0	330.0	10000000
320.0	330.0	10000000
330.0	330.0	10000000
340.0	330.0	10000000
350.0	330.0	10000000
360.0	330.0	10000000
370.0	330.0	10000000
380.0	330.0	10000000
390.0	330.0	10000000
400.0	330.0	10000000
410.0	330.0	10000000
420.0	330.0	10000000
430.0	330.0	0.0818
440.0	330.0	0.0917
450.0	330.0	0.117
460.0	330.0	0.139
470.0	330.0	0.107
480.0	330.0	0.0632
490.0	330.0	0.0521
500.0	330.0	0.0454
510.0	330.0	0.0448
520.0	330.0	0.0562
530.0	330.0	0.0533
540.0	330.0	0.0581
550.0	330.0	0.0441
560.0	330.0	0.0477
570.0	330.0	0.0753
580.0	330.0	0.0611
590.0	330.0	0.0448
600.0	330.0	0.0487
610.0	330.0	0.0487
620.0	330.0	0.042
630.0	330.0	0.0464
640.0	330.0	0.0561
650.0	330.0	0.0558
660.0	330.0	0.0523
670.0	330.0	0.0591
680.0	330.0	0.0458
690.0	330.0	0.0466
700.0	330.0	0.0541
710.0	330.0	0.0535
720.0	330.0	0.0579
730.0	330.0	0.0757
740.0	330.0	0.068
750.0	330.0	0.0577
760.0	330.0	0.0541
770.0	330.0	0.0441
780.0	330.0	0.039
790.0	330.0	0.0468
800.0	330.0	0.0478
230.0	340.0	10000000
240.0	340.0	10000000
250.0	340.0	10000000
260.0	340.0	10000000
270.0	340.0	10000000
280.0	340.0	10000000
290.0	340.0	10000000
300.0	340.0	10000000
310.0	340.0	10000000
320.0	340.0	10000000
330.0	340.0	10000000
340.0	340.0	10000000
350.0	340.0	10000000
360.0	340.0	10000000
370.0	340.0	10000000
380.0	340.0	10000000
390.0	340.0	10000000
400.0	340.0	10000000
410.0	340.0	10000000
420.0	340.0	10000000
430.0	340.0	10000000
440.0	340.0	0.0934
450.0	340.0	0.107
460.0	340.0	0.14
470.0	340.0	0.142
480.0	340.0	0.123
490.0	340.0	0.0686
500.0	340.0	0.0529
510.0	340.0	0.0494
520.0	340.0	0.0507
530.0	340.0	0.0611
540.0	340.0	0.0639
550.0	340.0	0.0747
560.0	340.0	0.0531
570.0	340.0	0.0508
580.0	340.0	0.0729
590.0	340.0	0.06
600.0	340.0	0.0482
610.0	340.0	0.0509
620.0	340.0	0.0561
630.0	340.0	0.0471
640.0	340.0	0.0671
650.0	340.0	0.0602
660.0	340.0	0.063
670.0	340.0	0.0521
680.0	340.0	0.0593
690.0	340.0	0.0469
700.0	340.0	0.048
710.0	340.0	0.0512
720.0	340.0	0.0703
730.0	340.0	0.0671
740.0	340.0	0.0665
750.0	340.0	0.0706
760.0	340.0	0.0553
770.0	340.0	0.0643
780.0	340.0	0.0547
790.0	340.0	0.051
800.0	340.0	0.0495
230.0	350.0	10000000
240.0	350.0	10000000
250.0	350.0	10000000
260.0	350.0	10000000
270.0	350.0	10000000
280.0	350.0	10000000
290.0	350.0	10000000
300.0	350.0	10000000
310.0	350.0	10000000
320.0	350.0	10000000
330.0	350.0	10000000
340.0	350.0	10000000
350.0	350.0	10000000
360.0	350.0	10000000
370.0	350.0	10000000
380.0	350.0	10000000
390.0	350.0	10000000
400.0	350.0	10000000
410.0	350.0	10000000
420.0	350.0	10000000
430.0	350.0	10000000
440.0	350.0	10000000
450.0	350.0	0.0727
460.0	350.0	0.0854
470.0	350.0	0.122
480.0	350.0	0.138
490.0	350.0	0.103
500.0	350.0	0.0582
510.0	350.0	0.0582
520.0	350.0	0.0511
530.0	350.0	0.0742
540.0	350.0	0.0927
550.0	350.0	0.0804
560.0	350.0	0.107
570.0	350.0	0.0793
580.0	350.0	0.0593
590.0	350.0	0.0595
600.0	350.0	0.0534
610.0	350.0	0.0444
620.0	350.0	0.0419
630.0	350.0	0.0462
640.0	350.0	0.0391
650.0	350.0	0.0428
660.0	350.0	0.0454
670.0	350.0	0.0576
680.0	350.0	0.0588
690.0	350.0	0.0592
700.0	350.0	0.0542
710.0	350.0	0.0458
720.0	350.0	0.0497
730.0	350.0	0.0792
740.0	350.0	0.0655
750.0	350.0	0.0739
760.0	350.0	0.0761
770.0	350.0	0.0523
780.0	350.0	0.0581
790.0	350.0	0.0546
800.0	350.0	0.0547
230.0	360.0	10000000
240.0	360.0	10000000
250.0	360.0	10000000
260.0	360.0	10000000
270.0	360.0	10000000
280.0	360.0	10000000
290.0	360.0	10000000
300.0	360.0	10000000
310.0	360.0	10000000
320.0	360.0	10000000
330.0	360.0	10000000
340.0	360.0	10000000
350.0	360.0	10000000
360.0	360.0	10000000
370.0	360.0	10000000
380.0	360.0	10000000
390.0	360.0	10000000
400.0	360.0	10000000
410.0	360.0	10000000
420.0	360.0	10000000
430.0	360.0	10000000
440.0	360.0	10000000
450.0	360.0	10000000
460.0	360.0	0.0697
470.0	360.0	0.0993
480.0	360.0	0.109
490.0	360.0	0.151
500.0	360.0	0.115
510.0	360.0	0.0653
520.0	360.0	0.062
530.0	360.0	0.0645
540.0	360.0	0.0912
550.0	360.0	0.0827
560.0	360.0	0.068
570.0	360.0	0.1
580.0	360.0	0.0619
590.0	360.0	0.0454
600.0	360.0	0.0485
610.0	360.0	0.0548
620.0	360.0	0.0466
630.0	360.0	0.0449
640.0	360.0	0.048
650.0	360.0	0.0371
660.0	360.0	0.0445
670.0	360.0	0.0394
680.0	360.0	0.0599
690.0	360.0	0.0589
700.0	360.0	0.0527
710.0	360.0	0.0542
720.0	360.0	0.0485
730.0	360.0	0.0441
740.0	360.0	0.0694
750.0	360.0	0.0686
760.0	360.0	0.0728
770.0	360.0	0.0857
780.0	360.0	0.0609
790.0	360.0	0.0478
800.0	360.0	0.0384
230.0	370.0	10000000
240.0	370.0	10000000
250.0	370.0	10000000
260.0	370.0	10000000
270.0	370.0	10000000
280.0	370.0	10000000
290.0	370.0	10000000
300.0	370.0	10000000
310.0	370.0	10000000
320.0	370.0	10000000
330.0	370.0	10000000
340.0	370.0	10000000
350.0	370.0	10000000
360.0	370.0	10000000
370.0	370.0	10000000
380.0	370.0	10000000
390.0	370.0	10000000
400.0	370.0	10000000
410.0	370.0	10000000
420.0	370.0	10000000
430.0	370.0	10000000
440.0	370.0	10000000
450.0	370.0	10000000
460.0	370.0	10000000
470.0	370.0	0.0998
480.0	370.0	0.134
490.0	370.0	0.139
500.0	370.0	0.157
510.0	370.0	0.122
520.0	370.0	0.0683
530.0	370.0	0.0714
540.0	370.0	0.0768
550.0	370.0	0.0907
560.0	370.0	0.0767
570.0	370.0	0.0603
580.0	370.0	0.0969
590.0	370.0	0.0694
600.0	370.0	0.0567
610.0	370.0	0.0588
620.0	370.0	0.067
630.0	370.0	0.0513
640.0	370.0	0.0482
650.0	370.0	0.0596
660.0	370.0	0.0464
670.0	370.0	0.0465
680.0	370.0	0.0457
690.0	370.0	0.0718
700.0	370.0	0.07
710.0	370.0	0.063
720.0	370.0	0.0805
730.0	370.0	0.0607
740.0	370.0	0.0593
750.0	370.0	0.0713
760.0	370.0	0.0698
770.0	370.0	0.0815
780.0	370.0	0.0898
790.0	370.0	0.0701
800.0	370.0	0.0584
230.0	380.0	10000000
240.0	380.0	10000000
250.0	380.0	10000000
260.0	380.0	10000000
270.0	380.0	10000000
280.0	380.0	10000000
290.0	380.0	10000000
300.0	380.0	10000000
310.0	380.0	10000000
320.0	380.0	10000000
330.0	380.0	10000000
340.0	380.0	10000000
350.0	380.0	10000000
360.0	380.0	10000000
370.0	380.0	10000000
380.0	380.0	10000000
390.0	380.0	10000000
400.0	380.0	10000000
410.0	380.0	10000000
420.0	380.0	10000000
430.0	380.0	10000000
440.0	380.0	10000000
450.0	380.0	10000000
460.0	380.0	10000000
470.0	380.0	10000000
480.0	380.0	0.0902
490.0	380.0	0.115
500.0	380.0	0.117
510.0	380.0	0.153
520.0	380.0	0.129
530.0	380.0	0.0812
540.0	380.0	0.0726
550.0	380.0	0.0835
560.0	380.0	0.0852
570.0	380.0	0.0694
580.0	380.0	0.0603
590.0	380.0	0.0839
600.0	380.0	0.0729
610.0	380.0	0.0491
620.0	380.0	0.0553
630.0	380.0	0.0638
640.0	380.0	0.0497
650.0	380.0	0.0438
660.0	380.0	0.0492
670.0	380.0	0.06
680.0	380.0	0.0697
690.0	380.0	0.0687
700.0	380.0	0.0944
710.0	380.0	0.103
720.0	380.0	0.0966
730.0	380.0	0.0979
740.0	380.0	0.0745
750.0	380.0	0.0836
760.0	380.0	0.084
770.0	380.0	0.106
780.0	380.0	0.118
790.0	380.0	0.121
800.0	380.0	0.107
230.0	390.0	10000000
240.0	390.0	10000000
250.0	390.0	10000000
260.0	390.0	10000000
270.0	390.0	10000000
280.0	390.0	10000000
290.0	390.0	10000000
300.0	390.0	10000000
310.0	390.0	10000000
320.0	390.0	10000000
330.0	390.0	10000000
340.0	390.0	10000000
350.0	390.0	10000000
360.0	390.0	10000000
370.0	390.0	10000000
380.0	390.0	10000000
390.0	390.0	10000000
400.0	390.0	10000000
410.0	390.0	10000000
420.0	390.0	10000000
430.0	390.0	10000000
440.0	390.0	10000000
450.0	390.0	10000000
460.0	390.0	10000000
470.0	390.0	10000000
480.0	390.0	10000000
490.0	390.0	0.112
500.0	390.0	0.119
510.0	390.0	0.0945
520.0	390.0	0.101
530.0	390.0	0.104
540.0	390.0	0.0606
550.0	390.0	0.0612
560.0	390.0	0.0662
570.0	390.0	0.081
580.0	390.0	0.0722
590.0	390.0	0.0622
600.0	390.0	0.0874
610.0	390.0	0.0856
620.0	390.0	0.0523
630.0	390.0	0.0523
640.0	390.0	0.0624
650.0	390.0	0.059
660.0	390.0	0.0425
670.0	390.0	0.0504
680.0	390.0	0.0668
690.0	390.0	0.0692
700.0	390.0	0.0617
710.0	390.0	0.0604
720.0	390.0	0.0788
730.0	390.0	0.083
740.0	390.0	0.0852
750.0	390.0	0.0797
760.0	390.0	0.0906
770.0	390.0	0.0889
780.0	390.0	0.102
790.0	390.0	0.094
800.0	390.0	0.0906
230.0	400.0	10000000
240.0	400.0	10000000
250.0	400.0	10000000
260.0	400.0	10000000
270.0	400.0	10000000
280.0	400.0	10000000
290.0	400.0	10000000
300.0	400.0	10000000
310.0	400.0	10000000
320.0	400.0	10000000
330.0	400.0	10000000
340.0	400.0	10000000
350.0	400.0	10000000
360.0	400.0	10000000
370.0	400.0	10000000
380.0	400.0	10000000
390.0	400.0	10000000
400.0	400.0	10000000
410.0	400.0	10000000
420.0	400.0	10000000
430.0	400.0	10000000
440.0	400.0	10000000
450.0	400.0	10000000
460.0	400.0	10000000
470.0	400.0	10000000
480.0	400.0	10000000
490.0	400.0	10000000
500.0	400.0	0.0948
510.0	400.0	0.0988
520.0	400.0	0.0727
530.0	400.0	0.0945
540.0	400.0	0.0864
550.0	400.0	0.0639
560.0	400.0	0.0571
570.0	400.0	0.0628
580.0	400.0	0.0833
590.0	400.0	0.08
600.0	400.0	0.0682
610.0	400.0	0.0798
620.0	400.0	0.082
630.0	400.0	0.0481
640.0	400.0	0.0492
650.0	400.0	0.0638
660.0	400.0	0.0564
670.0	400.0	0.0431
680.0	400.0	0.0472
690.0	400.0	0.0497
700.0	400.0	0.0618
710.0	400.0	0.0556
720.0	400.0	0.0591
730.0	400.0	0.0657
740.0	400.0	0.0709
750.0	400.0	0.0663
760.0	400.0	0.0804
770.0	400.0	0.0878
780.0	400.0	0.0895
790.0	400.0	0.11
800.0	400.0	0.0973
230.0	410.0	10000000
240.0	410.0	10000000
250.0	410.0	10000000
260.0	410.0	10000000
270.0	410.0	10000000
280.0	410.0	10000000
290.0	410.0	10000000
300.0	410.0	10000000
310.0	410.0	10000000
320.0	410.0	10000000
330.0	410.0	10000000
340.0	410.0	10000000
350.0	410.0	10000000
360.0	410.0	10000000
370.0	410.0	10000000
380.0	410.0	10000000
390.0	410.0	10000000
400.0	410.0	10000000
410.0	410.0	10000000
420.0	410.0	10000000
430.0	410.0	10000000
440.0	410.0	10000000
450.0	410.0	10000000
460.0	410.0	10000000
470.0	410.0	10000000
480.0	410.0	10000000
490.0	410.0	10000000
500.0	410.0	10000000
510.0	410.0	0.113
520.0	410.0	0.117
530.0	410.0	0.0806
540.0	410.0	0.0991
550.0	410.0	0.0859
560.0	410.0	0.0601
570.0	410.0	0.0525
580.0	410.0	0.0685
590.0	410.0	0.0967
600.0	410.0	0.0893
610.0	410.0	0.0827
620.0	410.0	0.077
630.0	410.0	0.0705
640.0	410.0	0.055
650.0	410.0	0.0576
660.0	410.0	0.0745
670.0	410.0	0.0799
680.0	410.0	0.0727
690.0	410.0	0.0756
700.0	410.0	0.078
710.0	410.0	0.0828
720.0	410.0	0.0779
730.0	410.0	0.0798
740.0	410.0	0.0935
750.0	410.0	0.116
760.0	410.0	0.109
770.0	410.0	0.135
780.0	410.0	0.115
790.0	410.0	0.132
800.0	410.0	0.158
230.0	420.0	10000000
240.0	420.0	10000000
250.0	420.0	10000000
260.0	420.0	10000000
270.0	420.0	10000000
280.0	420.0	10000000
290.0	420.0	10000000
300.0	420.0	10000000
310.0	420.0	10000000
320.0	420.0	10000000
330.0	420.0	10000000
340.0	420.0	10000000
350.0	420.0	10000000
360.0	420.0	10000000
370.0	420.0	10000000
380.0	420.0	10000000
390.0	420.0	10000000
400.0	420.0	10000000
410.0	420.0	10000000
420.0	420.0	10000000
430.0	420.0	10000000
440.0	420.0	10000000
450.0	420.0	10000000
460.0	420.0	10000000
470.0	420.0	10000000
480.0	420.0	10000000
490.0	420.0	10000000
500.0	420.0	10000000
510.0	420.0	10000000
520.0	420.0	0.112
530.0	420.0	0.112
540.0	420.0	0.0754
550.0	420.0	0.0949
560.0	420.0	0.0795
570.0	420.0	0.0625
580.0	420.0	0.0537
590.0	420.0	0.076
600.0	420.0	0.105
610.0	420.0	0.117
620.0	420.0	0.12
630.0	420.0	0.102
640.0	420.0	0.0759
650.0	420.0	0.0609
660.0	420.0	0.0573
670.0	420.0	0.0655
680.0	420.0	0.0694
690.0	420.0	0.0711
700.0	420.0	0.0732
710.0	420.0	0.0708
720.0	420.0	0.0729
730.0	420.0	0.0731
740.0	420.0	0.0835
750.0	420.0	0.0952
760.0	420.0	0.119
770.0	420.0	0.118
780.0	420.0	0.139
790.0	420.0	0.13
800.0	420.0	0.138
230.0	430.0	10000000
240.0	430.0	10000000
250.0	430.0	10000000
260.0	430.0	10000000
270.0	430.0	10000000
280.0	430.0	10000000
290.0	430.0	10000000
300.0	430.0	10000000
310.0	430.0	10000000
320.0	430.0	10000000
330.0	430.0	10000000
340.0	430.0	10000000
350.0	430.0	10000000
360.0	430.0	10000000
370.0	430.0	10000000
380.0	430.0	10000000
390.0	430.0	10000000
400.0	430.0	10000000
410.0	430.0	10000000
420.0	430.0	10000000
430.0	430.0	10000000
440.0	430.0	10000000
450.0	430.0	10000000
460.0	430.0	10000000
470.0	430.0	10000000
480.0	430.0	10000000
490.0	430.0	10000000
500.0	430.0	10000000
510.0	430.0	10000000
520.0	430.0	10000000
530.0	430.0	0.118
540.0	430.0	0.105
550.0	430.0	0.0749
560.0	430.0	0.0963
570.0	430.0	0.103
580.0	430.0	0.0715
590.0	430.0	0.06
600.0	430.0	0.0868
610.0	430.0	0.106
620.0	430.0	0.124
630.0	430.0	0.107
640.0	430.0	0.104
650.0	430.0	0.0715
660.0	430.0	0.0721
670.0	430.0	0.0672
680.0	430.0	0.0666
690.0	430.0	0.0679
700.0	430.0	0.0741
710.0	430.0	0.0738
720.0	430.0	0.0731
730.0	430.0	0.0788
740.0	430.0	0.0849
750.0	430.0	0.0874
760.0	430.0	0.0974
770.0	430.0	0.112
780.0	430.0	0.124
790.0	430.0	0.121
800.0	430.0	0.131
230.0	440.0	10000000
240.0	440.0	10000000
250.0	440.0	10000000
260.0	440.0	10000000
270.0	440.0	10000000
280.0	440.0	10000000
290.0	440.0	10000000
300.0	440.0	10000000
310.0	440.0	10000000
320.0	440.0	10000000
330.0	440.0	10000000
340.0	440.0	10000000
350.0	440.0	10000000
360.0	440.0	10000000
370.0	440.0	10000000
380.0	440.0	10000000
390.0	440.0	10000000
400.0	440.0	10000000
410.0	440.0	10000000
420.0	440.0	10000000
430.0	440.0	10000000
440.0	440.0	10000000
450.0	440.0	10000000
460.0	440.0	10000000
470.0	440.0	10000000
480.0	440.0	10000000
490.0	440.0	10000000
500.0	440.0	10000000
510.0	440.0	10000000
520.0	440.0	10000000
530.0	440.0	10000000
540.0	440.0	0.0932
550.0	440.0	0.0786
560.0	440.0	0.061
570.0	440.0	0.107
580.0	440.0	0.116
590.0	440.0	0.0678
600.0	440.0	0.0663
610.0	440.0	0.0693
620.0	440.0	0.0867
630.0	440.0	0.103
640.0	440.0	0.0847
650.0	440.0	0.0848
660.0	440.0	0.0624
670.0	440.0	0.0559
680.0	440.0	0.052
690.0	440.0	0.0564
700.0	440.0	0.0531
710.0	440.0	0.06
720.0	440.0	0.0609
730.0	440.0	0.0582
740.0	440.0	0.0649
750.0	440.0	0.0635
760.0	440.0	0.0619
770.0	440.0	0.0617
780.0	440.0	0.0765
790.0	440.0	0.0865
800.0	440.0	0.0923
230.0	450.0	10000000
240.0	450.0	10000000
250.0	450.0	10000000
260.0	450.0	10000000
270.0	450.0	10000000
280.0	450.0	10000000
290.0	450.0	10000000
300.0	450.0	10000000
310.0	450.0	10000000
320.0	450.0	10000000
330.0	450.0	10000000
340.0	450.0	10000000
350.0	450.0	10000000
360.0	450.0	10000000
370.0	450.0	10000000
380.0	450.0	10000000
390.0	450.0	10000000
400.0	450.0	10000000
410.0	450.0	10000000
420.0	450.0	10000000
430.0	450.0	10000000
440.0	450.0	10000000
450.0	450.0	10000000
460.0	450.0	10000000
470.0	450.0	10000000
480.0	450.0	10000000
490.0	450.0	10000000
500.0	450.0	10000000
510.0	450.0	10000000
520.0	450.0	10000000
530.0	450.0	10000000
540.0	450.0	10000000
550.0	450.0	0.108
560.0	450.0	0.0849
570.0	450.0	0.0574
580.0	450.0	0.104
590.0	450.0	0.0872
600.0	450.0	0.0671
610.0	450.0	0.0594
620.0	450.0	0.0631
630.0	450.0	0.0745
640.0	450.0	0.0937
650.0	450.0	0.0685
660.0	450.0	0.07
670.0	450.0	0.0682
680.0	450.0	0.0566
690.0	450.0	0.0502
700.0	450.0	0.0491
710.0	450.0	0.0552
720.0	450.0	0.0551
730.0	450.0	0.0598
740.0	450.0	0.0528
750.0	450.0	0.0571
760.0	450.0	0.0479
770.0	450.0	0.0483
780.0	450.0	0.0504
790.0	450.0	0.0621
800.0	450.0	0.0751
230.0	460.0	10000000
240.0	460.0	10000000
250.0	460.0	10000000
260.0	460.0	10000000
270.0	460.0	10000000
280.0	460.0	10000000
290.0	460.0	10000000
300.0	460.0	10000000
310.0	460.0	10000000
320.0	460.0	10000000
330.0	460.0	10000000
340.0	460.0	10000000
350.0	460.0	10000000
360.0	460.0	10000000
370.0	460.0	10000000
380.0	460.0	10000000
390.0	460.0	10000000
400.0	460.0	10000000
410.0	460.0	10000000
420.0	460.0	10000000
430.0	460.0	10000000
440.0	460.0	10000000
450.0	460.0	10000000
460.0	460.0	10000000
470.0	460.0	10000000
480.0	460.0	10000000
490.0	460.0	10000000
500.0	460.0	10000000
510.0	460.0	10000000
520.0	460.0	10000000
530.0	460.0	10000000
540.0	460.0	10000000
550.0	460.0	10000000
560.0	460.0	0.0807
570.0	460.0	0.0707
580.0	460.0	0.0605
590.0	460.0	0.092
600.0	460.0	0.0935
610.0	460.0	0.0817
620.0	460.0	0.0712
630.0	460.0	0.0795
640.0	460.0	0.0809
650.0	460.0	0.0979
660.0	460.0	0.0662
670.0	460.0	0.0636
680.0	460.0	0.0537
690.0	460.0	0.0592
700.0	460.0	0.0507
710.0	460.0	0.0542
720.0	460.0	0.0565
730.0	460.0	0.0525
740.0	460.0	0.064
750.0	460.0	0.0538
760.0	460.0	0.0563
770.0	460.0	0.0559
780.0	460.0	0.0463
790.0	460.0	0.0543
800.0	460.0	0.0587
230.0	470.0	10000000
240.0	470.0	10000000
250.0	470.0	10000000
260.0	470.0	10000000
270.0	470.0	10000000
280.0	470.0	10000000
290.0	470.0	10000000
300.0	470.0	10000000
310.0	470.0	10000000
320.0	470.0	10000000
330.0	470.0	10000000
340.0	470.0	10000000
350.0	470.0	10000000
360.0	470.0	10000000
370.0	470.0	10000000
380.0	470.0	10000000
390.0	470.0	10000000
400.0	470.0	10000000
410.0	470.0	10000000
420.0	470.0	10000000
430.0	470.0	10000000
440.0	470.0	10000000
450.0	470.0	10000000
460.0	470.0	10000000
470.0	470.0	10000000
480.0	470.0	10000000
490.0	470.0	10000000
500.0	470.0	10000000
510.0	470.0	10000000
520.0	470.0	10000000
530.0	470.0	10000000
540.0	470.0	10000000
550.0	470.0	10000000
560.0	470.0	10000000
570.0	470.0	0.0723
580.0	470.0	0.0619
590.0	470.0	0.057
600.0	470.0	0.0674
610.0	470.0	0.0897
620.0	470.0	0.0806
630.0	470.0	0.0841
640.0	470.0	0.0832
650.0	470.0	0.101
660.0	470.0	0.102
670.0	470.0	0.0911
680.0	470.0	0.0844
690.0	470.0	0.0814
700.0	470.0	0.0791
710.0	470.0	0.0603
720.0	470.0	0.0592
730.0	470.0	0.0571
740.0	470.0	0.056
750.0	470.0	0.0586
760.0	470.0	0.052
770.0	470.0	0.0557
780.0	470.0	0.0529
790.0	470.0	0.0552
800.0	470.0	0.0708
230.0	480.0	10000000
240.0	480.0	10000000
250.0	480.0	10000000
260.0	480.0	10000000
270.0	480.0	10000000
280.0	480.0	10000000
290.0	480.0	10000000
300.0	480.0	10000000
310.0	480.0	10000000
320.0	480.0	10000000
330.0	480.0	10000000
340.0	480.0	10000000
350.0	480.0	10000000
360.0	480.0	10000000
370.0	480.0	10000000
380.0	480.0	10000000
390.0	480.0	10000000
400.0	480.0	10000000
410.0	480.0	10000000
420.0	480.0	10000000
430.0	480.0	10000000
440.0	480.0	10000000
450.0	480.0	10000000
460.0	480.0	10000000
470.0	480.0	10000000
480.0	480.0	10000000
490.0	480.0	10000000
500.0	480.0	10000000
510.0	480.0	10000000
520.0	480.0	10000000
530.0	480.0	10000000
540.0	480.0	10000000
550.0	480.0	10000000
560.0	480.0	10000000
570.0	480.0	10000000
580.0	480.0	0.0636
590.0	480.0	0.0681
600.0	480.0	0.0614
610.0	480.0	0.0638
620.0	480.0	0.0757
630.0	480.0	0.0632
640.0	480.0	0.0689
650.0	480.0	0.0798
660.0	480.0	0.0932
670.0	480.0	0.106
680.0	480.0	0.0907
690.0	480.0	0.0833
700.0	480.0	0.0836
710.0	480.0	0.0703
720.0	480.0	0.0598
730.0	480.0	0.0608
740.0	480.0	0.0573
750.0	480.0	0.0502
760.0	480.0	0.05
770.0	480.0	0.0458
780.0	480.0	0.0466
790.0	480.0	0.0444
800.0	480.0	0.0412
230.0	490.0	10000000
240.0	490.0	10000000
250.0	490.0	10000000
260.0	490.0	10000000
270.0	490.0	10000000
280.0	490.0	10000000
290.0	490.0	10000000
300.0	490.0	10000000
310.0	490.0	10000000
320.0	490.0	10000000
330.0	490.0	10000000
340.0	490.0	10000000
350.0	490.0	10000000
360.0	490.0	10000000
370.0	490.0	10000000
380.0	490.0	10000000
390.0	490.0	10000000
400.0	490.0	10000000
410.0	490.0	10000000
420.0	490.0	10000000
430.0	490.0	10000000
440.0	490.0	10000000
450.0	490.0	10000000
460.0	490.0	10000000
470.0	490.0	10000000
480.0	490.0	10000000
490.0	490.0	10000000
500.0	490.0	10000000
510.0	490.0	10000000
520.0	490.0	10000000
530.0	490.0	10000000
540.0	490.0	10000000
550.0	490.0	10000000
560.0	490.0	10000000
570.0	490.0	10000000
580.0	490.0	10000000
590.0	490.0	0.0624
600.0	490.0	0.0641
610.0	490.0	0.066
620.0	490.0	0.0802
630.0	490.0	0.0859
640.0	490.0	0.065
650.0	490.0	0.0698
660.0	490.0	0.0766
670.0	490.0	0.0948
680.0	490.0	0.0989
690.0	490.0	0.0906
700.0	490.0	0.0858
710.0	490.0	0.0894
720.0	490.0	0.0833
730.0	490.0	0.0729
740.0	490.0	0.0761
750.0	490.0	0.0632
760.0	490.0	0.0561
770.0	490.0	0.0611
780.0	490.0	0.057
790.0	490.0	0.0516
800.0	490.0	0.051
230.0	500.0	10000000
240.0	500.0	10000000
250.0	500.0	10000000
260.0	500.0	10000000
270.0	500.0	10000000
280.0	500.0	10000000
290.0	500.0	10000000
300.0	500.0	10000000
310.0	500.0	10000000
320.0	500.0	10000000
330.0	500.0	10000000
340.0	500.0	10000000
350.0	500.0	10000000
360.0	500.0	10000000
370.0	500.0	10000000
380.0	500.0	10000000
390.0	500.0	10000000
400.0	500.0	10000000
410.0	500.0	10000000
420.0	500.0	10000000
430.0	500.0	10000000
440.0	500.0	10000000
450.0	500.0	10000000
460.0	500.0	10000000
470.0	500.0	10000000
480.0	500.0	10000000
490.0	500.0	10000000
500.0	500.0	10000000
510.0	500.0	10000000
520.0	500.0	10000000
530.0	500.0	10000000
540.0	500.0	10000000
550.0	500.0	10000000
560.0	500.0	10000000
570.0	500.0	10000000
580.0	500.0	10000000
590.0	500.0	10000000
600.0	500.0	0.0579
610.0	500.0	0.0556
620.0	500.0	0.0629
630.0	500.0	0.0978
640.0	500.0	0.0893
650.0	500.0	0.0773
660.0	500.0	0.0631
670.0	500.0	0.0736
680.0	500.0	0.0881
690.0	500.0	0.0961
700.0	500.0	0.0835
710.0	500.0	0.0768
720.0	500.0	0.116
730.0	500.0	0.0966
740.0	500.0	0.0769
750.0	500.0	0.0681
760.0	500.0	0.0627
770.0	500.0	0.0572
780.0	500.0	0.0536
790.0	500.0	0.0555
800.0	500.0	0.052
230.0	510.0	10000000
240.0	510.0	10000000
250.0	510.0	10000000
260.0	510.0	10000000
270.0	510.0	10000000
280.0	510.0	10000000
290.0	510.0	10000000
300.0	510.0	10000000
310.0	510.0	10000000
320.0	510.0	10000000
330.0	510.0	10000000
340.0	510.0	10000000
350.0	510.0	10000000
360.0	510.0	10000000
370.0	510.0	10000000
380.0	510.0	10000000
390.0	510.0	10000000
400.0	510.0	10000000
410.0	510.0	10000000
420.0	510.0	10000000
430.0	510.0	10000000
440.0	510.0	10000000
450.0	510.0	10000000
460.0	510.0	10000000
470.0	510.0	10000000
480.0	510.0	10000000
490.0	510.0	10000000
500.0	510.0	10000000
510.0	510.0	10000000
520.0	510.0	10000000
530.0	510.0	10000000
540.0	510.0	10000000
550.0	510.0	10000000
560.0	510.0	10000000
570.0	510.0	10000000
580.0	510.0	10000000
590.0	510.0	10000000
600.0	510.0	10000000
610.0	510.0	0.0608
620.0	510.0	0.0726
630.0	510.0	0.0783
640.0	510.0	0.126
650.0	510.0	0.109
660.0	510.0	0.0599
670.0	510.0	0.0603
680.0	510.0	0.0766
690.0	510.0	0.0774
700.0	510.0	0.0745
710.0	510.0	0.0865
720.0	510.0	0.0798
730.0	510.0	0.102
740.0	510.0	0.0846
750.0	510.0	0.073
760.0	510.0	0.0676
770.0	510.0	0.0623
780.0	510.0	0.0547
790.0	510.0	0.0584
800.0	510.0	0.0589
230.0	520.0	10000000
240.0	520.0	10000000
250.0	520.0	10000000
260.0	520.0	10000000
270.0	520.0	10000000
280.0	520.0	10000000
290.0	520.0	10000000
300.0	520.0	10000000
310.0	520.0	10000000
320.0	520.0	10000000
330.0	520.0	10000000
340.0	520.0	10000000
350.0	520.0	10000000
360.0	520.0	10000000
370.0	520.0	10000000
380.0	520.0	10000000
390.0	520.0	10000000
400.0	520.0	10000000
410.0	520.0	10000000
420.0	520.0	10000000
430.0	520.0	10000000
440.0	520.0	10000000
450.0	520.0	10000000
460.0	520.0	10000000
470.0	520.0	10000000
480.0	520.0	10000000
490.0	520.0	10000000
500.0	520.0	10000000
510.0	520.0	10000000
520.0	520.0	10000000
530.0	520.0	10000000
540.0	520.0	10000000
550.0	520.0	10000000
560.0	520.0	10000000
570.0	520.0	10000000
580.0	520.0	10000000
590.0	520.0	10000000
600.0	520.0	10000000
610.0	520.0	10000000
620.0	520.0	0.0555
630.0	520.0	0.0556
640.0	520.0	0.063
650.0	520.0	0.119
660.0	520.0	0.104
670.0	520.0	0.0677
680.0	520.0	0.0628
690.0	520.0	0.0601
700.0	520.0	0.0578
710.0	520.0	0.0545
720.0	520.0	0.055
730.0	520.0	0.0605
740.0	520.0	0.0746
750.0	520.0	0.0609
760.0	520.0	0.0664
770.0	520.0	0.053
780.0	520.0	0.0483
790.0	520.0	0.0448
800.0	520.0	0.0518
230.0	530.0	10000000
240.0	530.0	10000000
250.0	530.0	10000000
260.0	530.0	10000000
270.0	530.0	10000000
280.0	530.0	10000000
290.0	530.0	10000000
300.0	530.0	10000000
310.0	530.0	10000000
320.0	530.0	10000000
330.0	530.0	10000000
340.0	530.0	10000000
350.0	530.0	10000000
360.0	530.0	10000000
370.0	530.0	10000000
380.0	530.0	10000000
390.0	530.0	10000000
400.0	530.0	10000000
410.0	530.0	10000000
420.0	530.0	10000000
430.0	530.0	10000000
440.0	530.0	10000000
450.0	530.0	10000000
460.0	530.0	10000000
470.0	530.0	10000000
480.0	530.0	10000000
490.0	530.0	10000000
500.0	530.0	10000000
510.0	530.0	10000000
520.0	530.0	10000000
530.0	530.0	10000000
540.0	530.0	10000000
550.0	530.0	10000000
560.0	530.0	10000000
570.0	530.0	10000000
580.0	530.0	10000000
590.0	530.0	10000000
600.0	530.0	10000000
610.0	530.0	10000000
620.0	530.0	10000000
630.0	530.0	0.0517
640.0	530.0	0.0543
650.0	530.0	0.063
660.0	530.0	0.0967
670.0	530.0	0.104
680.0	530.0	0.0749
690.0	530.0	0.056
700.0	530.0	0.0517
710.0	530.0	0.0443
720.0	530.0	0.0497
730.0	530.0	0.0483
740.0	530.0	0.0576
750.0	530.0	0.0701
760.0	530.0	0.0614
770.0	530.0	0.0619
780.0	530.0	0.0543
790.0	530.0	0.0477
800.0	530.0	0.0376
230.0	540.0	10000000
240.0	540.0	10000000
250.0	540.0	10000000
260.0	540.0	10000000
270.0	540.0	10000000
280.0	540.0	10000000
290.0	540.0	10000000
300.0	540.0	10000000
310.0	540.0	10000000
320.0	540.0	10000000
330.0	540.0	10000000
340.0	540.0	10000000
350.0	540.0	10000000
360.0	540.0	10000000
370.0	540.0	10000000
380.0	540.0	10000000
390.0	540.0	10000000
400.0	540.0	10000000
410.0	540.0	10000000
420.0	540.0	10000000
430.0	540.0	10000000
440.0	540.0	10000000
450.0	540.0	10000000
460.0	540.0	10000000
470.0	540.0	10000000
480.0	540.0	10000000
490.0	540.0	10000000
500.0	540.0	10000000
510.0	540.0	10000000
520.0	540.0	10000000
530.0	540.0	10000000
540.0	540.0	10000000
550.0	540.0	10000000
560.0	540.0	10000000
570.0	540.0	10000000
580.0	540.0	10000000
590.0	540.0	10000000
600.0	540.0	10000000
610.0	540.0	10000000
620.0	540.0	10000000
630.0	540.0	10000000
640.0	540.0	0.04
650.0	540.0	0.0518
660.0	540.0	0.053
670.0	540.0	0.104
680.0	540.0	0.124
690.0	540.0	0.119
700.0	540.0	0.0791
710.0	540.0	0.0834
720.0	540.0	0.0506
730.0	540.0	0.0515
740.0	540.0	0.045
750.0	540.0	0.0745
760.0	540.0	0.0698
770.0	540.0	0.0581
780.0	540.0	0.0584
790.0	540.0	0.0606
800.0	540.0	0.0573
230.0	550.0	10000000
240.0	550.0	10000000
250.0	550.0	10000000
260.0	550.0	10000000
270.0	550.0	10000000
280.0	550.0	10000000
290.0	550.0	10000000
300.0	550.0	10000000
310.0	550.0	10000000
320.0	550.0	10000000
330.0	550.0	10000000
340.0	550.0	10000000
350.0	550.0	10000000
360.0	550.0	10000000
370.0	550.0	10000000
380.0	550.0	10000000
390.0	550.0	10000000
400.0	550.0	10000000
410.0	550.0	10000000
420.0	550.0	10000000
430.0	550.0	10000000
440.0	550.0	10000000
450.0	550.0	10000000
460.0	550.0	10000000
470.0	550.0	10000000
480.0	550.0	10000000
490.0	550.0	10000000
500.0	550.0	10000000
510.0	550.0	10000000
520.0	550.0	10000000
530.0	550.0	10000000
540.0	550.0	10000000
550.0	550.0	10000000
560.0	550.0	10000000
570.0	550.0	10000000
580.0	550.0	10000000
590.0	550.0	10000000
600.0	550.0	10000000
610.0	550.0	10000000
620.0	550.0	10000000
630.0	550.0	10000000
640.0	550.0	10000000
650.0	550.0	0.0466
660.0	550.0	0.0611
670.0	550.0	0.0571
680.0	550.0	0.0912
690.0	550.0	0.122
700.0	550.0	0.132
710.0	550.0	0.071
720.0	550.0	0.0668
730.0	550.0	0.0387
740.0	550.0	0.0372
750.0	550.0	0.0353
760.0	550.0	0.061
770.0	550.0	0.0554
780.0	550.0	0.0464
790.0	550.0	0.0475
800.0	550.0	0.0512
230.0	560.0	10000000
240.0	560.0	10000000
250.0	560.0	10000000
260.0	560.0	10000000
270.0	560.0	10000000
280.0	560.0	10000000
290.0	560.0	10000000
300.0	560.0	10000000
310.0	560.0	10000000
320.0	560.0	10000000
330.0	560.0	10000000
340.0	560.0	10000000
350.0	560.0	10000000
360.0	560.0	10000000
370.0	560.0	10000000
380.0	560.0	10000000
390.0	560.0	10000000
400.0	560.0	10000000
410.0	560.0	10000000
420.0	560.0	10000000
430.0	560.0	10000000
440.0	560.0	10000000
450.0	560.0	10000000
460.0	560.0	10000000
470.0	560.0	10000000
480.0	560.0	10000000
490.0	560.0	10000000
500.0	560.0	10000000
510.0	560.0	10000000
520.0	560.0	10000000
530.0	560.0	10000000
540.0	560.0	10000000
550.0	560.0	10000000
560.0	560.0	10000000
570.0	560.0	10000000
580.0	560.0	10000000
590.0	560.0	10000000
600.0	560.0	10000000
610.0	560.0	10000000
620.0	560.0	10000000
630.0	560.0	10000000
640.0	560.0	10000000
650.0	560.0	10000000
660.0	560.0	0.0405
670.0	560.0	0.0618
680.0	560.0	0.0515
690.0	560.0	0.0752
700.0	560.0	0.103
710.0	560.0	0.0997
720.0	560.0	0.0569
730.0	560.0	0.0631
740.0	560.0	0.0385
750.0	560.0	0.0373
760.0	560.0	0.0402
770.0	560.0	0.0677
780.0	560.0	0.0582
790.0	560.0	0.0525
800.0	560.0	0.051
230.0	570.0	10000000
240.0	570.0	10000000
250.0	570.0	10000000
260.0	570.0	10000000
270.0	570.0	10000000
280.0	570.0	10000000
290.0	570.0	10000000
300.0	570.0	10000000
310.0	570.0	10000000
320.0	570.0	10000000
330.0	570.0	10000000
340.0	570.0	10000000
350.0	570.0	10000000
360.0	570.0	10000000
370.0	570.0	10000000
380.0	570.0	10000000
390.0	570.0	10000000
400.0	570.0	10000000
410.0	570.0	10000000
420.0	570.0	10000000
430.0	570.0	10000000
440.0	570.0	10000000
450.0	570.0	10000000
460.0	570.0	10000000
470.0	570.0	10000000
480.0	570.0	10000000
490.0	570.0	10000000
500.0	570.0	10000000
510.0	570.0	10000000
520.0	570.0	10000000
530.0	570.0	10000000
540.0	570.0	10000000
550.0	570.0	10000000
560.0	570.0	10000000
570.0	570.0	10000000
580.0	570.0	10000000
590.0	570.0	10000000
600.0	570.0	10000000
610.0	570.0	10000000
620.0	570.0	10000000
630.0	570.0	10000000
640.0	570.0	10000000
650.0	570.0	10000000
660.0	570.0	10000000
670.0	570.0	0.033
680.0	570.0	0.0513
690.0	570.0	0.0487
700.0	570.0	0.0703
710.0	570.0	0.0978
720.0	570.0	0.0962
730.0	570.0	0.0607
740.0	570.0	0.0769
750.0	570.0	0.0453
760.0	570.0	0.0467
770.0	570.0	0.0563
780.0	570.0	0.0646
790.0	570.0	0.0557
800.0	570.0	0.0513
230.0	580.0	10000000
240.0	580.0	10000000
250.0	580.0	10000000
260.0	580.0	10000000
270.0	580.0	10000000
280.0	580.0	10000000
290.0	580.0	10000000
300.0	580.0	10000000
310.0	580.0	10000000
320.0	580.0	10000000
330.0	580.0	10000000
340.0	580.0	10000000
350.0	580.0	10000000
360.0	580.0	10000000
370.0	580.0	10000000
380.0	580.0	10000000
390.0	580.0	10000000
400.0	580.0	10000000
410.0	580.0	10000000
420.0	580.0	10000000
430.0	580.0	10000000
440.0	580.0	10000000
450.0	580.0	10000000
460.0	580.0	10000000
470.0	580.0	10000000
480.0	580.0	10000000
490.0	580.0	10000000
500.0	580.0	10000000
510.0	580.0	10000000
520.0	580.0	10000000
530.0	580.0	10000000
540.0	580.0	10000000
550.0	580.0	10000000
560.0	580.0	10000000
570.0	580.0	10000000
580.0	580.0	10000000
590.0	580.0	10000000
600.0	580.0	10000000
610.0	580.0	10000000
620.0	580.0	10000000
630.0	580.0	10000000
640.0	580.0	10000000
650.0	580.0	10000000
660.0	580.0	10000000
670.0	580.0	10000000
680.0	580.0	0.0332
690.0	580.0	0.0744
700.0	580.0	0.0546
710.0	580.0	0.0615
720.0	580.0	0.11
730.0	580.0	0.105
740.0	580.0	0.0911
750.0	580.0	0.0791
760.0	580.0	0.0427
770.0	580.0	0.0417
780.0	580.0	0.0489
790.0	580.0	0.057
800.0	580.0	0.0452
230.0	590.0	10000000
240.0	590.0	10000000
250.0	590.0	10000000
260.0	590.0	10000000
270.0	590.0	10000000
280.0	590.0	10000000
290.0	590.0	10000000
300.0	590.0	10000000
310.0	590.0	10000000
320.0	590.0	10000000
330.0	590.0	10000000
340.0	590.0	10000000
350.0	590.0	10000000
360.0	590.0	10000000
370.0	590.0	10000000
380.0	590.0	10000000
390.0	590.0	10000000
400.0	590.0	10000000
410.0	590.0	10000000
420.0	590.0	10000000
430.0	590.0	10000000
440.0	590.0	10000000
450.0	590.0	10000000
460.0	590.0	10000000
470.0	590.0	10000000
480.0	590.0	10000000
490.0	590.0	10000000
500.0	590.0	10000000
510.0	590.0	10000000
520.0	590.0	10000000
530.0	590.0	10000000
540.0	590.0	10000000
550.0	590.0	10000000
560.0	590.0	10000000
570.0	590.0	10000000
580.0	590.0	10000000
590.0	590.0	10000000
600.0	590.0	10000000
610.0	590.0	10000000
620.0	590.0	10000000
630.0	590.0	10000000
640.0	590.0	10000000
650.0	590.0	10000000
660.0	590.0	10000000
670.0	590.0	10000000
680.0	590.0	10000000
690.0	590.0	0.0402
700.0	590.0	0.096
710.0	590.0	0.0526
720.0	590.0	0.0614
730.0	590.0	0.114
740.0	590.0	0.108
750.0	590.0	0.0865
760.0	590.0	0.0785
770.0	590.0	0.0487
780.0	590.0	0.0382
790.0	590.0	0.0372
800.0	590.0	0.0442
230.0	600.0	10000000
240.0	600.0	10000000
250.0	600.0	10000000
260.0	600.0	10000000
270.0	600.0	10000000
280.0	600.0	10000000
290.0	600.0	10000000
300.0	600.0	10000000
310.0	600.0	10000000
320.0	600.0	10000000
330.0	600.0	10000000
340.0	600.0	10000000
350.0	600.0	10000000
360.0	600.0	10000000
370.0	600.0	10000000
380.0	600.0	10000000
390.0	600.0	10000000
400.0	600.0	10000000
410.0	600.0	10000000
420.0	600.0	10000000
430.0	600.0	10000000
440.0	600.0	10000000
450.0	600.0	10000000
460.0	600.0	10000000
470.0	600.0	10000000
480.0	600.0	10000000
490.0	600.0	10000000
500.0	600.0	10000000
510.0	600.0	10000000
520.0	600.0	10000000
530.0	600.0	10000000
540.0	600.0	10000000
550.0	600.0	10000000
560.0	600.0	10000000
570.0	600.0	10000000
580.0	600.0	10000000
590.0	600.0	10000000
600.0	600.0	10000000
610.0	600.0	10000000
620.0	600.0	10000000
630.0	600.0	10000000
640.0	600.0	10000000
650.0	600.0	10000000
660.0	600.0	10000000
670.0	600.0	10000000
680.0	600.0	10000000
690.0	600.0	10000000
700.0	600.0	0.0292
710.0	600.0	0.0764
720.0	600.0	0.0537
730.0	600.0	0.0631
740.0	600.0	0.119
750.0	600.0	0.0939
760.0	600.0	0.0908
770.0	600.0	0.0703
780.0	600.0	0.0463
790.0	600.0	0.0403
800.0	600.0	0.0376
230.0	610.0	10000000
240.0	610.0	10000000
250.0	610.0	10000000
260.0	610.0	10000000
270.0	610.0	10000000
280.0	610.0	10000000
290.0	610.0	10000000
300.0	610.0	10000000
310.0	610.0	10000000
320.0	610.0	10000000
330.0	610.0	10000000
340.0	610.0	10000000
350.0	610.0	10000000
360.0	610.0	10000000
370.0	610.0	10000000
380.0	610.0	10000000
390.0	610.0	10000000
400.0	610.0	10000000
410.0	610.0	10000000
420.0	610.0	10000000
430.0	610.0	10000000
440.0	610.0	10000000
450.0	610.0	10000000
460.0	610.0	10000000
470.0	610.0	10000000
480.0	610.0	10000000
490.0	610.0	10000000
500.0	610.0	10000000
510.0	610.0	10000000
520.0	610.0	10000000
530.0	610.0	10000000
540.0	610.0	10000000
550.0	610.0	10000000
560.0	610.0	10000000
570.0	610.0	10000000
580.0	610.0	10000000
590.0	610.0	10000000
600.0	610.0	10000000
610.0	610.0	10000000
620.0	610.0	10000000
630.0	610.0	10000000
640.0	610.0	10000000
650.0	610.0	10000000
660.0	610.0	10000000
670.0	610.0	10000000
680.0	610.0	10000000
690.0	610.0	10000000
700.0	610.0	10000000
710.0	610.0	0.0373
720.0	610.0	0.0628
730.0	610.0	0.0661
740.0	610.0	0.0787
750.0	610.0	0.131
760.0	610.0	0.113
770.0	610.0	0.0759
780.0	610.0	0.0644
790.0	610.0	0.0456
800.0	610.0	0.0408
230.0	620.0	10000000
240.0	620.0	10000000
250.0	620.0	10000000
260.0	620.0	10000000
270.0	620.0	10000000
280.0	620.0	10000000
290.0	620.0	10000000
300.0	620.0	10000000
310.0	620.0	10000000
320.0	620.0	10000000
330.0	620.0	10000000
340.0	620.0	10000000
350.0	620.0	10000000
360.0	620.0	10000000
370.0	620.0	10000000
380.0	620.0	10000000
390.0	620.0	10000000
400.0	620.0	10000000
410.0	620.0	10000000
420.0	620.0	10000000
430.0	620.0	10000000
440.0	620.0	10000000
450.0	620.0	10000000
460.0	620.0	10000000
470.0	620.0	10000000
480.0	620.0	10000000
490.0	620.0	10000000
500.0	620.0	10000000
510.0	620.0	10000000
520.0	620.0	10000000
530.0	620.0	10000000
540.0	620.0	10000000
550.0	620.0	10000000
560.0	620.0	10000000
570.0	620.0	10000000
580.0	620.0	10000000
590.0	620.0	10000000
600.0	620.0	10000000
610.0	620.0	10000000
620.0	620.0	10000000
630.0	620.0	10000000
640.0	620.0	10000000
650.0	620.0	10000000
660.0	620.0	10000000
670.0	620.0	10000000
680.0	620.0	10000000
690.0	620.0	10000000
700.0	620.0	10000000
710.0	620.0	10000000
720.0	620.0	0.0397
730.0	620.0	0.0579
740.0	620.0	0.0541
750.0	620.0	0.0653
760.0	620.0	0.122
770.0	620.0	0.13
780.0	620.0	0.0972
790.0	620.0	0.0801
800.0	620.0	0.055
230.0	630.0	10000000
240.0	630.0	10000000
250.0	630.0	10000000
260.0	630.0	10000000
270.0	630.0	10000000
280.0	630.0	10000000
290.0	630.0	10000000
300.0	630.0	10000000
310.0	630.0	10000000
320.0	630.0	10000000
330.0	630.0	10000000
340.0	630.0	10000000
350.0	630.0	10000000
360.0	630.0	10000000
370.0	630.0	10000000
380.0	630.0	10000000
390.0	630.0	10000000
400.0	630.0	10000000
410.0	630.0	10000000
420.0	630.0	10000000
430.0	630.0	10000000
440.0	630.0	10000000
450.0	630.0	10000000
460.0	630.0	10000000
470.0	630.0	10000000
480.0	630.0	10000000
490.0	630.0	10000000
500.0	630.0	10000000
510.0	630.0	10000000
520.0	630.0	10000000
530.0	630.0	10000000
540.0	630.0	10000000
550.0	630.0	10000000
560.0	630.0	10000000
570.0	630.0	10000000
580.0	630.0	10000000
590.0	630.0	10000000
600.0	630.0	10000000
610.0	630.0	10000000
620.0	630.0	10000000
630.0	630.0	10000000
640.0	630.0	10000000
650.0	630.0	10000000
660.0	630.0	10000000
670.0	630.0	10000000
680.0	630.0	10000000
690.0	630.0	10000000
700.0	630.0	10000000
710.0	630.0	10000000
720.0	630.0	10000000
730.0	630.0	0.0383
740.0	630.0	0.07
750.0	630.0	0.0529
760.0	630.0	0.0602
770.0	630.0	0.124
780.0	630.0	0.109
790.0	630.0	0.0865
800.0	630.0	0.076
230.0	640.0	10000000
240.0	640.0	10000000
250.0	640.0	10000000
260.0	640.0	10000000
270.0	640.0	10000000
280.0	640.0	10000000
290.0	640.0	10000000
300.0	640.0	10000000
310.0	640.0	10000000
320.0	640.0	10000000
330.0	640.0	10000000
340.0	640.0	10000000
350.0	640.0	10000000
360.0	640.0	10000000
370.0	640.0	10000000
380.0	640.0	10000000
390.0	640.0	10000000
400.0	640.0	10000000
410.0	640.0	10000000
420.0	640.0	10000000
430.0	640.0	10000000
440.0	640.0	10000000
450.0	640.0	10000000
460.0	640.0	10000000
470.0	640.0	10000000
480.0	640.0	10000000
490.0	640.0	10000000
500.0	640.0	10000000
510.0	640.0	10000000
520.0	640.0	10000000
530.0	640.0	10000000
540.0	640.0	10000000
550.0	640.0	10000000
560.0	640.0	10000000
570.0	640.0	10000000
580.0	640.0	10000000
590.0	640.0	10000000
600.0	640.0	10000000
610.0	640.0	10000000
620.0	640.0	10000000
630.0	640.0	10000000
640.0	640.0	10000000
650.0	640.0	10000000
660.0	640.0	10000000
670.0	640.0	10000000
680.0	640.0	10000000
690.0	640.0	10000000
700.0	640.0	10000000
710.0	640.0	10000000
720.0	640.0	10000000
730.0	640.0	10000000
740.0	640.0	0.0414
750.0	640.0	0.064
760.0	640.0	0.0595
770.0	640.0	0.0667
780.0	640.0	0.111
790.0	640.0	0.0945
800.0	640.0	0.0825
230.0	650.0	10000000
240.0	650.0	10000000
250.0	650.0	10000000
260.0	650.0	10000000
270.0	650.0	10000000
280.0	650.0	10000000
290.0	650.0	10000000
300.0	650.0	10000000
310.0	650.0	10000000
320.0	650.0	10000000
330.0	650.0	10000000
340.0	650.0	10000000
350.0	650.0	10000000
360.0	650.0	10000000
370.0	650.0	10000000
380.0	650.0	10000000
390.0	650.0	10000000
400.0	650.0	10000000
410.0	650.0	10000000
420.0	650.0	10000000
430.0	650.0	10000000
440.0	650.0	10000000
450.0	650.0	10000000
460.0	650.0	10000000
470.0	650.0	10000000
480.0	650.0	10000000
490.0	650.0	10000000
500.0	650.0	10000000
510.0	650.0	10000000
520.0	650.0	10000000
530.0	650.0	10000000
540.0	650.0	10000000
550.0	650.0	10000000
560.0	650.0	10000000
570.0	650.0	10000000
580.0	650.0	10000000
590.0	650.0	10000000
600.0	650.0	10000000
610.0	650.0	10000000
620.0	650.0	10000000
630.0	650.0	10000000
640.0	650.0	10000000
650.0	650.0	10000000
660.0	650.0	10000000
670.0	650.0	10000000
680.0	650.0	10000000
690.0	650.0	10000000
700.0	650.0	10000000
710.0	650.0	10000000
720.0	650.0	10000000
730.0	650.0	10000000
740.0	650.0	10000000
750.0	650.0	0.0492
760.0	650.0	0.0613
770.0	650.0	0.0578
780.0	650.0	0.0653
790.0	650.0	0.105
800.0	650.0	0.0937
230.0	660.0	10000000
240.0	660.0	10000000
250.0	660.0	10000000
260.0	660.0	10000000
270.0	660.0	10000000
280.0	660.0	10000000
290.0	660.0	10000000
300.0	660.0	10000000
310.0	660.0	10000000
320.0	660.0	10000000
330.0	660.0	10000000
340.0	660.0	10000000
350.0	660.0	10000000
360.0	660.0	10000000
370.0	660.0	10000000
380.0	660.0	10000000
390.0	660.0	10000000
400.0	660.0	10000000
410.0	660.0	10000000
420.0	660.0	10000000
430.0	660.0	10000000
440.0	660.0	10000000
450.0	660.0	10000000
460.0	660.0	10000000
470.0	660.0	10000000
480.0	660.0	10000000
490.0	660.0	10000000
500.0	660.0	10000000
510.0	660.0	10000000
520.0	660.0	10000000
530.0	660.0	10000000
540.0	660.0	10000000
550.0	660.0	10000000
560.0	660.0	10000000
570.0	660.0	10000000
580.0	660.0	10000000
590.0	660.0	10000000
600.0	660.0	10000000
610.0	660.0	10000000
620.0	660.0	10000000
630.0	660.0	10000000
640.0	660.0	10000000
650.0	660.0	10000000
660.0	660.0	10000000
670.0	660.0	10000000
680.0	660.0	10000000
690.0	660.0	10000000
700.0	660.0	10000000
710.0	660.0	10000000
720.0	660.0	10000000
730.0	660.0	10000000
740.0	660.0	10000000
750.0	660.0	10000000
760.0	660.0	0.0325
770.0	660.0	0.0496
780.0	660.0	0.0529
790.0	660.0	0.07
800.0	660.0	0.107
230.0	670.0	10000000
240.0	670.0	10000000
250.0	670.0	10000000
260.0	670.0	10000000
270.0	670.0	10000000
280.0	670.0	10000000
290.0	670.0	10000000
300.0	670.0	10000000
310.0	670.0	10000000
320.0	670.0	10000000
330.0	670.0	10000000
340.0	670.0	10000000
350.0	670.0	10000000
360.0	670.0	10000000
370.0	670.0	10000000
380.0	670.0	10000000
390.0	670.0	10000000
400.0	670.0	10000000
410.0	670.0	10000000
420.0	670.0	10000000
430.0	670.0	10000000
440.0	670.0	10000000
450.0	670.0	10000000
460.0	670.0	10000000
470.0	670.0	10000000
480.0	670.0	10000000
490.0	670.0	10000000
500.0	670.0	10000000
510.0	670.0	10000000
520.0	670.0	10000000
530.0	670.0	10000000
540.0	670.0	10000000
550.0	670.0	10000000
560.0	670.0	10000000
570.0	670.0	10000000
580.0	670.0	10000000
590.0	670.0	10000000
600.0	670.0	10000000
610.0	670.0	10000000
620.0	670.0	10000000
630.0	670.0	10000000
640.0	670.0	10000000
650.0	670.0	10000000
660.0	670.0	10000000
670.0	670.0	10000000
680.0	670.0	10000000
690.0	670.0	10000000
700.0	670.0	10000000
710.0	670.0	10000000
720.0	670.0	10000000
730.0	670.0	10000000
740.0	670.0	10000000
750.0	670.0	10000000
760.0	670.0	10000000
770.0	670.0	0.0291
780.0	670.0	0.0491
790.0	670.0	0.0443
800.0	670.0	0.0603
230.0	680.0	10000000
240.0	680.0	10000000
250.0	680.0	10000000
260.0	680.0	10000000
270.0	680.0	10000000
280.0	680.0	10000000
290.0	680.0	10000000
300.0	680.0	10000000
310.0	680.0	10000000
320.0	680.0	10000000
330.0	680.0	10000000
340.0	680.0	10000000
350.0	680.0	10000000
360.0	680.0	10000000
370.0	680.0	10000000
380.0	680.0	10000000
390.0	680.0	10000000
400.0	680.0	10000000
410.0	680.0	10000000
420.0	680.0	10000000
430.0	680.0	10000000
440.0	680.0	10000000
450.0	680.0	10000000
460.0	680.0	10000000
470.0	680.0	10000000
480.0	680.0	10000000
490.0	680.0	10000000
500.0	680.0	10000000
510.0	680.0	10000000
520.0	680.0	10000000
530.0	680.0	10000000
540.0	680.0	10000000
550.0	680.0	10000000
560.0	680.0	10000000
570.0	680.0	10000000
580.0	680.0	10000000
590.0	680.0	10000000
600.0	680.0	10000000
610.0	680.0	10000000
620.0	680.0	10000000
630.0	680.0	10000000
640.0	680.0	10000000
650.0	680.0	10000000
660.0	680.0	10000000
670.0	680.0	10000000
680.0	680.0	10000000
690.0	680.0	10000000
700.0	680.0	10000000
710.0	680.0	10000000
720.0	680.0	10000000
730.0	680.0	10000000
740.0	680.0	10000000
750.0	680.0	10000000
760.0	680.0	10000000
770.0	680.0	10000000
780.0	680.0	0.0256
790.0	680.0	0.0328
800.0	680.0	0.0287
230.0	690.0	10000000
240.0	690.0	10000000
250.0	690.0	10000000
260.0	690.0	10000000
270.0	690.0	10000000
280.0	690.0	10000000
290.0	690.0	10000000
300.0	690.0	10000000
310.0	690.0	10000000
320.0	690.0	10000000
330.0	690.0	10000000
340.0	690.0	10000000
350.0	690.0	10000000
360.0	690.0	10000000
370.0	690.0	10000000
380.0	690.0	10000000
390.0	690.0	10000000
400.0	690.0	10000000
410.0	690.0	10000000
420.0	690.0	10000000
430.0	690.0	10000000
440.0	690.0	10000000
450.0	690.0	10000000
460.0	690.0	10000000
470.0	690.0	10000000
480.0	690.0	10000000
490.0	690.0	10000000
500.0	690.0	10000000
510.0	690.0	10000000
520.0	690.0	10000000
530.0	690.0	10000000
540.0	690.0	10000000
550.0	690.0	10000000
560.0	690.0	10000000
570.0	690.0	10000000
580.0	690.0	10000000
590.0	690.0	10000000
600.0	690.0	10000000
610.0	690.0	10000000
620.0	690.0	10000000
630.0	690.0	10000000
640.0	690.0	10000000
650.0	690.0	10000000
660.0	690.0	10000000
670.0	690.0	10000000
680.0	690.0	10000000
690.0	690.0	10000000
700.0	690.0	10000000
710.0	690.0	10000000
720.0	690.0	10000000
730.0	690.0	10000000
740.0	690.0	10000000
750.0	690.0	10000000
760.0	690.0	10000000
770.0	690.0	10000000
780.0	690.0	10000000
790.0	690.0	0.0261
800.0	690.0	0.0312
230.0	700.0	10000000
240.0	700.0	10000000
250.0	700.0	10000000
260.0	700.0	10000000
270.0	700.0	10000000
280.0	700.0	10000000
290.0	700.0	10000000
300.0	700.0	10000000
310.0	700.0	10000000
320.0	700.0	10000000
330.0	700.0	10000000
340.0	700.0	10000000
350.0	700.0	10000000
360.0	700.0	10000000
370.0	700.0	10000000
380.0	700.0	10000000
390.0	700.0	10000000
400.0	700.0	10000000
410.0	700.0	10000000
420.0	700.0	10000000
430.0	700.0	10000000
440.0	700.0	10000000
450.0	700.0	10000000
460.0	700.0	10000000
470.0	700.0	10000000
480.0	700.0	10000000
490.0	700.0	10000000
500.0	700.0	10000000
510.0	700.0	10000000
520.0	700.0	10000000
530.0	700.0	10000000
540.0	700.0	10000000
550.0	700.0	10000000
560.0	700.0	10000000
570.0	700.0	10000000
580.0	700.0	10000000
590.0	700.0	10000000
600.0	700.0	10000000
610.0	700.0	10000000
620.0	700.0	10000000
630.0	700.0	10000000
640.0	700.0	10000000
650.0	700.0	10000000
660.0	700.0	10000000
670.0	700.0	10000000
680.0	700.0	10000000
690.0	700.0	10000000
700.0	700.0	10000000
710.0	700.0	10000000
720.0	700.0	10000000
730.0	700.0	10000000
740.0	700.0	10000000
750.0	700.0	10000000
760.0	700.0	10000000
770.0	700.0	10000000
780.0	700.0	10000000
790.0	700.0	10000000
800.0	700.0	0.0284
