# ATLAS arXiv:1804.01126, Figure 5, upper right panel, data from HEPdata
# observed 95% exclusion limits on sigBR(gg->A->HZ->(bb)(ll))
# mA[GeV] | mH[GeV] | sig*BR_95% [pb]
230.0	130.0	0.687
240.0	130.0	0.826
250.0	130.0	0.563
260.0	130.0	0.348
270.0	130.0	0.55
280.0	130.0	0.252
290.0	130.0	0.23
300.0	130.0	0.165
310.0	130.0	0.168
320.0	130.0	0.205
330.0	130.0	0.267
340.0	130.0	0.207
350.0	130.0	0.159
360.0	130.0	0.203
370.0	130.0	0.214
380.0	130.0	0.251
390.0	130.0	0.205
400.0	130.0	0.138
410.0	130.0	0.168
420.0	130.0	0.183
430.0	130.0	0.247
440.0	130.0	0.187
450.0	130.0	0.164
460.0	130.0	0.136
470.0	130.0	0.101
480.0	130.0	0.0967
490.0	130.0	0.121
500.0	130.0	0.154
510.0	130.0	0.158
520.0	130.0	0.133
530.0	130.0	0.104
540.0	130.0	0.0784
550.0	130.0	0.0646
560.0	130.0	0.0606
570.0	130.0	0.0543
580.0	130.0	0.0483
590.0	130.0	0.0465
600.0	130.0	0.0478
610.0	130.0	0.0422
620.0	130.0	0.0335
630.0	130.0	0.028
640.0	130.0	0.0276
650.0	130.0	0.0284
660.0	130.0	0.0323
670.0	130.0	0.0427
680.0	130.0	0.0511
690.0	130.0	0.0545
700.0	130.0	0.0533
710.0	130.0	0.0459
720.0	130.0	0.0361
730.0	130.0	0.0276
740.0	130.0	0.0245
750.0	130.0	0.0244
760.0	130.0	0.0244
770.0	130.0	0.0228
780.0	130.0	0.0221
790.0	130.0	0.0237
800.0	130.0	0.0257
230.0	140.0	10000000
240.0	140.0	0.57
250.0	140.0	0.498
260.0	140.0	0.531
270.0	140.0	0.334
280.0	140.0	0.433
290.0	140.0	0.222
300.0	140.0	0.178
310.0	140.0	0.159
320.0	140.0	0.163
330.0	140.0	0.199
340.0	140.0	0.226
350.0	140.0	0.179
360.0	140.0	0.122
370.0	140.0	0.141
380.0	140.0	0.184
390.0	140.0	0.213
400.0	140.0	0.204
410.0	140.0	0.173
420.0	140.0	0.132
430.0	140.0	0.167
440.0	140.0	0.203
450.0	140.0	0.18
460.0	140.0	0.131
470.0	140.0	0.114
480.0	140.0	0.0879
490.0	140.0	0.0731
500.0	140.0	0.0778
510.0	140.0	0.0931
520.0	140.0	0.123
530.0	140.0	0.154
540.0	140.0	0.116
550.0	140.0	0.0952
560.0	140.0	0.0896
570.0	140.0	0.077
580.0	140.0	0.0774
590.0	140.0	0.0641
600.0	140.0	0.044
610.0	140.0	0.0351
620.0	140.0	0.03
630.0	140.0	0.0271
640.0	140.0	0.0262
650.0	140.0	0.0255
660.0	140.0	0.0243
670.0	140.0	0.0255
680.0	140.0	0.0241
690.0	140.0	0.0264
700.0	140.0	0.0343
710.0	140.0	0.0418
720.0	140.0	0.0444
730.0	140.0	0.0396
740.0	140.0	0.0283
750.0	140.0	0.0202
760.0	140.0	0.0184
770.0	140.0	0.0188
780.0	140.0	0.0185
790.0	140.0	0.0164
800.0	140.0	0.0139
230.0	150.0	10000000
240.0	150.0	10000000
250.0	150.0	0.686
260.0	150.0	0.335
270.0	150.0	0.417
280.0	150.0	0.28
290.0	150.0	0.393
300.0	150.0	0.334
310.0	150.0	0.175
320.0	150.0	0.182
330.0	150.0	0.173
340.0	150.0	0.212
350.0	150.0	0.18
360.0	150.0	0.164
370.0	150.0	0.141
380.0	150.0	0.13
390.0	150.0	0.137
400.0	150.0	0.142
410.0	150.0	0.133
420.0	150.0	0.131
430.0	150.0	0.132
440.0	150.0	0.162
450.0	150.0	0.226
460.0	150.0	0.233
470.0	150.0	0.201
480.0	150.0	0.168
490.0	150.0	0.122
500.0	150.0	0.0998
510.0	150.0	0.0819
520.0	150.0	0.0718
530.0	150.0	0.0794
540.0	150.0	0.0929
550.0	150.0	0.0973
560.0	150.0	0.0845
570.0	150.0	0.0689
580.0	150.0	0.0628
590.0	150.0	0.069
600.0	150.0	0.0673
610.0	150.0	0.0573
620.0	150.0	0.0406
630.0	150.0	0.0319
640.0	150.0	0.0293
650.0	150.0	0.0292
660.0	150.0	0.0269
670.0	150.0	0.0235
680.0	150.0	0.0223
690.0	150.0	0.0231
700.0	150.0	0.0212
710.0	150.0	0.0203
720.0	150.0	0.0234
730.0	150.0	0.0278
740.0	150.0	0.0322
750.0	150.0	0.0335
760.0	150.0	0.0306
770.0	150.0	0.0237
780.0	150.0	0.0189
790.0	150.0	0.017
800.0	150.0	0.0159
230.0	160.0	10000000
240.0	160.0	10000000
250.0	160.0	10000000
260.0	160.0	0.453
270.0	160.0	0.376
280.0	160.0	0.335
290.0	160.0	0.33
300.0	160.0	0.37
310.0	160.0	0.352
320.0	160.0	0.146
330.0	160.0	0.123
340.0	160.0	0.122
350.0	160.0	0.15
360.0	160.0	0.132
370.0	160.0	0.107
380.0	160.0	0.127
390.0	160.0	0.0949
400.0	160.0	0.105
410.0	160.0	0.142
420.0	160.0	0.12
430.0	160.0	0.107
440.0	160.0	0.106
450.0	160.0	0.102
460.0	160.0	0.134
470.0	160.0	0.173
480.0	160.0	0.178
490.0	160.0	0.133
500.0	160.0	0.111
510.0	160.0	0.0948
520.0	160.0	0.0728
530.0	160.0	0.062
540.0	160.0	0.0587
550.0	160.0	0.0684
560.0	160.0	0.0919
570.0	160.0	0.106
580.0	160.0	0.0894
590.0	160.0	0.0787
600.0	160.0	0.0555
610.0	160.0	0.0524
620.0	160.0	0.0557
630.0	160.0	0.0487
640.0	160.0	0.0415
650.0	160.0	0.0442
660.0	160.0	0.0441
670.0	160.0	0.0454
680.0	160.0	0.0411
690.0	160.0	0.0371
700.0	160.0	0.0317
710.0	160.0	0.0282
720.0	160.0	0.0253
730.0	160.0	0.025
740.0	160.0	0.0265
750.0	160.0	0.0289
760.0	160.0	0.0303
770.0	160.0	0.0301
780.0	160.0	0.0286
790.0	160.0	0.024
800.0	160.0	0.019
230.0	170.0	10000000
240.0	170.0	10000000
250.0	170.0	10000000
260.0	170.0	10000000
270.0	170.0	0.299
280.0	170.0	0.304
290.0	170.0	0.618
300.0	170.0	0.378
310.0	170.0	0.412
320.0	170.0	0.359
330.0	170.0	0.147
340.0	170.0	0.117
350.0	170.0	0.124
360.0	170.0	0.141
370.0	170.0	0.161
380.0	170.0	0.112
390.0	170.0	0.117
400.0	170.0	0.0931
410.0	170.0	0.0868
420.0	170.0	0.109
430.0	170.0	0.114
440.0	170.0	0.0811
450.0	170.0	0.0892
460.0	170.0	0.102
470.0	170.0	0.119
480.0	170.0	0.152
490.0	170.0	0.179
500.0	170.0	0.153
510.0	170.0	0.129
520.0	170.0	0.108
530.0	170.0	0.0835
540.0	170.0	0.0634
550.0	170.0	0.0564
560.0	170.0	0.0515
570.0	170.0	0.0599
580.0	170.0	0.0858
590.0	170.0	0.0998
600.0	170.0	0.1
610.0	170.0	0.0919
620.0	170.0	0.0685
630.0	170.0	0.0638
640.0	170.0	0.0682
650.0	170.0	0.0537
660.0	170.0	0.0483
670.0	170.0	0.0502
680.0	170.0	0.0549
690.0	170.0	0.0536
700.0	170.0	0.0434
710.0	170.0	0.031
720.0	170.0	0.0224
730.0	170.0	0.0192
740.0	170.0	0.0181
750.0	170.0	0.0209
760.0	170.0	0.0263
770.0	170.0	0.0306
780.0	170.0	0.0328
790.0	170.0	0.0338
800.0	170.0	0.0338
230.0	180.0	10000000
240.0	180.0	10000000
250.0	180.0	10000000
260.0	180.0	10000000
270.0	180.0	10000000
280.0	180.0	0.212
290.0	180.0	0.373
300.0	180.0	0.625
310.0	180.0	0.28
320.0	180.0	0.277
330.0	180.0	0.292
340.0	180.0	0.155
350.0	180.0	0.117
360.0	180.0	0.112
370.0	180.0	0.168
380.0	180.0	0.211
390.0	180.0	0.127
400.0	180.0	0.15
410.0	180.0	0.13
420.0	180.0	0.119
430.0	180.0	0.115
440.0	180.0	0.12
450.0	180.0	0.0976
460.0	180.0	0.0884
470.0	180.0	0.0862
480.0	180.0	0.0841
490.0	180.0	0.104
500.0	180.0	0.146
510.0	180.0	0.149
520.0	180.0	0.122
530.0	180.0	0.104
540.0	180.0	0.0741
550.0	180.0	0.0523
560.0	180.0	0.0373
570.0	180.0	0.0302
580.0	180.0	0.028
590.0	180.0	0.0346
600.0	180.0	0.0488
610.0	180.0	0.0543
620.0	180.0	0.0543
630.0	180.0	0.0446
640.0	180.0	0.0386
650.0	180.0	0.0462
660.0	180.0	0.0518
670.0	180.0	0.049
680.0	180.0	0.045
690.0	180.0	0.0435
700.0	180.0	0.0457
710.0	180.0	0.0465
720.0	180.0	0.0394
730.0	180.0	0.0315
740.0	180.0	0.028
750.0	180.0	0.0249
760.0	180.0	0.0219
770.0	180.0	0.0222
780.0	180.0	0.0256
790.0	180.0	0.031
800.0	180.0	0.0358
230.0	190.0	10000000
240.0	190.0	10000000
250.0	190.0	10000000
260.0	190.0	10000000
270.0	190.0	10000000
280.0	190.0	10000000
290.0	190.0	0.26
300.0	190.0	0.334
310.0	190.0	0.448
320.0	190.0	0.262
330.0	190.0	0.255
340.0	190.0	0.259
350.0	190.0	0.156
360.0	190.0	0.105
370.0	190.0	0.0959
380.0	190.0	0.141
390.0	190.0	0.231
400.0	190.0	0.154
410.0	190.0	0.174
420.0	190.0	0.153
430.0	190.0	0.12
440.0	190.0	0.0946
450.0	190.0	0.0882
460.0	190.0	0.0872
470.0	190.0	0.0595
480.0	190.0	0.0525
490.0	190.0	0.0538
500.0	190.0	0.0528
510.0	190.0	0.062
520.0	190.0	0.0929
530.0	190.0	0.109
540.0	190.0	0.119
550.0	190.0	0.106
560.0	190.0	0.0831
570.0	190.0	0.0643
580.0	190.0	0.0495
590.0	190.0	0.0346
600.0	190.0	0.0307
610.0	190.0	0.0369
620.0	190.0	0.0461
630.0	190.0	0.0552
640.0	190.0	0.0574
650.0	190.0	0.0511
660.0	190.0	0.05
670.0	190.0	0.0569
680.0	190.0	0.058
690.0	190.0	0.0559
700.0	190.0	0.0475
710.0	190.0	0.0433
720.0	190.0	0.0448
730.0	190.0	0.0434
740.0	190.0	0.0382
750.0	190.0	0.0298
760.0	190.0	0.0257
770.0	190.0	0.0226
780.0	190.0	0.0186
790.0	190.0	0.017
800.0	190.0	0.0184
230.0	200.0	10000000
240.0	200.0	10000000
250.0	200.0	10000000
260.0	200.0	10000000
270.0	200.0	10000000
280.0	200.0	10000000
290.0	200.0	10000000
300.0	200.0	0.21
310.0	200.0	0.441
320.0	200.0	0.376
330.0	200.0	0.245
340.0	200.0	0.252
350.0	200.0	0.24
360.0	200.0	0.167
370.0	200.0	0.121
380.0	200.0	0.132
390.0	200.0	0.139
400.0	200.0	0.163
410.0	200.0	0.146
420.0	200.0	0.154
430.0	200.0	0.167
440.0	200.0	0.124
450.0	200.0	0.11
460.0	200.0	0.132
470.0	200.0	0.135
480.0	200.0	0.0789
490.0	200.0	0.055
500.0	200.0	0.0508
510.0	200.0	0.0548
520.0	200.0	0.0577
530.0	200.0	0.0628
540.0	200.0	0.0665
550.0	200.0	0.0832
560.0	200.0	0.109
570.0	200.0	0.0988
580.0	200.0	0.0709
590.0	200.0	0.0496
600.0	200.0	0.0368
610.0	200.0	0.0282
620.0	200.0	0.0278
630.0	200.0	0.0322
640.0	200.0	0.0374
650.0	200.0	0.0427
660.0	200.0	0.0454
670.0	200.0	0.0456
680.0	200.0	0.045
690.0	200.0	0.0513
700.0	200.0	0.0548
710.0	200.0	0.0524
720.0	200.0	0.0493
730.0	200.0	0.0516
740.0	200.0	0.0551
750.0	200.0	0.0537
760.0	200.0	0.0422
770.0	200.0	0.0293
780.0	200.0	0.0229
790.0	200.0	0.02
800.0	200.0	0.0181
230.0	210.0	10000000
240.0	210.0	10000000
250.0	210.0	10000000
260.0	210.0	10000000
270.0	210.0	10000000
280.0	210.0	10000000
290.0	210.0	10000000
300.0	210.0	10000000
310.0	210.0	0.219
320.0	210.0	0.517
330.0	210.0	0.261
340.0	210.0	0.149
350.0	210.0	0.196
360.0	210.0	0.187
370.0	210.0	0.179
380.0	210.0	0.131
390.0	210.0	0.123
400.0	210.0	0.126
410.0	210.0	0.164
420.0	210.0	0.127
430.0	210.0	0.139
440.0	210.0	0.182
450.0	210.0	0.115
460.0	210.0	0.113
470.0	210.0	0.115
480.0	210.0	0.116
490.0	210.0	0.0966
500.0	210.0	0.0697
510.0	210.0	0.0439
520.0	210.0	0.0414
530.0	210.0	0.0418
540.0	210.0	0.0468
550.0	210.0	0.0524
560.0	210.0	0.0653
570.0	210.0	0.0978
580.0	210.0	0.104
590.0	210.0	0.0852
600.0	210.0	0.0649
610.0	210.0	0.0451
620.0	210.0	0.0333
630.0	210.0	0.0269
640.0	210.0	0.0294
650.0	210.0	0.0342
660.0	210.0	0.0414
670.0	210.0	0.0501
680.0	210.0	0.0511
690.0	210.0	0.048
700.0	210.0	0.0447
710.0	210.0	0.0475
720.0	210.0	0.0471
730.0	210.0	0.0465
740.0	210.0	0.0474
750.0	210.0	0.0519
760.0	210.0	0.0513
770.0	210.0	0.0457
780.0	210.0	0.0329
790.0	210.0	0.0255
800.0	210.0	0.0217
230.0	220.0	10000000
240.0	220.0	10000000
250.0	220.0	10000000
260.0	220.0	10000000
270.0	220.0	10000000
280.0	220.0	10000000
290.0	220.0	10000000
300.0	220.0	10000000
310.0	220.0	10000000
320.0	220.0	0.208
330.0	220.0	0.352
340.0	220.0	0.247
350.0	220.0	0.157
360.0	220.0	0.192
370.0	220.0	0.186
380.0	220.0	0.169
390.0	220.0	0.136
400.0	220.0	0.14
410.0	220.0	0.131
420.0	220.0	0.144
430.0	220.0	0.131
440.0	220.0	0.132
450.0	220.0	0.201
460.0	220.0	0.123
470.0	220.0	0.11
480.0	220.0	0.127
490.0	220.0	0.118
500.0	220.0	0.113
510.0	220.0	0.0775
520.0	220.0	0.0494
530.0	220.0	0.0399
540.0	220.0	0.0388
550.0	220.0	0.0434
560.0	220.0	0.047
570.0	220.0	0.046
580.0	220.0	0.0558
590.0	220.0	0.0761
600.0	220.0	0.0776
610.0	220.0	0.0637
620.0	220.0	0.0493
630.0	220.0	0.0392
640.0	220.0	0.0322
650.0	220.0	0.0304
660.0	220.0	0.0323
670.0	220.0	0.0389
680.0	220.0	0.0528
690.0	220.0	0.061
700.0	220.0	0.0578
710.0	220.0	0.0506
720.0	220.0	0.044
730.0	220.0	0.0421
740.0	220.0	0.0371
750.0	220.0	0.0314
760.0	220.0	0.0338
770.0	220.0	0.0427
780.0	220.0	0.0496
790.0	220.0	0.0502
800.0	220.0	0.0386
230.0	230.0	10000000
240.0	230.0	10000000
250.0	230.0	10000000
260.0	230.0	10000000
270.0	230.0	10000000
280.0	230.0	10000000
290.0	230.0	10000000
300.0	230.0	10000000
310.0	230.0	10000000
320.0	230.0	10000000
330.0	230.0	0.126
340.0	230.0	0.361
350.0	230.0	0.3
360.0	230.0	0.172
370.0	230.0	0.167
380.0	230.0	0.208
390.0	230.0	0.136
400.0	230.0	0.137
410.0	230.0	0.152
420.0	230.0	0.183
430.0	230.0	0.148
440.0	230.0	0.152
450.0	230.0	0.154
460.0	230.0	0.183
470.0	230.0	0.143
480.0	230.0	0.119
490.0	230.0	0.126
500.0	230.0	0.112
510.0	230.0	0.0851
520.0	230.0	0.0727
530.0	230.0	0.0583
540.0	230.0	0.0393
550.0	230.0	0.0365
560.0	230.0	0.0342
570.0	230.0	0.0396
580.0	230.0	0.0399
590.0	230.0	0.044
600.0	230.0	0.058
610.0	230.0	0.0792
620.0	230.0	0.0686
630.0	230.0	0.0455
640.0	230.0	0.032
650.0	230.0	0.0277
660.0	230.0	0.0249
670.0	230.0	0.0267
680.0	230.0	0.0333
690.0	230.0	0.0455
700.0	230.0	0.058
710.0	230.0	0.0604
720.0	230.0	0.0528
730.0	230.0	0.0445
740.0	230.0	0.0415
750.0	230.0	0.0426
760.0	230.0	0.0457
770.0	230.0	0.0391
780.0	230.0	0.0363
790.0	230.0	0.0388
800.0	230.0	0.0409
230.0	240.0	10000000
240.0	240.0	10000000
250.0	240.0	10000000
260.0	240.0	10000000
270.0	240.0	10000000
280.0	240.0	10000000
290.0	240.0	10000000
300.0	240.0	10000000
310.0	240.0	10000000
320.0	240.0	10000000
330.0	240.0	10000000
340.0	240.0	0.14
350.0	240.0	0.25
360.0	240.0	0.299
370.0	240.0	0.151
380.0	240.0	0.175
390.0	240.0	0.185
400.0	240.0	0.148
410.0	240.0	0.175
420.0	240.0	0.199
430.0	240.0	0.232
440.0	240.0	0.198
450.0	240.0	0.178
460.0	240.0	0.126
470.0	240.0	0.154
480.0	240.0	0.135
490.0	240.0	0.101
500.0	240.0	0.116
510.0	240.0	0.121
520.0	240.0	0.105
530.0	240.0	0.0882
540.0	240.0	0.0758
550.0	240.0	0.0532
560.0	240.0	0.0423
570.0	240.0	0.0376
580.0	240.0	0.0395
590.0	240.0	0.0443
600.0	240.0	0.0396
610.0	240.0	0.0428
620.0	240.0	0.0541
630.0	240.0	0.0526
640.0	240.0	0.0419
650.0	240.0	0.0319
660.0	240.0	0.0262
670.0	240.0	0.0241
680.0	240.0	0.0243
690.0	240.0	0.0264
700.0	240.0	0.0314
710.0	240.0	0.0394
720.0	240.0	0.0483
730.0	240.0	0.0507
740.0	240.0	0.0487
750.0	240.0	0.0429
760.0	240.0	0.0442
770.0	240.0	0.0459
780.0	240.0	0.0418
790.0	240.0	0.0347
800.0	240.0	0.0284
230.0	250.0	10000000
240.0	250.0	10000000
250.0	250.0	10000000
260.0	250.0	10000000
270.0	250.0	10000000
280.0	250.0	10000000
290.0	250.0	10000000
300.0	250.0	10000000
310.0	250.0	10000000
320.0	250.0	10000000
330.0	250.0	10000000
340.0	250.0	10000000
350.0	250.0	0.202
360.0	250.0	0.213
370.0	250.0	0.24
380.0	250.0	0.122
390.0	250.0	0.156
400.0	250.0	0.146
410.0	250.0	0.132
420.0	250.0	0.132
430.0	250.0	0.141
440.0	250.0	0.237
450.0	250.0	0.207
460.0	250.0	0.155
470.0	250.0	0.114
480.0	250.0	0.122
490.0	250.0	0.102
500.0	250.0	0.0885
510.0	250.0	0.0979
520.0	250.0	0.124
530.0	250.0	0.086
540.0	250.0	0.0632
550.0	250.0	0.0788
560.0	250.0	0.0725
570.0	250.0	0.0563
580.0	250.0	0.0446
590.0	250.0	0.0355
600.0	250.0	0.0364
610.0	250.0	0.0324
620.0	250.0	0.0315
630.0	250.0	0.0404
640.0	250.0	0.0503
650.0	250.0	0.048
660.0	250.0	0.0364
670.0	250.0	0.0291
680.0	250.0	0.0289
690.0	250.0	0.0314
700.0	250.0	0.0326
710.0	250.0	0.0339
720.0	250.0	0.0374
730.0	250.0	0.0437
740.0	250.0	0.0477
750.0	250.0	0.0462
760.0	250.0	0.0415
770.0	250.0	0.0402
780.0	250.0	0.0425
790.0	250.0	0.042
800.0	250.0	0.0379
230.0	260.0	10000000
240.0	260.0	10000000
250.0	260.0	10000000
260.0	260.0	10000000
270.0	260.0	10000000
280.0	260.0	10000000
290.0	260.0	10000000
300.0	260.0	10000000
310.0	260.0	10000000
320.0	260.0	10000000
330.0	260.0	10000000
340.0	260.0	10000000
350.0	260.0	10000000
360.0	260.0	0.317
370.0	260.0	0.157
380.0	260.0	0.163
390.0	260.0	0.133
400.0	260.0	0.142
410.0	260.0	0.134
420.0	260.0	0.138
430.0	260.0	0.175
440.0	260.0	0.139
450.0	260.0	0.227
460.0	260.0	0.21
470.0	260.0	0.146
480.0	260.0	0.138
490.0	260.0	0.133
500.0	260.0	0.0868
510.0	260.0	0.0634
520.0	260.0	0.0573
530.0	260.0	0.0824
540.0	260.0	0.0846
550.0	260.0	0.0632
560.0	260.0	0.0671
570.0	260.0	0.0646
580.0	260.0	0.0481
590.0	260.0	0.0429
600.0	260.0	0.0348
610.0	260.0	0.0383
620.0	260.0	0.0453
630.0	260.0	0.0414
640.0	260.0	0.0499
650.0	260.0	0.0688
660.0	260.0	0.0738
670.0	260.0	0.0584
680.0	260.0	0.0427
690.0	260.0	0.0369
700.0	260.0	0.0419
710.0	260.0	0.0403
720.0	260.0	0.0358
730.0	260.0	0.0323
740.0	260.0	0.0312
750.0	260.0	0.0327
760.0	260.0	0.033
770.0	260.0	0.032
780.0	260.0	0.0327
790.0	260.0	0.0328
800.0	260.0	0.0334
230.0	270.0	10000000
240.0	270.0	10000000
250.0	270.0	10000000
260.0	270.0	10000000
270.0	270.0	10000000
280.0	270.0	10000000
290.0	270.0	10000000
300.0	270.0	10000000
310.0	270.0	10000000
320.0	270.0	10000000
330.0	270.0	10000000
340.0	270.0	10000000
350.0	270.0	10000000
360.0	270.0	10000000
370.0	270.0	0.295
380.0	270.0	0.15
390.0	270.0	0.21
400.0	270.0	0.153
410.0	270.0	0.15
420.0	270.0	0.112
430.0	270.0	0.103
440.0	270.0	0.128
450.0	270.0	0.129
460.0	270.0	0.184
470.0	270.0	0.174
480.0	270.0	0.131
490.0	270.0	0.13
500.0	270.0	0.117
510.0	270.0	0.0729
520.0	270.0	0.0582
530.0	270.0	0.0628
540.0	270.0	0.087
550.0	270.0	0.0994
560.0	270.0	0.072
570.0	270.0	0.0765
580.0	270.0	0.093
590.0	270.0	0.0823
600.0	270.0	0.0632
610.0	270.0	0.0507
620.0	270.0	0.0462
630.0	270.0	0.0473
640.0	270.0	0.0386
650.0	270.0	0.0373
660.0	270.0	0.0477
670.0	270.0	0.0559
680.0	270.0	0.0462
690.0	270.0	0.0383
700.0	270.0	0.0358
710.0	270.0	0.0424
720.0	270.0	0.0436
730.0	270.0	0.0387
740.0	270.0	0.0357
750.0	270.0	0.0346
760.0	270.0	0.0343
770.0	270.0	0.037
780.0	270.0	0.0383
790.0	270.0	0.0392
800.0	270.0	0.0363
230.0	280.0	10000000
240.0	280.0	10000000
250.0	280.0	10000000
260.0	280.0	10000000
270.0	280.0	10000000
280.0	280.0	10000000
290.0	280.0	10000000
300.0	280.0	10000000
310.0	280.0	10000000
320.0	280.0	10000000
330.0	280.0	10000000
340.0	280.0	10000000
350.0	280.0	10000000
360.0	280.0	10000000
370.0	280.0	10000000
380.0	280.0	0.277
390.0	280.0	0.136
400.0	280.0	0.199
410.0	280.0	0.158
420.0	280.0	0.133
430.0	280.0	0.0934
440.0	280.0	0.104
450.0	280.0	0.1
460.0	280.0	0.103
470.0	280.0	0.149
480.0	280.0	0.175
490.0	280.0	0.173
500.0	280.0	0.138
510.0	280.0	0.131
520.0	280.0	0.0815
530.0	280.0	0.0624
540.0	280.0	0.0648
550.0	280.0	0.0755
560.0	280.0	0.081
570.0	280.0	0.0604
580.0	280.0	0.0561
590.0	280.0	0.075
600.0	280.0	0.0821
610.0	280.0	0.0693
620.0	280.0	0.0578
630.0	280.0	0.044
640.0	280.0	0.0463
650.0	280.0	0.0401
660.0	280.0	0.0351
670.0	280.0	0.0435
680.0	280.0	0.056
690.0	280.0	0.0525
700.0	280.0	0.0408
710.0	280.0	0.0338
720.0	280.0	0.0362
730.0	280.0	0.0463
740.0	280.0	0.0491
750.0	280.0	0.0438
760.0	280.0	0.0375
770.0	280.0	0.0329
780.0	280.0	0.0336
790.0	280.0	0.0374
800.0	280.0	0.0373
230.0	290.0	10000000
240.0	290.0	10000000
250.0	290.0	10000000
260.0	290.0	10000000
270.0	290.0	10000000
280.0	290.0	10000000
290.0	290.0	10000000
300.0	290.0	10000000
310.0	290.0	10000000
320.0	290.0	10000000
330.0	290.0	10000000
340.0	290.0	10000000
350.0	290.0	10000000
360.0	290.0	10000000
370.0	290.0	10000000
380.0	290.0	10000000
390.0	290.0	0.259
400.0	290.0	0.102
410.0	290.0	0.214
420.0	290.0	0.178
430.0	290.0	0.127
440.0	290.0	0.096
450.0	290.0	0.109
460.0	290.0	0.145
470.0	290.0	0.0905
480.0	290.0	0.124
490.0	290.0	0.139
500.0	290.0	0.134
510.0	290.0	0.124
520.0	290.0	0.107
530.0	290.0	0.0658
540.0	290.0	0.0529
550.0	290.0	0.0559
560.0	290.0	0.0579
570.0	290.0	0.0713
580.0	290.0	0.066
590.0	290.0	0.0491
600.0	290.0	0.0725
610.0	290.0	0.0898
620.0	290.0	0.0687
630.0	290.0	0.0585
640.0	290.0	0.0539
650.0	290.0	0.0431
660.0	290.0	0.0421
670.0	290.0	0.036
680.0	290.0	0.0396
690.0	290.0	0.0523
700.0	290.0	0.059
710.0	290.0	0.0476
720.0	290.0	0.0373
730.0	290.0	0.0364
740.0	290.0	0.0462
750.0	290.0	0.0561
760.0	290.0	0.056
770.0	290.0	0.049
780.0	290.0	0.0412
790.0	290.0	0.0383
800.0	290.0	0.0356
230.0	300.0	10000000
240.0	300.0	10000000
250.0	300.0	10000000
260.0	300.0	10000000
270.0	300.0	10000000
280.0	300.0	10000000
290.0	300.0	10000000
300.0	300.0	10000000
310.0	300.0	10000000
320.0	300.0	10000000
330.0	300.0	10000000
340.0	300.0	10000000
350.0	300.0	10000000
360.0	300.0	10000000
370.0	300.0	10000000
380.0	300.0	10000000
390.0	300.0	10000000
400.0	300.0	0.255
410.0	300.0	0.0967
420.0	300.0	0.255
430.0	300.0	0.21
440.0	300.0	0.11
450.0	300.0	0.0752
460.0	300.0	0.111
470.0	300.0	0.151
480.0	300.0	0.0996
490.0	300.0	0.0978
500.0	300.0	0.104
510.0	300.0	0.102
520.0	300.0	0.0823
530.0	300.0	0.105
540.0	300.0	0.0779
550.0	300.0	0.0508
560.0	300.0	0.0515
570.0	300.0	0.0672
580.0	300.0	0.0828
590.0	300.0	0.0615
600.0	300.0	0.0429
610.0	300.0	0.06
620.0	300.0	0.0851
630.0	300.0	0.071
640.0	300.0	0.0608
650.0	300.0	0.0513
660.0	300.0	0.0483
670.0	300.0	0.0489
680.0	300.0	0.0447
690.0	300.0	0.0403
700.0	300.0	0.0445
710.0	300.0	0.0605
720.0	300.0	0.0603
730.0	300.0	0.0447
740.0	300.0	0.0396
750.0	300.0	0.0474
760.0	300.0	0.0528
770.0	300.0	0.0516
780.0	300.0	0.0449
790.0	300.0	0.036
800.0	300.0	0.0283
230.0	310.0	10000000
240.0	310.0	10000000
250.0	310.0	10000000
260.0	310.0	10000000
270.0	310.0	10000000
280.0	310.0	10000000
290.0	310.0	10000000
300.0	310.0	10000000
310.0	310.0	10000000
320.0	310.0	10000000
330.0	310.0	10000000
340.0	310.0	10000000
350.0	310.0	10000000
360.0	310.0	10000000
370.0	310.0	10000000
380.0	310.0	10000000
390.0	310.0	10000000
400.0	310.0	10000000
410.0	310.0	0.265
420.0	310.0	0.0958
430.0	310.0	0.196
440.0	310.0	0.207
450.0	310.0	0.11
460.0	310.0	0.0596
470.0	310.0	0.0975
480.0	310.0	0.114
490.0	310.0	0.0969
500.0	310.0	0.0939
510.0	310.0	0.113
520.0	310.0	0.136
530.0	310.0	0.0925
540.0	310.0	0.102
550.0	310.0	0.0688
560.0	310.0	0.0416
570.0	310.0	0.0412
580.0	310.0	0.0458
590.0	310.0	0.0617
600.0	310.0	0.0657
610.0	310.0	0.0433
620.0	310.0	0.0449
630.0	310.0	0.067
640.0	310.0	0.0728
650.0	310.0	0.066
660.0	310.0	0.0491
670.0	310.0	0.0369
680.0	310.0	0.0423
690.0	310.0	0.0457
700.0	310.0	0.0395
710.0	310.0	0.0388
720.0	310.0	0.0414
730.0	310.0	0.0445
740.0	310.0	0.0405
750.0	310.0	0.0353
760.0	310.0	0.0404
770.0	310.0	0.051
780.0	310.0	0.0531
790.0	310.0	0.0535
800.0	310.0	0.0466
230.0	320.0	10000000
240.0	320.0	10000000
250.0	320.0	10000000
260.0	320.0	10000000
270.0	320.0	10000000
280.0	320.0	10000000
290.0	320.0	10000000
300.0	320.0	10000000
310.0	320.0	10000000
320.0	320.0	10000000
330.0	320.0	10000000
340.0	320.0	10000000
350.0	320.0	10000000
360.0	320.0	10000000
370.0	320.0	10000000
380.0	320.0	10000000
390.0	320.0	10000000
400.0	320.0	10000000
410.0	320.0	10000000
420.0	320.0	0.308
430.0	320.0	0.114
440.0	320.0	0.148
450.0	320.0	0.194
460.0	320.0	0.118
470.0	320.0	0.0582
480.0	320.0	0.0807
490.0	320.0	0.0836
500.0	320.0	0.0679
510.0	320.0	0.0658
520.0	320.0	0.0983
530.0	320.0	0.148
540.0	320.0	0.107
550.0	320.0	0.11
560.0	320.0	0.0868
570.0	320.0	0.0462
580.0	320.0	0.0389
590.0	320.0	0.048
600.0	320.0	0.0547
610.0	320.0	0.0528
620.0	320.0	0.0442
630.0	320.0	0.0511
640.0	320.0	0.073
650.0	320.0	0.0801
660.0	320.0	0.0695
670.0	320.0	0.0599
680.0	320.0	0.0533
690.0	320.0	0.056
700.0	320.0	0.0634
710.0	320.0	0.0614
720.0	320.0	0.06
730.0	320.0	0.0603
740.0	320.0	0.0579
750.0	320.0	0.0496
760.0	320.0	0.0389
770.0	320.0	0.0372
780.0	320.0	0.046
790.0	320.0	0.0533
800.0	320.0	0.049
230.0	330.0	10000000
240.0	330.0	10000000
250.0	330.0	10000000
260.0	330.0	10000000
270.0	330.0	10000000
280.0	330.0	10000000
290.0	330.0	10000000
300.0	330.0	10000000
310.0	330.0	10000000
320.0	330.0	10000000
330.0	330.0	10000000
340.0	330.0	10000000
350.0	330.0	10000000
360.0	330.0	10000000
370.0	330.0	10000000
380.0	330.0	10000000
390.0	330.0	10000000
400.0	330.0	10000000
410.0	330.0	10000000
420.0	330.0	10000000
430.0	330.0	0.254
440.0	330.0	0.141
450.0	330.0	0.176
460.0	330.0	0.211
470.0	330.0	0.126
480.0	330.0	0.0529
490.0	330.0	0.0745
500.0	330.0	0.0733
510.0	330.0	0.0622
520.0	330.0	0.0694
530.0	330.0	0.0858
540.0	330.0	0.1
550.0	330.0	0.0694
560.0	330.0	0.0726
570.0	330.0	0.0823
580.0	330.0	0.0524
590.0	330.0	0.0396
600.0	330.0	0.0506
610.0	330.0	0.0551
620.0	330.0	0.0543
630.0	330.0	0.0434
640.0	330.0	0.042
650.0	330.0	0.0655
660.0	330.0	0.0733
670.0	330.0	0.0587
680.0	330.0	0.0545
690.0	330.0	0.059
700.0	330.0	0.0632
710.0	330.0	0.0758
720.0	330.0	0.0797
730.0	330.0	0.0716
740.0	330.0	0.0665
750.0	330.0	0.0652
760.0	330.0	0.0572
770.0	330.0	0.0441
780.0	330.0	0.0391
790.0	330.0	0.0429
800.0	330.0	0.0513
230.0	340.0	10000000
240.0	340.0	10000000
250.0	340.0	10000000
260.0	340.0	10000000
270.0	340.0	10000000
280.0	340.0	10000000
290.0	340.0	10000000
300.0	340.0	10000000
310.0	340.0	10000000
320.0	340.0	10000000
330.0	340.0	10000000
340.0	340.0	10000000
350.0	340.0	10000000
360.0	340.0	10000000
370.0	340.0	10000000
380.0	340.0	10000000
390.0	340.0	10000000
400.0	340.0	10000000
410.0	340.0	10000000
420.0	340.0	10000000
430.0	340.0	10000000
440.0	340.0	0.248
450.0	340.0	0.134
460.0	340.0	0.181
470.0	340.0	0.189
480.0	340.0	0.113
490.0	340.0	0.05
500.0	340.0	0.0655
510.0	340.0	0.0721
520.0	340.0	0.0604
530.0	340.0	0.0645
540.0	340.0	0.0711
550.0	340.0	0.0907
560.0	340.0	0.0751
570.0	340.0	0.0668
580.0	340.0	0.0678
590.0	340.0	0.0503
600.0	340.0	0.0392
610.0	340.0	0.0427
620.0	340.0	0.0537
630.0	340.0	0.061
640.0	340.0	0.0531
650.0	340.0	0.055
660.0	340.0	0.0789
670.0	340.0	0.0819
680.0	340.0	0.061
690.0	340.0	0.0513
700.0	340.0	0.056
710.0	340.0	0.0641
720.0	340.0	0.0728
730.0	340.0	0.0801
740.0	340.0	0.0741
750.0	340.0	0.0657
760.0	340.0	0.0667
770.0	340.0	0.0638
780.0	340.0	0.0539
790.0	340.0	0.0413
800.0	340.0	0.0373
230.0	350.0	10000000
240.0	350.0	10000000
250.0	350.0	10000000
260.0	350.0	10000000
270.0	350.0	10000000
280.0	350.0	10000000
290.0	350.0	10000000
300.0	350.0	10000000
310.0	350.0	10000000
320.0	350.0	10000000
330.0	350.0	10000000
340.0	350.0	10000000
350.0	350.0	10000000
360.0	350.0	10000000
370.0	350.0	10000000
380.0	350.0	10000000
390.0	350.0	10000000
400.0	350.0	10000000
410.0	350.0	10000000
420.0	350.0	10000000
430.0	350.0	10000000
440.0	350.0	10000000
450.0	350.0	0.176
460.0	350.0	0.144
470.0	350.0	0.21
480.0	350.0	0.205
490.0	350.0	0.102
500.0	350.0	0.0415
510.0	350.0	0.0547
520.0	350.0	0.0769
530.0	350.0	0.0824
540.0	350.0	0.0899
550.0	350.0	0.101
560.0	350.0	0.118
570.0	350.0	0.0897
580.0	350.0	0.0608
590.0	350.0	0.0568
600.0	350.0	0.0439
610.0	350.0	0.0354
620.0	350.0	0.0367
630.0	350.0	0.0435
640.0	350.0	0.0583
650.0	350.0	0.0602
660.0	350.0	0.0518
670.0	350.0	0.0674
680.0	350.0	0.0787
690.0	350.0	0.0577
700.0	350.0	0.041
710.0	350.0	0.0448
720.0	350.0	0.0521
730.0	350.0	0.0672
740.0	350.0	0.0808
750.0	350.0	0.0802
760.0	350.0	0.072
770.0	350.0	0.0584
780.0	350.0	0.0473
790.0	350.0	0.0392
800.0	350.0	0.0345
230.0	360.0	10000000
240.0	360.0	10000000
250.0	360.0	10000000
260.0	360.0	10000000
270.0	360.0	10000000
280.0	360.0	10000000
290.0	360.0	10000000
300.0	360.0	10000000
310.0	360.0	10000000
320.0	360.0	10000000
330.0	360.0	10000000
340.0	360.0	10000000
350.0	360.0	10000000
360.0	360.0	10000000
370.0	360.0	10000000
380.0	360.0	10000000
390.0	360.0	10000000
400.0	360.0	10000000
410.0	360.0	10000000
420.0	360.0	10000000
430.0	360.0	10000000
440.0	360.0	10000000
450.0	360.0	10000000
460.0	360.0	0.239
470.0	360.0	0.178
480.0	360.0	0.16
490.0	360.0	0.211
500.0	360.0	0.111
510.0	360.0	0.0458
520.0	360.0	0.0578
530.0	360.0	0.0841
540.0	360.0	0.0835
550.0	360.0	0.0771
560.0	360.0	0.0743
570.0	360.0	0.0945
580.0	360.0	0.0675
590.0	360.0	0.038
600.0	360.0	0.0438
610.0	360.0	0.0537
620.0	360.0	0.0453
630.0	360.0	0.0448
640.0	360.0	0.0553
650.0	360.0	0.0752
660.0	360.0	0.0693
670.0	360.0	0.0577
680.0	360.0	0.0694
690.0	360.0	0.0725
700.0	360.0	0.056
710.0	360.0	0.0435
720.0	360.0	0.0494
730.0	360.0	0.0653
740.0	360.0	0.0738
750.0	360.0	0.089
760.0	360.0	0.0946
770.0	360.0	0.0816
780.0	360.0	0.0698
790.0	360.0	0.0478
800.0	360.0	0.0338
230.0	370.0	10000000
240.0	370.0	10000000
250.0	370.0	10000000
260.0	370.0	10000000
270.0	370.0	10000000
280.0	370.0	10000000
290.0	370.0	10000000
300.0	370.0	10000000
310.0	370.0	10000000
320.0	370.0	10000000
330.0	370.0	10000000
340.0	370.0	10000000
350.0	370.0	10000000
360.0	370.0	10000000
370.0	370.0	10000000
380.0	370.0	10000000
390.0	370.0	10000000
400.0	370.0	10000000
410.0	370.0	10000000
420.0	370.0	10000000
430.0	370.0	10000000
440.0	370.0	10000000
450.0	370.0	10000000
460.0	370.0	10000000
470.0	370.0	0.183
480.0	370.0	0.207
490.0	370.0	0.205
500.0	370.0	0.221
510.0	370.0	0.128
520.0	370.0	0.0475
530.0	370.0	0.066
540.0	370.0	0.0904
550.0	370.0	0.0933
560.0	370.0	0.0761
570.0	370.0	0.0743
580.0	370.0	0.0805
590.0	370.0	0.0603
600.0	370.0	0.0375
610.0	370.0	0.0353
620.0	370.0	0.0371
630.0	370.0	0.0376
640.0	370.0	0.0421
650.0	370.0	0.0536
660.0	370.0	0.0652
670.0	370.0	0.0593
680.0	370.0	0.0478
690.0	370.0	0.0582
700.0	370.0	0.0767
710.0	370.0	0.0699
720.0	370.0	0.0499
730.0	370.0	0.051
740.0	370.0	0.0604
750.0	370.0	0.0617
760.0	370.0	0.0734
770.0	370.0	0.0811
780.0	370.0	0.0809
790.0	370.0	0.0723
800.0	370.0	0.0591
230.0	380.0	10000000
240.0	380.0	10000000
250.0	380.0	10000000
260.0	380.0	10000000
270.0	380.0	10000000
280.0	380.0	10000000
290.0	380.0	10000000
300.0	380.0	10000000
310.0	380.0	10000000
320.0	380.0	10000000
330.0	380.0	10000000
340.0	380.0	10000000
350.0	380.0	10000000
360.0	380.0	10000000
370.0	380.0	10000000
380.0	380.0	10000000
390.0	380.0	10000000
400.0	380.0	10000000
410.0	380.0	10000000
420.0	380.0	10000000
430.0	380.0	10000000
440.0	380.0	10000000
450.0	380.0	10000000
460.0	380.0	10000000
470.0	380.0	10000000
480.0	380.0	0.191
490.0	380.0	0.205
500.0	380.0	0.142
510.0	380.0	0.218
520.0	380.0	0.166
530.0	380.0	0.0687
540.0	380.0	0.0704
550.0	380.0	0.0912
560.0	380.0	0.0886
570.0	380.0	0.0861
580.0	380.0	0.0821
590.0	380.0	0.0881
600.0	380.0	0.0569
610.0	380.0	0.0322
620.0	380.0	0.0301
630.0	380.0	0.0337
640.0	380.0	0.031
650.0	380.0	0.0303
660.0	380.0	0.0433
670.0	380.0	0.0611
680.0	380.0	0.0563
690.0	380.0	0.0528
700.0	380.0	0.066
710.0	380.0	0.0842
720.0	380.0	0.081
730.0	380.0	0.0558
740.0	380.0	0.0545
750.0	380.0	0.0664
760.0	380.0	0.0742
770.0	380.0	0.0858
780.0	380.0	0.101
790.0	380.0	0.0936
800.0	380.0	0.0811
230.0	390.0	10000000
240.0	390.0	10000000
250.0	390.0	10000000
260.0	390.0	10000000
270.0	390.0	10000000
280.0	390.0	10000000
290.0	390.0	10000000
300.0	390.0	10000000
310.0	390.0	10000000
320.0	390.0	10000000
330.0	390.0	10000000
340.0	390.0	10000000
350.0	390.0	10000000
360.0	390.0	10000000
370.0	390.0	10000000
380.0	390.0	10000000
390.0	390.0	10000000
400.0	390.0	10000000
410.0	390.0	10000000
420.0	390.0	10000000
430.0	390.0	10000000
440.0	390.0	10000000
450.0	390.0	10000000
460.0	390.0	10000000
470.0	390.0	10000000
480.0	390.0	10000000
490.0	390.0	0.178
500.0	390.0	0.188
510.0	390.0	0.102
520.0	390.0	0.151
530.0	390.0	0.129
540.0	390.0	0.0736
550.0	390.0	0.0708
560.0	390.0	0.0865
570.0	390.0	0.0922
580.0	390.0	0.106
590.0	390.0	0.0828
600.0	390.0	0.084
610.0	390.0	0.0657
620.0	390.0	0.0336
630.0	390.0	0.0318
640.0	390.0	0.0347
650.0	390.0	0.0315
660.0	390.0	0.0302
670.0	390.0	0.036
680.0	390.0	0.0499
690.0	390.0	0.0457
700.0	390.0	0.0442
710.0	390.0	0.0511
720.0	390.0	0.0625
730.0	390.0	0.0646
740.0	390.0	0.0541
750.0	390.0	0.0547
760.0	390.0	0.0647
770.0	390.0	0.0756
780.0	390.0	0.0774
790.0	390.0	0.0796
800.0	390.0	0.0707
230.0	400.0	10000000
240.0	400.0	10000000
250.0	400.0	10000000
260.0	400.0	10000000
270.0	400.0	10000000
280.0	400.0	10000000
290.0	400.0	10000000
300.0	400.0	10000000
310.0	400.0	10000000
320.0	400.0	10000000
330.0	400.0	10000000
340.0	400.0	10000000
350.0	400.0	10000000
360.0	400.0	10000000
370.0	400.0	10000000
380.0	400.0	10000000
390.0	400.0	10000000
400.0	400.0	10000000
410.0	400.0	10000000
420.0	400.0	10000000
430.0	400.0	10000000
440.0	400.0	10000000
450.0	400.0	10000000
460.0	400.0	10000000
470.0	400.0	10000000
480.0	400.0	10000000
490.0	400.0	10000000
500.0	400.0	0.149
510.0	400.0	0.19
520.0	400.0	0.0822
530.0	400.0	0.12
540.0	400.0	0.151
550.0	400.0	0.0929
560.0	400.0	0.0581
570.0	400.0	0.0676
580.0	400.0	0.0908
590.0	400.0	0.117
600.0	400.0	0.0823
610.0	400.0	0.0888
620.0	400.0	0.0695
630.0	400.0	0.0334
640.0	400.0	0.0373
650.0	400.0	0.0476
660.0	400.0	0.0364
670.0	400.0	0.0311
680.0	400.0	0.0368
690.0	400.0	0.0473
700.0	400.0	0.0438
710.0	400.0	0.042
720.0	400.0	0.0412
730.0	400.0	0.0501
740.0	400.0	0.0525
750.0	400.0	0.0404
760.0	400.0	0.0431
770.0	400.0	0.0652
780.0	400.0	0.0775
790.0	400.0	0.0843
800.0	400.0	0.0789
230.0	410.0	10000000
240.0	410.0	10000000
250.0	410.0	10000000
260.0	410.0	10000000
270.0	410.0	10000000
280.0	410.0	10000000
290.0	410.0	10000000
300.0	410.0	10000000
310.0	410.0	10000000
320.0	410.0	10000000
330.0	410.0	10000000
340.0	410.0	10000000
350.0	410.0	10000000
360.0	410.0	10000000
370.0	410.0	10000000
380.0	410.0	10000000
390.0	410.0	10000000
400.0	410.0	10000000
410.0	410.0	10000000
420.0	410.0	10000000
430.0	410.0	10000000
440.0	410.0	10000000
450.0	410.0	10000000
460.0	410.0	10000000
470.0	410.0	10000000
480.0	410.0	10000000
490.0	410.0	10000000
500.0	410.0	10000000
510.0	410.0	0.134
520.0	410.0	0.163
530.0	410.0	0.0851
540.0	410.0	0.105
550.0	410.0	0.131
560.0	410.0	0.0874
570.0	410.0	0.0587
580.0	410.0	0.0795
590.0	410.0	0.0988
600.0	410.0	0.105
610.0	410.0	0.0728
620.0	410.0	0.059
630.0	410.0	0.041
640.0	410.0	0.0284
650.0	410.0	0.0335
660.0	410.0	0.0463
670.0	410.0	0.041
680.0	410.0	0.04
690.0	410.0	0.0388
700.0	410.0	0.0429
710.0	410.0	0.043
720.0	410.0	0.0423
730.0	410.0	0.0429
740.0	410.0	0.0546
750.0	410.0	0.0637
760.0	410.0	0.0626
770.0	410.0	0.0582
780.0	410.0	0.071
790.0	410.0	0.0832
800.0	410.0	0.0864
230.0	420.0	10000000
240.0	420.0	10000000
250.0	420.0	10000000
260.0	420.0	10000000
270.0	420.0	10000000
280.0	420.0	10000000
290.0	420.0	10000000
300.0	420.0	10000000
310.0	420.0	10000000
320.0	420.0	10000000
330.0	420.0	10000000
340.0	420.0	10000000
350.0	420.0	10000000
360.0	420.0	10000000
370.0	420.0	10000000
380.0	420.0	10000000
390.0	420.0	10000000
400.0	420.0	10000000
410.0	420.0	10000000
420.0	420.0	10000000
430.0	420.0	10000000
440.0	420.0	10000000
450.0	420.0	10000000
460.0	420.0	10000000
470.0	420.0	10000000
480.0	420.0	10000000
490.0	420.0	10000000
500.0	420.0	10000000
510.0	420.0	10000000
520.0	420.0	0.155
530.0	420.0	0.145
540.0	420.0	0.0871
550.0	420.0	0.105
560.0	420.0	0.133
570.0	420.0	0.0832
580.0	420.0	0.0553
590.0	420.0	0.0619
600.0	420.0	0.149
610.0	420.0	0.151
620.0	420.0	0.111
630.0	420.0	0.0923
640.0	420.0	0.0556
650.0	420.0	0.0312
660.0	420.0	0.0278
670.0	420.0	0.034
680.0	420.0	0.0378
690.0	420.0	0.0348
700.0	420.0	0.0319
710.0	420.0	0.0305
720.0	420.0	0.0325
730.0	420.0	0.0343
740.0	420.0	0.0331
750.0	420.0	0.0457
760.0	420.0	0.0661
770.0	420.0	0.0754
780.0	420.0	0.0691
790.0	420.0	0.0655
800.0	420.0	0.0655
230.0	430.0	10000000
240.0	430.0	10000000
250.0	430.0	10000000
260.0	430.0	10000000
270.0	430.0	10000000
280.0	430.0	10000000
290.0	430.0	10000000
300.0	430.0	10000000
310.0	430.0	10000000
320.0	430.0	10000000
330.0	430.0	10000000
340.0	430.0	10000000
350.0	430.0	10000000
360.0	430.0	10000000
370.0	430.0	10000000
380.0	430.0	10000000
390.0	430.0	10000000
400.0	430.0	10000000
410.0	430.0	10000000
420.0	430.0	10000000
430.0	430.0	10000000
440.0	430.0	10000000
450.0	430.0	10000000
460.0	430.0	10000000
470.0	430.0	10000000
480.0	430.0	10000000
490.0	430.0	10000000
500.0	430.0	10000000
510.0	430.0	10000000
520.0	430.0	10000000
530.0	430.0	0.157
540.0	430.0	0.117
550.0	430.0	0.0835
560.0	430.0	0.11
570.0	430.0	0.163
580.0	430.0	0.0915
590.0	430.0	0.0738
600.0	430.0	0.0751
610.0	430.0	0.135
620.0	430.0	0.136
630.0	430.0	0.107
640.0	430.0	0.0877
650.0	430.0	0.0537
660.0	430.0	0.0285
670.0	430.0	0.0263
680.0	430.0	0.0275
690.0	430.0	0.0321
700.0	430.0	0.0389
710.0	430.0	0.0375
720.0	430.0	0.0371
730.0	430.0	0.0366
740.0	430.0	0.0381
750.0	430.0	0.0356
760.0	430.0	0.0444
770.0	430.0	0.0598
780.0	430.0	0.0703
790.0	430.0	0.0693
800.0	430.0	0.0647
230.0	440.0	10000000
240.0	440.0	10000000
250.0	440.0	10000000
260.0	440.0	10000000
270.0	440.0	10000000
280.0	440.0	10000000
290.0	440.0	10000000
300.0	440.0	10000000
310.0	440.0	10000000
320.0	440.0	10000000
330.0	440.0	10000000
340.0	440.0	10000000
350.0	440.0	10000000
360.0	440.0	10000000
370.0	440.0	10000000
380.0	440.0	10000000
390.0	440.0	10000000
400.0	440.0	10000000
410.0	440.0	10000000
420.0	440.0	10000000
430.0	440.0	10000000
440.0	440.0	10000000
450.0	440.0	10000000
460.0	440.0	10000000
470.0	440.0	10000000
480.0	440.0	10000000
490.0	440.0	10000000
500.0	440.0	10000000
510.0	440.0	10000000
520.0	440.0	10000000
530.0	440.0	10000000
540.0	440.0	0.114
550.0	440.0	0.0981
560.0	440.0	0.068
570.0	440.0	0.109
580.0	440.0	0.151
590.0	440.0	0.1
600.0	440.0	0.0713
610.0	440.0	0.053
620.0	440.0	0.0967
630.0	440.0	0.0939
640.0	440.0	0.0817
650.0	440.0	0.0666
660.0	440.0	0.0546
670.0	440.0	0.0307
680.0	440.0	0.0309
690.0	440.0	0.0317
700.0	440.0	0.033
710.0	440.0	0.0395
720.0	440.0	0.0408
730.0	440.0	0.0348
740.0	440.0	0.0336
750.0	440.0	0.0356
760.0	440.0	0.0321
770.0	440.0	0.0375
780.0	440.0	0.0497
790.0	440.0	0.0609
800.0	440.0	0.0628
230.0	450.0	10000000
240.0	450.0	10000000
250.0	450.0	10000000
260.0	450.0	10000000
270.0	450.0	10000000
280.0	450.0	10000000
290.0	450.0	10000000
300.0	450.0	10000000
310.0	450.0	10000000
320.0	450.0	10000000
330.0	450.0	10000000
340.0	450.0	10000000
350.0	450.0	10000000
360.0	450.0	10000000
370.0	450.0	10000000
380.0	450.0	10000000
390.0	450.0	10000000
400.0	450.0	10000000
410.0	450.0	10000000
420.0	450.0	10000000
430.0	450.0	10000000
440.0	450.0	10000000
450.0	450.0	10000000
460.0	450.0	10000000
470.0	450.0	10000000
480.0	450.0	10000000
490.0	450.0	10000000
500.0	450.0	10000000
510.0	450.0	10000000
520.0	450.0	10000000
530.0	450.0	10000000
540.0	450.0	10000000
550.0	450.0	0.106
560.0	450.0	0.0959
570.0	450.0	0.0559
580.0	450.0	0.102
590.0	450.0	0.139
600.0	450.0	0.107
610.0	450.0	0.0652
620.0	450.0	0.0542
630.0	450.0	0.0894
640.0	450.0	0.101
650.0	450.0	0.0859
660.0	450.0	0.0594
670.0	450.0	0.0521
680.0	450.0	0.0359
690.0	450.0	0.0353
700.0	450.0	0.0347
710.0	450.0	0.0337
720.0	450.0	0.0401
730.0	450.0	0.0433
740.0	450.0	0.0418
750.0	450.0	0.0368
760.0	450.0	0.0337
770.0	450.0	0.03
780.0	450.0	0.0329
790.0	450.0	0.0404
800.0	450.0	0.0496
230.0	460.0	10000000
240.0	460.0	10000000
250.0	460.0	10000000
260.0	460.0	10000000
270.0	460.0	10000000
280.0	460.0	10000000
290.0	460.0	10000000
300.0	460.0	10000000
310.0	460.0	10000000
320.0	460.0	10000000
330.0	460.0	10000000
340.0	460.0	10000000
350.0	460.0	10000000
360.0	460.0	10000000
370.0	460.0	10000000
380.0	460.0	10000000
390.0	460.0	10000000
400.0	460.0	10000000
410.0	460.0	10000000
420.0	460.0	10000000
430.0	460.0	10000000
440.0	460.0	10000000
450.0	460.0	10000000
460.0	460.0	10000000
470.0	460.0	10000000
480.0	460.0	10000000
490.0	460.0	10000000
500.0	460.0	10000000
510.0	460.0	10000000
520.0	460.0	10000000
530.0	460.0	10000000
540.0	460.0	10000000
550.0	460.0	10000000
560.0	460.0	0.0797
570.0	460.0	0.0753
580.0	460.0	0.0595
590.0	460.0	0.0778
600.0	460.0	0.131
610.0	460.0	0.122
620.0	460.0	0.0841
630.0	460.0	0.0627
640.0	460.0	0.09
650.0	460.0	0.1
660.0	460.0	0.0824
670.0	460.0	0.0508
680.0	460.0	0.0461
690.0	460.0	0.0333
700.0	460.0	0.0345
710.0	460.0	0.0402
720.0	460.0	0.0378
730.0	460.0	0.0409
740.0	460.0	0.0433
750.0	460.0	0.0417
760.0	460.0	0.035
770.0	460.0	0.0303
780.0	460.0	0.0273
790.0	460.0	0.0292
800.0	460.0	0.0387
230.0	470.0	10000000
240.0	470.0	10000000
250.0	470.0	10000000
260.0	470.0	10000000
270.0	470.0	10000000
280.0	470.0	10000000
290.0	470.0	10000000
300.0	470.0	10000000
310.0	470.0	10000000
320.0	470.0	10000000
330.0	470.0	10000000
340.0	470.0	10000000
350.0	470.0	10000000
360.0	470.0	10000000
370.0	470.0	10000000
380.0	470.0	10000000
390.0	470.0	10000000
400.0	470.0	10000000
410.0	470.0	10000000
420.0	470.0	10000000
430.0	470.0	10000000
440.0	470.0	10000000
450.0	470.0	10000000
460.0	470.0	10000000
470.0	470.0	10000000
480.0	470.0	10000000
490.0	470.0	10000000
500.0	470.0	10000000
510.0	470.0	10000000
520.0	470.0	10000000
530.0	470.0	10000000
540.0	470.0	10000000
550.0	470.0	10000000
560.0	470.0	10000000
570.0	470.0	0.0692
580.0	470.0	0.0621
590.0	470.0	0.0632
600.0	470.0	0.0779
610.0	470.0	0.113
620.0	470.0	0.108
630.0	470.0	0.107
640.0	470.0	0.0636
650.0	470.0	0.0892
660.0	470.0	0.0988
670.0	470.0	0.092
680.0	470.0	0.0607
690.0	470.0	0.0539
700.0	470.0	0.0411
710.0	470.0	0.0363
720.0	470.0	0.0383
730.0	470.0	0.0386
740.0	470.0	0.0383
750.0	470.0	0.0341
760.0	470.0	0.0326
770.0	470.0	0.031
780.0	470.0	0.0303
790.0	470.0	0.0322
800.0	470.0	0.0387
230.0	480.0	10000000
240.0	480.0	10000000
250.0	480.0	10000000
260.0	480.0	10000000
270.0	480.0	10000000
280.0	480.0	10000000
290.0	480.0	10000000
300.0	480.0	10000000
310.0	480.0	10000000
320.0	480.0	10000000
330.0	480.0	10000000
340.0	480.0	10000000
350.0	480.0	10000000
360.0	480.0	10000000
370.0	480.0	10000000
380.0	480.0	10000000
390.0	480.0	10000000
400.0	480.0	10000000
410.0	480.0	10000000
420.0	480.0	10000000
430.0	480.0	10000000
440.0	480.0	10000000
450.0	480.0	10000000
460.0	480.0	10000000
470.0	480.0	10000000
480.0	480.0	10000000
490.0	480.0	10000000
500.0	480.0	10000000
510.0	480.0	10000000
520.0	480.0	10000000
530.0	480.0	10000000
540.0	480.0	10000000
550.0	480.0	10000000
560.0	480.0	10000000
570.0	480.0	10000000
580.0	480.0	0.0597
590.0	480.0	0.0744
600.0	480.0	0.0443
610.0	480.0	0.0661
620.0	480.0	0.115
630.0	480.0	0.128
640.0	480.0	0.0941
650.0	480.0	0.0623
660.0	480.0	0.075
670.0	480.0	0.0886
680.0	480.0	0.104
690.0	480.0	0.0825
700.0	480.0	0.0702
710.0	480.0	0.0549
720.0	480.0	0.0489
730.0	480.0	0.0478
740.0	480.0	0.0386
750.0	480.0	0.0349
760.0	480.0	0.0335
770.0	480.0	0.0305
780.0	480.0	0.0284
790.0	480.0	0.0264
800.0	480.0	0.0246
230.0	490.0	10000000
240.0	490.0	10000000
250.0	490.0	10000000
260.0	490.0	10000000
270.0	490.0	10000000
280.0	490.0	10000000
290.0	490.0	10000000
300.0	490.0	10000000
310.0	490.0	10000000
320.0	490.0	10000000
330.0	490.0	10000000
340.0	490.0	10000000
350.0	490.0	10000000
360.0	490.0	10000000
370.0	490.0	10000000
380.0	490.0	10000000
390.0	490.0	10000000
400.0	490.0	10000000
410.0	490.0	10000000
420.0	490.0	10000000
430.0	490.0	10000000
440.0	490.0	10000000
450.0	490.0	10000000
460.0	490.0	10000000
470.0	490.0	10000000
480.0	490.0	10000000
490.0	490.0	10000000
500.0	490.0	10000000
510.0	490.0	10000000
520.0	490.0	10000000
530.0	490.0	10000000
540.0	490.0	10000000
550.0	490.0	10000000
560.0	490.0	10000000
570.0	490.0	10000000
580.0	490.0	10000000
590.0	490.0	0.0546
600.0	490.0	0.0721
610.0	490.0	0.0556
620.0	490.0	0.0781
630.0	490.0	0.109
640.0	490.0	0.126
650.0	490.0	0.0991
660.0	490.0	0.0638
670.0	490.0	0.0705
680.0	490.0	0.0761
690.0	490.0	0.097
700.0	490.0	0.0831
710.0	490.0	0.0725
720.0	490.0	0.0587
730.0	490.0	0.0549
740.0	490.0	0.0538
750.0	490.0	0.0435
760.0	490.0	0.0473
770.0	490.0	0.0497
780.0	490.0	0.042
790.0	490.0	0.033
800.0	490.0	0.0292
230.0	500.0	10000000
240.0	500.0	10000000
250.0	500.0	10000000
260.0	500.0	10000000
270.0	500.0	10000000
280.0	500.0	10000000
290.0	500.0	10000000
300.0	500.0	10000000
310.0	500.0	10000000
320.0	500.0	10000000
330.0	500.0	10000000
340.0	500.0	10000000
350.0	500.0	10000000
360.0	500.0	10000000
370.0	500.0	10000000
380.0	500.0	10000000
390.0	500.0	10000000
400.0	500.0	10000000
410.0	500.0	10000000
420.0	500.0	10000000
430.0	500.0	10000000
440.0	500.0	10000000
450.0	500.0	10000000
460.0	500.0	10000000
470.0	500.0	10000000
480.0	500.0	10000000
490.0	500.0	10000000
500.0	500.0	10000000
510.0	500.0	10000000
520.0	500.0	10000000
530.0	500.0	10000000
540.0	500.0	10000000
550.0	500.0	10000000
560.0	500.0	10000000
570.0	500.0	10000000
580.0	500.0	10000000
590.0	500.0	10000000
600.0	500.0	0.0662
610.0	500.0	0.048
620.0	500.0	0.0716
630.0	500.0	0.109
640.0	500.0	0.124
650.0	500.0	0.1
660.0	500.0	0.0842
670.0	500.0	0.0519
680.0	500.0	0.0537
690.0	500.0	0.0664
700.0	500.0	0.0911
710.0	500.0	0.104
720.0	500.0	0.105
730.0	500.0	0.0758
740.0	500.0	0.0552
750.0	500.0	0.0516
760.0	500.0	0.0463
770.0	500.0	0.0457
780.0	500.0	0.0431
790.0	500.0	0.0425
800.0	500.0	0.0367
230.0	510.0	10000000
240.0	510.0	10000000
250.0	510.0	10000000
260.0	510.0	10000000
270.0	510.0	10000000
280.0	510.0	10000000
290.0	510.0	10000000
300.0	510.0	10000000
310.0	510.0	10000000
320.0	510.0	10000000
330.0	510.0	10000000
340.0	510.0	10000000
350.0	510.0	10000000
360.0	510.0	10000000
370.0	510.0	10000000
380.0	510.0	10000000
390.0	510.0	10000000
400.0	510.0	10000000
410.0	510.0	10000000
420.0	510.0	10000000
430.0	510.0	10000000
440.0	510.0	10000000
450.0	510.0	10000000
460.0	510.0	10000000
470.0	510.0	10000000
480.0	510.0	10000000
490.0	510.0	10000000
500.0	510.0	10000000
510.0	510.0	10000000
520.0	510.0	10000000
530.0	510.0	10000000
540.0	510.0	10000000
550.0	510.0	10000000
560.0	510.0	10000000
570.0	510.0	10000000
580.0	510.0	10000000
590.0	510.0	10000000
600.0	510.0	10000000
610.0	510.0	0.0677
620.0	510.0	0.0751
630.0	510.0	0.059
640.0	510.0	0.107
650.0	510.0	0.134
660.0	510.0	0.102
670.0	510.0	0.0909
680.0	510.0	0.067
690.0	510.0	0.0714
700.0	510.0	0.0671
710.0	510.0	0.0853
720.0	510.0	0.0865
730.0	510.0	0.0795
740.0	510.0	0.0566
750.0	510.0	0.0456
760.0	510.0	0.0486
770.0	510.0	0.0423
780.0	510.0	0.0349
790.0	510.0	0.0367
800.0	510.0	0.0414
230.0	520.0	10000000
240.0	520.0	10000000
250.0	520.0	10000000
260.0	520.0	10000000
270.0	520.0	10000000
280.0	520.0	10000000
290.0	520.0	10000000
300.0	520.0	10000000
310.0	520.0	10000000
320.0	520.0	10000000
330.0	520.0	10000000
340.0	520.0	10000000
350.0	520.0	10000000
360.0	520.0	10000000
370.0	520.0	10000000
380.0	520.0	10000000
390.0	520.0	10000000
400.0	520.0	10000000
410.0	520.0	10000000
420.0	520.0	10000000
430.0	520.0	10000000
440.0	520.0	10000000
450.0	520.0	10000000
460.0	520.0	10000000
470.0	520.0	10000000
480.0	520.0	10000000
490.0	520.0	10000000
500.0	520.0	10000000
510.0	520.0	10000000
520.0	520.0	10000000
530.0	520.0	10000000
540.0	520.0	10000000
550.0	520.0	10000000
560.0	520.0	10000000
570.0	520.0	10000000
580.0	520.0	10000000
590.0	520.0	10000000
600.0	520.0	10000000
610.0	520.0	10000000
620.0	520.0	0.083
630.0	520.0	0.0786
640.0	520.0	0.0521
650.0	520.0	0.0903
660.0	520.0	0.119
670.0	520.0	0.114
680.0	520.0	0.096
690.0	520.0	0.0504
700.0	520.0	0.0623
710.0	520.0	0.0566
720.0	520.0	0.0701
730.0	520.0	0.0812
740.0	520.0	0.0715
750.0	520.0	0.0578
760.0	520.0	0.0506
770.0	520.0	0.0455
780.0	520.0	0.0359
790.0	520.0	0.0385
800.0	520.0	0.0395
230.0	530.0	10000000
240.0	530.0	10000000
250.0	530.0	10000000
260.0	530.0	10000000
270.0	530.0	10000000
280.0	530.0	10000000
290.0	530.0	10000000
300.0	530.0	10000000
310.0	530.0	10000000
320.0	530.0	10000000
330.0	530.0	10000000
340.0	530.0	10000000
350.0	530.0	10000000
360.0	530.0	10000000
370.0	530.0	10000000
380.0	530.0	10000000
390.0	530.0	10000000
400.0	530.0	10000000
410.0	530.0	10000000
420.0	530.0	10000000
430.0	530.0	10000000
440.0	530.0	10000000
450.0	530.0	10000000
460.0	530.0	10000000
470.0	530.0	10000000
480.0	530.0	10000000
490.0	530.0	10000000
500.0	530.0	10000000
510.0	530.0	10000000
520.0	530.0	10000000
530.0	530.0	10000000
540.0	530.0	10000000
550.0	530.0	10000000
560.0	530.0	10000000
570.0	530.0	10000000
580.0	530.0	10000000
590.0	530.0	10000000
600.0	530.0	10000000
610.0	530.0	10000000
620.0	530.0	10000000
630.0	530.0	0.0904
640.0	530.0	0.0813
650.0	530.0	0.0636
660.0	530.0	0.0885
670.0	530.0	0.138
680.0	530.0	0.142
690.0	530.0	0.105
700.0	530.0	0.0478
710.0	530.0	0.0529
720.0	530.0	0.0598
730.0	530.0	0.0714
740.0	530.0	0.0687
750.0	530.0	0.063
760.0	530.0	0.0581
770.0	530.0	0.0545
780.0	530.0	0.0539
790.0	530.0	0.0444
800.0	530.0	0.033
230.0	540.0	10000000
240.0	540.0	10000000
250.0	540.0	10000000
260.0	540.0	10000000
270.0	540.0	10000000
280.0	540.0	10000000
290.0	540.0	10000000
300.0	540.0	10000000
310.0	540.0	10000000
320.0	540.0	10000000
330.0	540.0	10000000
340.0	540.0	10000000
350.0	540.0	10000000
360.0	540.0	10000000
370.0	540.0	10000000
380.0	540.0	10000000
390.0	540.0	10000000
400.0	540.0	10000000
410.0	540.0	10000000
420.0	540.0	10000000
430.0	540.0	10000000
440.0	540.0	10000000
450.0	540.0	10000000
460.0	540.0	10000000
470.0	540.0	10000000
480.0	540.0	10000000
490.0	540.0	10000000
500.0	540.0	10000000
510.0	540.0	10000000
520.0	540.0	10000000
530.0	540.0	10000000
540.0	540.0	10000000
550.0	540.0	10000000
560.0	540.0	10000000
570.0	540.0	10000000
580.0	540.0	10000000
590.0	540.0	10000000
600.0	540.0	10000000
610.0	540.0	10000000
620.0	540.0	10000000
630.0	540.0	10000000
640.0	540.0	0.0975
650.0	540.0	0.0996
660.0	540.0	0.0646
670.0	540.0	0.0844
680.0	540.0	0.152
690.0	540.0	0.151
700.0	540.0	0.134
710.0	540.0	0.0758
720.0	540.0	0.0642
730.0	540.0	0.0569
740.0	540.0	0.0558
750.0	540.0	0.0582
760.0	540.0	0.0545
770.0	540.0	0.046
780.0	540.0	0.0463
790.0	540.0	0.0449
800.0	540.0	0.0377
230.0	550.0	10000000
240.0	550.0	10000000
250.0	550.0	10000000
260.0	550.0	10000000
270.0	550.0	10000000
280.0	550.0	10000000
290.0	550.0	10000000
300.0	550.0	10000000
310.0	550.0	10000000
320.0	550.0	10000000
330.0	550.0	10000000
340.0	550.0	10000000
350.0	550.0	10000000
360.0	550.0	10000000
370.0	550.0	10000000
380.0	550.0	10000000
390.0	550.0	10000000
400.0	550.0	10000000
410.0	550.0	10000000
420.0	550.0	10000000
430.0	550.0	10000000
440.0	550.0	10000000
450.0	550.0	10000000
460.0	550.0	10000000
470.0	550.0	10000000
480.0	550.0	10000000
490.0	550.0	10000000
500.0	550.0	10000000
510.0	550.0	10000000
520.0	550.0	10000000
530.0	550.0	10000000
540.0	550.0	10000000
550.0	550.0	10000000
560.0	550.0	10000000
570.0	550.0	10000000
580.0	550.0	10000000
590.0	550.0	10000000
600.0	550.0	10000000
610.0	550.0	10000000
620.0	550.0	10000000
630.0	550.0	10000000
640.0	550.0	10000000
650.0	550.0	0.106
660.0	550.0	0.103
670.0	550.0	0.0789
680.0	550.0	0.0886
690.0	550.0	0.141
700.0	550.0	0.127
710.0	550.0	0.113
720.0	550.0	0.0823
730.0	550.0	0.054
740.0	550.0	0.0366
750.0	550.0	0.046
760.0	550.0	0.0468
770.0	550.0	0.0392
780.0	550.0	0.0338
790.0	550.0	0.032
800.0	550.0	0.0409
230.0	560.0	10000000
240.0	560.0	10000000
250.0	560.0	10000000
260.0	560.0	10000000
270.0	560.0	10000000
280.0	560.0	10000000
290.0	560.0	10000000
300.0	560.0	10000000
310.0	560.0	10000000
320.0	560.0	10000000
330.0	560.0	10000000
340.0	560.0	10000000
350.0	560.0	10000000
360.0	560.0	10000000
370.0	560.0	10000000
380.0	560.0	10000000
390.0	560.0	10000000
400.0	560.0	10000000
410.0	560.0	10000000
420.0	560.0	10000000
430.0	560.0	10000000
440.0	560.0	10000000
450.0	560.0	10000000
460.0	560.0	10000000
470.0	560.0	10000000
480.0	560.0	10000000
490.0	560.0	10000000
500.0	560.0	10000000
510.0	560.0	10000000
520.0	560.0	10000000
530.0	560.0	10000000
540.0	560.0	10000000
550.0	560.0	10000000
560.0	560.0	10000000
570.0	560.0	10000000
580.0	560.0	10000000
590.0	560.0	10000000
600.0	560.0	10000000
610.0	560.0	10000000
620.0	560.0	10000000
630.0	560.0	10000000
640.0	560.0	10000000
650.0	560.0	10000000
660.0	560.0	0.0864
670.0	560.0	0.1
680.0	560.0	0.0895
690.0	560.0	0.0918
700.0	560.0	0.0968
710.0	560.0	0.114
720.0	560.0	0.124
730.0	560.0	0.087
740.0	560.0	0.0501
750.0	560.0	0.0351
760.0	560.0	0.0569
770.0	560.0	0.0536
780.0	560.0	0.0498
790.0	560.0	0.0539
800.0	560.0	0.058
230.0	570.0	10000000
240.0	570.0	10000000
250.0	570.0	10000000
260.0	570.0	10000000
270.0	570.0	10000000
280.0	570.0	10000000
290.0	570.0	10000000
300.0	570.0	10000000
310.0	570.0	10000000
320.0	570.0	10000000
330.0	570.0	10000000
340.0	570.0	10000000
350.0	570.0	10000000
360.0	570.0	10000000
370.0	570.0	10000000
380.0	570.0	10000000
390.0	570.0	10000000
400.0	570.0	10000000
410.0	570.0	10000000
420.0	570.0	10000000
430.0	570.0	10000000
440.0	570.0	10000000
450.0	570.0	10000000
460.0	570.0	10000000
470.0	570.0	10000000
480.0	570.0	10000000
490.0	570.0	10000000
500.0	570.0	10000000
510.0	570.0	10000000
520.0	570.0	10000000
530.0	570.0	10000000
540.0	570.0	10000000
550.0	570.0	10000000
560.0	570.0	10000000
570.0	570.0	10000000
580.0	570.0	10000000
590.0	570.0	10000000
600.0	570.0	10000000
610.0	570.0	10000000
620.0	570.0	10000000
630.0	570.0	10000000
640.0	570.0	10000000
650.0	570.0	10000000
660.0	570.0	10000000
670.0	570.0	0.0952
680.0	570.0	0.0973
690.0	570.0	0.079
700.0	570.0	0.0899
710.0	570.0	0.113
720.0	570.0	0.128
730.0	570.0	0.126
740.0	570.0	0.0956
750.0	570.0	0.0576
760.0	570.0	0.038
770.0	570.0	0.0606
780.0	570.0	0.0611
790.0	570.0	0.0513
800.0	570.0	0.0405
230.0	580.0	10000000
240.0	580.0	10000000
250.0	580.0	10000000
260.0	580.0	10000000
270.0	580.0	10000000
280.0	580.0	10000000
290.0	580.0	10000000
300.0	580.0	10000000
310.0	580.0	10000000
320.0	580.0	10000000
330.0	580.0	10000000
340.0	580.0	10000000
350.0	580.0	10000000
360.0	580.0	10000000
370.0	580.0	10000000
380.0	580.0	10000000
390.0	580.0	10000000
400.0	580.0	10000000
410.0	580.0	10000000
420.0	580.0	10000000
430.0	580.0	10000000
440.0	580.0	10000000
450.0	580.0	10000000
460.0	580.0	10000000
470.0	580.0	10000000
480.0	580.0	10000000
490.0	580.0	10000000
500.0	580.0	10000000
510.0	580.0	10000000
520.0	580.0	10000000
530.0	580.0	10000000
540.0	580.0	10000000
550.0	580.0	10000000
560.0	580.0	10000000
570.0	580.0	10000000
580.0	580.0	10000000
590.0	580.0	10000000
600.0	580.0	10000000
610.0	580.0	10000000
620.0	580.0	10000000
630.0	580.0	10000000
640.0	580.0	10000000
650.0	580.0	10000000
660.0	580.0	10000000
670.0	580.0	10000000
680.0	580.0	0.0828
690.0	580.0	0.0984
700.0	580.0	0.0746
710.0	580.0	0.109
720.0	580.0	0.138
730.0	580.0	0.136
740.0	580.0	0.131
750.0	580.0	0.0994
760.0	580.0	0.0496
770.0	580.0	0.0464
780.0	580.0	0.0565
790.0	580.0	0.0647
800.0	580.0	0.0602
230.0	590.0	10000000
240.0	590.0	10000000
250.0	590.0	10000000
260.0	590.0	10000000
270.0	590.0	10000000
280.0	590.0	10000000
290.0	590.0	10000000
300.0	590.0	10000000
310.0	590.0	10000000
320.0	590.0	10000000
330.0	590.0	10000000
340.0	590.0	10000000
350.0	590.0	10000000
360.0	590.0	10000000
370.0	590.0	10000000
380.0	590.0	10000000
390.0	590.0	10000000
400.0	590.0	10000000
410.0	590.0	10000000
420.0	590.0	10000000
430.0	590.0	10000000
440.0	590.0	10000000
450.0	590.0	10000000
460.0	590.0	10000000
470.0	590.0	10000000
480.0	590.0	10000000
490.0	590.0	10000000
500.0	590.0	10000000
510.0	590.0	10000000
520.0	590.0	10000000
530.0	590.0	10000000
540.0	590.0	10000000
550.0	590.0	10000000
560.0	590.0	10000000
570.0	590.0	10000000
580.0	590.0	10000000
590.0	590.0	10000000
600.0	590.0	10000000
610.0	590.0	10000000
620.0	590.0	10000000
630.0	590.0	10000000
640.0	590.0	10000000
650.0	590.0	10000000
660.0	590.0	10000000
670.0	590.0	10000000
680.0	590.0	10000000
690.0	590.0	0.0822
700.0	590.0	0.115
710.0	590.0	0.0697
720.0	590.0	0.0939
730.0	590.0	0.127
740.0	590.0	0.13
750.0	590.0	0.133
760.0	590.0	0.104
770.0	590.0	0.0566
780.0	590.0	0.0441
790.0	590.0	0.0442
800.0	590.0	0.0538
230.0	600.0	10000000
240.0	600.0	10000000
250.0	600.0	10000000
260.0	600.0	10000000
270.0	600.0	10000000
280.0	600.0	10000000
290.0	600.0	10000000
300.0	600.0	10000000
310.0	600.0	10000000
320.0	600.0	10000000
330.0	600.0	10000000
340.0	600.0	10000000
350.0	600.0	10000000
360.0	600.0	10000000
370.0	600.0	10000000
380.0	600.0	10000000
390.0	600.0	10000000
400.0	600.0	10000000
410.0	600.0	10000000
420.0	600.0	10000000
430.0	600.0	10000000
440.0	600.0	10000000
450.0	600.0	10000000
460.0	600.0	10000000
470.0	600.0	10000000
480.0	600.0	10000000
490.0	600.0	10000000
500.0	600.0	10000000
510.0	600.0	10000000
520.0	600.0	10000000
530.0	600.0	10000000
540.0	600.0	10000000
550.0	600.0	10000000
560.0	600.0	10000000
570.0	600.0	10000000
580.0	600.0	10000000
590.0	600.0	10000000
600.0	600.0	10000000
610.0	600.0	10000000
620.0	600.0	10000000
630.0	600.0	10000000
640.0	600.0	10000000
650.0	600.0	10000000
660.0	600.0	10000000
670.0	600.0	10000000
680.0	600.0	10000000
690.0	600.0	10000000
700.0	600.0	0.0711
710.0	600.0	0.0919
720.0	600.0	0.0565
730.0	600.0	0.0809
740.0	600.0	0.132
750.0	600.0	0.133
760.0	600.0	0.116
770.0	600.0	0.0757
780.0	600.0	0.0431
790.0	600.0	0.0416
800.0	600.0	0.0384
230.0	610.0	10000000
240.0	610.0	10000000
250.0	610.0	10000000
260.0	610.0	10000000
270.0	610.0	10000000
280.0	610.0	10000000
290.0	610.0	10000000
300.0	610.0	10000000
310.0	610.0	10000000
320.0	610.0	10000000
330.0	610.0	10000000
340.0	610.0	10000000
350.0	610.0	10000000
360.0	610.0	10000000
370.0	610.0	10000000
380.0	610.0	10000000
390.0	610.0	10000000
400.0	610.0	10000000
410.0	610.0	10000000
420.0	610.0	10000000
430.0	610.0	10000000
440.0	610.0	10000000
450.0	610.0	10000000
460.0	610.0	10000000
470.0	610.0	10000000
480.0	610.0	10000000
490.0	610.0	10000000
500.0	610.0	10000000
510.0	610.0	10000000
520.0	610.0	10000000
530.0	610.0	10000000
540.0	610.0	10000000
550.0	610.0	10000000
560.0	610.0	10000000
570.0	610.0	10000000
580.0	610.0	10000000
590.0	610.0	10000000
600.0	610.0	10000000
610.0	610.0	10000000
620.0	610.0	10000000
630.0	610.0	10000000
640.0	610.0	10000000
650.0	610.0	10000000
660.0	610.0	10000000
670.0	610.0	10000000
680.0	610.0	10000000
690.0	610.0	10000000
700.0	610.0	10000000
710.0	610.0	0.0513
720.0	610.0	0.0847
730.0	610.0	0.0693
740.0	610.0	0.0843
750.0	610.0	0.147
760.0	610.0	0.118
770.0	610.0	0.0801
780.0	610.0	0.0772
790.0	610.0	0.0483
800.0	610.0	0.0269
230.0	620.0	10000000
240.0	620.0	10000000
250.0	620.0	10000000
260.0	620.0	10000000
270.0	620.0	10000000
280.0	620.0	10000000
290.0	620.0	10000000
300.0	620.0	10000000
310.0	620.0	10000000
320.0	620.0	10000000
330.0	620.0	10000000
340.0	620.0	10000000
350.0	620.0	10000000
360.0	620.0	10000000
370.0	620.0	10000000
380.0	620.0	10000000
390.0	620.0	10000000
400.0	620.0	10000000
410.0	620.0	10000000
420.0	620.0	10000000
430.0	620.0	10000000
440.0	620.0	10000000
450.0	620.0	10000000
460.0	620.0	10000000
470.0	620.0	10000000
480.0	620.0	10000000
490.0	620.0	10000000
500.0	620.0	10000000
510.0	620.0	10000000
520.0	620.0	10000000
530.0	620.0	10000000
540.0	620.0	10000000
550.0	620.0	10000000
560.0	620.0	10000000
570.0	620.0	10000000
580.0	620.0	10000000
590.0	620.0	10000000
600.0	620.0	10000000
610.0	620.0	10000000
620.0	620.0	10000000
630.0	620.0	10000000
640.0	620.0	10000000
650.0	620.0	10000000
660.0	620.0	10000000
670.0	620.0	10000000
680.0	620.0	10000000
690.0	620.0	10000000
700.0	620.0	10000000
710.0	620.0	10000000
720.0	620.0	0.0659
730.0	620.0	0.0883
740.0	620.0	0.0632
750.0	620.0	0.0752
760.0	620.0	0.129
770.0	620.0	0.105
780.0	620.0	0.0909
790.0	620.0	0.0828
800.0	620.0	0.0438
230.0	630.0	10000000
240.0	630.0	10000000
250.0	630.0	10000000
260.0	630.0	10000000
270.0	630.0	10000000
280.0	630.0	10000000
290.0	630.0	10000000
300.0	630.0	10000000
310.0	630.0	10000000
320.0	630.0	10000000
330.0	630.0	10000000
340.0	630.0	10000000
350.0	630.0	10000000
360.0	630.0	10000000
370.0	630.0	10000000
380.0	630.0	10000000
390.0	630.0	10000000
400.0	630.0	10000000
410.0	630.0	10000000
420.0	630.0	10000000
430.0	630.0	10000000
440.0	630.0	10000000
450.0	630.0	10000000
460.0	630.0	10000000
470.0	630.0	10000000
480.0	630.0	10000000
490.0	630.0	10000000
500.0	630.0	10000000
510.0	630.0	10000000
520.0	630.0	10000000
530.0	630.0	10000000
540.0	630.0	10000000
550.0	630.0	10000000
560.0	630.0	10000000
570.0	630.0	10000000
580.0	630.0	10000000
590.0	630.0	10000000
600.0	630.0	10000000
610.0	630.0	10000000
620.0	630.0	10000000
630.0	630.0	10000000
640.0	630.0	10000000
650.0	630.0	10000000
660.0	630.0	10000000
670.0	630.0	10000000
680.0	630.0	10000000
690.0	630.0	10000000
700.0	630.0	10000000
710.0	630.0	10000000
720.0	630.0	10000000
730.0	630.0	0.0686
740.0	630.0	0.0905
750.0	630.0	0.0587
760.0	630.0	0.057
770.0	630.0	0.13
780.0	630.0	0.117
790.0	630.0	0.104
800.0	630.0	0.0849
230.0	640.0	10000000
240.0	640.0	10000000
250.0	640.0	10000000
260.0	640.0	10000000
270.0	640.0	10000000
280.0	640.0	10000000
290.0	640.0	10000000
300.0	640.0	10000000
310.0	640.0	10000000
320.0	640.0	10000000
330.0	640.0	10000000
340.0	640.0	10000000
350.0	640.0	10000000
360.0	640.0	10000000
370.0	640.0	10000000
380.0	640.0	10000000
390.0	640.0	10000000
400.0	640.0	10000000
410.0	640.0	10000000
420.0	640.0	10000000
430.0	640.0	10000000
440.0	640.0	10000000
450.0	640.0	10000000
460.0	640.0	10000000
470.0	640.0	10000000
480.0	640.0	10000000
490.0	640.0	10000000
500.0	640.0	10000000
510.0	640.0	10000000
520.0	640.0	10000000
530.0	640.0	10000000
540.0	640.0	10000000
550.0	640.0	10000000
560.0	640.0	10000000
570.0	640.0	10000000
580.0	640.0	10000000
590.0	640.0	10000000
600.0	640.0	10000000
610.0	640.0	10000000
620.0	640.0	10000000
630.0	640.0	10000000
640.0	640.0	10000000
650.0	640.0	10000000
660.0	640.0	10000000
670.0	640.0	10000000
680.0	640.0	10000000
690.0	640.0	10000000
700.0	640.0	10000000
710.0	640.0	10000000
720.0	640.0	10000000
730.0	640.0	10000000
740.0	640.0	0.0724
750.0	640.0	0.0783
760.0	640.0	0.0615
770.0	640.0	0.0665
780.0	640.0	0.107
790.0	640.0	0.0866
800.0	640.0	0.0787
230.0	650.0	10000000
240.0	650.0	10000000
250.0	650.0	10000000
260.0	650.0	10000000
270.0	650.0	10000000
280.0	650.0	10000000
290.0	650.0	10000000
300.0	650.0	10000000
310.0	650.0	10000000
320.0	650.0	10000000
330.0	650.0	10000000
340.0	650.0	10000000
350.0	650.0	10000000
360.0	650.0	10000000
370.0	650.0	10000000
380.0	650.0	10000000
390.0	650.0	10000000
400.0	650.0	10000000
410.0	650.0	10000000
420.0	650.0	10000000
430.0	650.0	10000000
440.0	650.0	10000000
450.0	650.0	10000000
460.0	650.0	10000000
470.0	650.0	10000000
480.0	650.0	10000000
490.0	650.0	10000000
500.0	650.0	10000000
510.0	650.0	10000000
520.0	650.0	10000000
530.0	650.0	10000000
540.0	650.0	10000000
550.0	650.0	10000000
560.0	650.0	10000000
570.0	650.0	10000000
580.0	650.0	10000000
590.0	650.0	10000000
600.0	650.0	10000000
610.0	650.0	10000000
620.0	650.0	10000000
630.0	650.0	10000000
640.0	650.0	10000000
650.0	650.0	10000000
660.0	650.0	10000000
670.0	650.0	10000000
680.0	650.0	10000000
690.0	650.0	10000000
700.0	650.0	10000000
710.0	650.0	10000000
720.0	650.0	10000000
730.0	650.0	10000000
740.0	650.0	10000000
750.0	650.0	0.0704
760.0	650.0	0.0688
770.0	650.0	0.0581
780.0	650.0	0.0672
790.0	650.0	0.103
800.0	650.0	0.0808
230.0	660.0	10000000
240.0	660.0	10000000
250.0	660.0	10000000
260.0	660.0	10000000
270.0	660.0	10000000
280.0	660.0	10000000
290.0	660.0	10000000
300.0	660.0	10000000
310.0	660.0	10000000
320.0	660.0	10000000
330.0	660.0	10000000
340.0	660.0	10000000
350.0	660.0	10000000
360.0	660.0	10000000
370.0	660.0	10000000
380.0	660.0	10000000
390.0	660.0	10000000
400.0	660.0	10000000
410.0	660.0	10000000
420.0	660.0	10000000
430.0	660.0	10000000
440.0	660.0	10000000
450.0	660.0	10000000
460.0	660.0	10000000
470.0	660.0	10000000
480.0	660.0	10000000
490.0	660.0	10000000
500.0	660.0	10000000
510.0	660.0	10000000
520.0	660.0	10000000
530.0	660.0	10000000
540.0	660.0	10000000
550.0	660.0	10000000
560.0	660.0	10000000
570.0	660.0	10000000
580.0	660.0	10000000
590.0	660.0	10000000
600.0	660.0	10000000
610.0	660.0	10000000
620.0	660.0	10000000
630.0	660.0	10000000
640.0	660.0	10000000
650.0	660.0	10000000
660.0	660.0	10000000
670.0	660.0	10000000
680.0	660.0	10000000
690.0	660.0	10000000
700.0	660.0	10000000
710.0	660.0	10000000
720.0	660.0	10000000
730.0	660.0	10000000
740.0	660.0	10000000
750.0	660.0	10000000
760.0	660.0	0.0557
770.0	660.0	0.0601
780.0	660.0	0.0666
790.0	660.0	0.0643
800.0	660.0	0.113
230.0	670.0	10000000
240.0	670.0	10000000
250.0	670.0	10000000
260.0	670.0	10000000
270.0	670.0	10000000
280.0	670.0	10000000
290.0	670.0	10000000
300.0	670.0	10000000
310.0	670.0	10000000
320.0	670.0	10000000
330.0	670.0	10000000
340.0	670.0	10000000
350.0	670.0	10000000
360.0	670.0	10000000
370.0	670.0	10000000
380.0	670.0	10000000
390.0	670.0	10000000
400.0	670.0	10000000
410.0	670.0	10000000
420.0	670.0	10000000
430.0	670.0	10000000
440.0	670.0	10000000
450.0	670.0	10000000
460.0	670.0	10000000
470.0	670.0	10000000
480.0	670.0	10000000
490.0	670.0	10000000
500.0	670.0	10000000
510.0	670.0	10000000
520.0	670.0	10000000
530.0	670.0	10000000
540.0	670.0	10000000
550.0	670.0	10000000
560.0	670.0	10000000
570.0	670.0	10000000
580.0	670.0	10000000
590.0	670.0	10000000
600.0	670.0	10000000
610.0	670.0	10000000
620.0	670.0	10000000
630.0	670.0	10000000
640.0	670.0	10000000
650.0	670.0	10000000
660.0	670.0	10000000
670.0	670.0	10000000
680.0	670.0	10000000
690.0	670.0	10000000
700.0	670.0	10000000
710.0	670.0	10000000
720.0	670.0	10000000
730.0	670.0	10000000
740.0	670.0	10000000
750.0	670.0	10000000
760.0	670.0	10000000
770.0	670.0	0.0504
780.0	670.0	0.0587
790.0	670.0	0.0453
800.0	670.0	0.0583
230.0	680.0	10000000
240.0	680.0	10000000
250.0	680.0	10000000
260.0	680.0	10000000
270.0	680.0	10000000
280.0	680.0	10000000
290.0	680.0	10000000
300.0	680.0	10000000
310.0	680.0	10000000
320.0	680.0	10000000
330.0	680.0	10000000
340.0	680.0	10000000
350.0	680.0	10000000
360.0	680.0	10000000
370.0	680.0	10000000
380.0	680.0	10000000
390.0	680.0	10000000
400.0	680.0	10000000
410.0	680.0	10000000
420.0	680.0	10000000
430.0	680.0	10000000
440.0	680.0	10000000
450.0	680.0	10000000
460.0	680.0	10000000
470.0	680.0	10000000
480.0	680.0	10000000
490.0	680.0	10000000
500.0	680.0	10000000
510.0	680.0	10000000
520.0	680.0	10000000
530.0	680.0	10000000
540.0	680.0	10000000
550.0	680.0	10000000
560.0	680.0	10000000
570.0	680.0	10000000
580.0	680.0	10000000
590.0	680.0	10000000
600.0	680.0	10000000
610.0	680.0	10000000
620.0	680.0	10000000
630.0	680.0	10000000
640.0	680.0	10000000
650.0	680.0	10000000
660.0	680.0	10000000
670.0	680.0	10000000
680.0	680.0	10000000
690.0	680.0	10000000
700.0	680.0	10000000
710.0	680.0	10000000
720.0	680.0	10000000
730.0	680.0	10000000
740.0	680.0	10000000
750.0	680.0	10000000
760.0	680.0	10000000
770.0	680.0	10000000
780.0	680.0	0.0443
790.0	680.0	0.0385
800.0	680.0	0.0329
230.0	690.0	10000000
240.0	690.0	10000000
250.0	690.0	10000000
260.0	690.0	10000000
270.0	690.0	10000000
280.0	690.0	10000000
290.0	690.0	10000000
300.0	690.0	10000000
310.0	690.0	10000000
320.0	690.0	10000000
330.0	690.0	10000000
340.0	690.0	10000000
350.0	690.0	10000000
360.0	690.0	10000000
370.0	690.0	10000000
380.0	690.0	10000000
390.0	690.0	10000000
400.0	690.0	10000000
410.0	690.0	10000000
420.0	690.0	10000000
430.0	690.0	10000000
440.0	690.0	10000000
450.0	690.0	10000000
460.0	690.0	10000000
470.0	690.0	10000000
480.0	690.0	10000000
490.0	690.0	10000000
500.0	690.0	10000000
510.0	690.0	10000000
520.0	690.0	10000000
530.0	690.0	10000000
540.0	690.0	10000000
550.0	690.0	10000000
560.0	690.0	10000000
570.0	690.0	10000000
580.0	690.0	10000000
590.0	690.0	10000000
600.0	690.0	10000000
610.0	690.0	10000000
620.0	690.0	10000000
630.0	690.0	10000000
640.0	690.0	10000000
650.0	690.0	10000000
660.0	690.0	10000000
670.0	690.0	10000000
680.0	690.0	10000000
690.0	690.0	10000000
700.0	690.0	10000000
710.0	690.0	10000000
720.0	690.0	10000000
730.0	690.0	10000000
740.0	690.0	10000000
750.0	690.0	10000000
760.0	690.0	10000000
770.0	690.0	10000000
780.0	690.0	10000000
790.0	690.0	0.0402
800.0	690.0	0.0356
230.0	700.0	10000000
240.0	700.0	10000000
250.0	700.0	10000000
260.0	700.0	10000000
270.0	700.0	10000000
280.0	700.0	10000000
290.0	700.0	10000000
300.0	700.0	10000000
310.0	700.0	10000000
320.0	700.0	10000000
330.0	700.0	10000000
340.0	700.0	10000000
350.0	700.0	10000000
360.0	700.0	10000000
370.0	700.0	10000000
380.0	700.0	10000000
390.0	700.0	10000000
400.0	700.0	10000000
410.0	700.0	10000000
420.0	700.0	10000000
430.0	700.0	10000000
440.0	700.0	10000000
450.0	700.0	10000000
460.0	700.0	10000000
470.0	700.0	10000000
480.0	700.0	10000000
490.0	700.0	10000000
500.0	700.0	10000000
510.0	700.0	10000000
520.0	700.0	10000000
530.0	700.0	10000000
540.0	700.0	10000000
550.0	700.0	10000000
560.0	700.0	10000000
570.0	700.0	10000000
580.0	700.0	10000000
590.0	700.0	10000000
600.0	700.0	10000000
610.0	700.0	10000000
620.0	700.0	10000000
630.0	700.0	10000000
640.0	700.0	10000000
650.0	700.0	10000000
660.0	700.0	10000000
670.0	700.0	10000000
680.0	700.0	10000000
690.0	700.0	10000000
700.0	700.0	10000000
710.0	700.0	10000000
720.0	700.0	10000000
730.0	700.0	10000000
740.0	700.0	10000000
750.0	700.0	10000000
760.0	700.0	10000000
770.0	700.0	10000000
780.0	700.0	10000000
790.0	700.0	10000000
800.0	700.0	0.0379
