#######: table_doi: 10.17182/hepdata.90687.v1/t1
#######: name: Limit 13 TeV on xsec times BR for H+/- to tau-nu
#######: description: The 95% CL upper limit on the production cross section for the Charged Higgs boson decaying into a tau-nu pair.
#######: data_file: limit_13TeV.yaml
#######: keyword reactions: P P --> HIGGS+ BQ TQBAR --> TAU+ NUTAU BQ BQBAR W- | P P --> HIGGS- BQBAR TQ --> TAU- NUTAUBAR BQBAR BQ W+
#######: keyword cmenergies: 13000.0
#######: SQRT(S) [GeV],13000
#######: LUMINOSITY [fb$^-1$],35.9
######Charged Higgs boson mass [GeV],Observed Limit [pb]
######## Number of Input lines:	585
80.0		5.97
85.0		5.279999999999999
90.0		4.59
95.0		3.915
100.0		3.24
105.0		3.0675
110.0		2.895
115.0		2.7225
120.0		2.55
125.0		2.4675
130.0		2.385
135.0		2.3025
140.0		2.22
145.0		1.925
150.0		1.63
155.0		1.48
160.0		1.31
165.0		1.01
170.0		0.57
175.0		0.52
180.0		0.85
185.0		0.8
190.0		0.75
195.0		0.7
200.0		0.65
205.0		0.605
210.0		0.56
215.0		0.515
220.0		0.47
225.0		0.4433333333333333
230.0		0.41666666666666663
235.0		0.39
240.0		0.36333333333333334
245.0		0.33666666666666667
250.0		0.31
255.0		0.293
260.0		0.276
265.0		0.259
270.0		0.242
275.0		0.225
280.0		0.20800000000000002
285.0		0.191
290.0		0.17400000000000002
295.0		0.157
300.0		0.14
305.0		0.13690000000000002
310.0		0.1338
315.0		0.1307
320.0		0.12760000000000002
325.0		0.12450000000000001
330.0		0.12140000000000001
335.0		0.11830000000000002
340.0		0.11520000000000001
345.0		0.1121
350.0		0.10900000000000001
355.0		0.10590000000000001
360.0		0.1028
365.0		0.09970000000000001
370.0		0.0966
375.0		0.0935
380.0		0.09040000000000001
385.0		0.0873
390.0		0.0842
395.0		0.0811
400.0		0.078
405.0		0.0765
410.0		0.075
415.0		0.0735
420.0		0.072
425.0		0.07050000000000001
430.0		0.069
435.0		0.0675
440.0		0.066
445.0		0.0645
450.0		0.063
455.0		0.0615
460.0		0.06
465.0		0.058499999999999996
470.0		0.057
475.0		0.0555
480.0		0.054000000000000006
485.0		0.052500000000000005
490.0		0.051000000000000004
495.0		0.0495
500.0		0.048
505.0		0.04732
510.0		0.04664
515.0		0.04596
520.0		0.04528
525.0		0.0446
530.0		0.04392
535.0		0.04324
540.0		0.04256
545.0		0.04188
550.0		0.0412
555.0		0.04052
560.0		0.03984
565.0		0.03916
570.0		0.03848
575.0		0.0378
580.0		0.03712
585.0		0.03644
590.0		0.03576
595.0		0.03508
600.0		0.0344
605.0		0.03372
610.0		0.03304
615.0		0.03236
620.0		0.03168
625.0		0.031
630.0		0.03032
635.0		0.02964
640.0		0.02896
645.0		0.02828
650.0		0.0276
655.0		0.02692
660.0		0.02624
665.0		0.025560000000000003
670.0		0.024880000000000003
675.0		0.024200000000000003
680.0		0.023520000000000003
685.0		0.022840000000000003
690.0		0.022160000000000003
695.0		0.021480000000000003
700.0		0.020800000000000003
705.0		0.020120000000000002
710.0		0.019440000000000002
715.0		0.018760000000000002
720.0		0.018080000000000002
725.0		0.017400000000000002
730.0		0.01672
735.0		0.01604
740.0		0.015359999999999999
745.0		0.014679999999999999
750.0		0.014
755.0		0.01367
760.0		0.01334
765.0		0.01301
770.0		0.01268
775.0		0.01235
780.0		0.01202
785.0		0.011689999999999999
790.0		0.011359999999999999
795.0		0.01103
800.0		0.0107
805.0		0.010645
810.0		0.010589999999999999
815.0		0.010535
820.0		0.01048
825.0		0.010425
830.0		0.010369999999999999
835.0		0.010315
840.0		0.01026
845.0		0.010204999999999999
850.0		0.01015
855.0		0.010095
860.0		0.01004
865.0		0.009984999999999999
870.0		0.00993
875.0		0.009875
880.0		0.00982
885.0		0.009765
890.0		0.00971
895.0		0.009655
900.0		0.009600000000000001
905.0		0.009545
910.0		0.00949
915.0		0.009435
920.0		0.00938
925.0		0.009325
930.0		0.00927
935.0		0.009215000000000001
940.0		0.00916
945.0		0.009105
950.0		0.00905
955.0		0.008995
960.0		0.00894
965.0		0.008885
970.0		0.008830000000000001
975.0		0.008775
980.0		0.00872
985.0		0.008665
990.0		0.00861
995.0		0.008555
1000.0		0.0085
1005.0		0.0084825
1010.0		0.008465
1015.0		0.0084475
1020.0		0.00843
1025.0		0.0084125
1030.0		0.008395000000000001
1035.0		0.008377500000000001
1040.0		0.008360000000000001
1045.0		0.008342500000000001
1050.0		0.008325
1055.0		0.0083075
1060.0		0.00829
1065.0		0.0082725
1070.0		0.008255
1075.0		0.0082375
1080.0		0.00822
1085.0		0.008202500000000001
1090.0		0.008185000000000001
1095.0		0.008167500000000001
1100.0		0.008150000000000001
1105.0		0.0081325
1110.0		0.008115
1115.0		0.0080975
1120.0		0.00808
1125.0		0.0080625
1130.0		0.008045
1135.0		0.0080275
1140.0		0.00801
1145.0		0.007992500000000001
1150.0		0.007975000000000001
1155.0		0.007957500000000001
1160.0		0.007940000000000001
1165.0		0.0079225
1170.0		0.007905
1175.0		0.0078875
1180.0		0.00787
1185.0		0.0078525
1190.0		0.007835
1195.0		0.0078175
1200.0		0.0078000000000000005
1205.0		0.0077825
1210.0		0.007765
1215.0		0.007747500000000001
1220.0		0.007730000000000001
1225.0		0.007712500000000001
1230.0		0.0076950000000000005
1235.0		0.0076775
1240.0		0.00766
1245.0		0.007642500000000001
1250.0		0.007625000000000001
1255.0		0.0076075000000000005
1260.0		0.00759
1265.0		0.0075725
1270.0		0.007555000000000001
1275.0		0.007537500000000001
1280.0		0.007520000000000001
1285.0		0.0075025000000000005
1290.0		0.007485
1295.0		0.0074675
1300.0		0.00745
1305.0		0.007432500000000001
1310.0		0.007415000000000001
1315.0		0.0073975
1320.0		0.00738
1325.0		0.007362500000000001
1330.0		0.007345000000000001
1335.0		0.007327500000000001
1340.0		0.0073100000000000005
1345.0		0.0072925
1350.0		0.007275
1355.0		0.0072575
1360.0		0.007240000000000001
1365.0		0.007222500000000001
1370.0		0.0072050000000000005
1375.0		0.0071875
1380.0		0.00717
1385.0		0.007152500000000001
1390.0		0.007135000000000001
1395.0		0.0071175000000000006
1400.0		0.0071
1405.0		0.0070825
1410.0		0.007065
1415.0		0.0070475
1420.0		0.007030000000000001
1425.0		0.0070125000000000005
1430.0		0.006995
1435.0		0.0069775
1440.0		0.006960000000000001
1445.0		0.006942500000000001
1450.0		0.006925000000000001
1455.0		0.0069075000000000004
1460.0		0.00689
1465.0		0.0068725
1470.0		0.006855
1475.0		0.006837500000000001
1480.0		0.0068200000000000005
1485.0		0.0068025
1490.0		0.006785
1495.0		0.006767500000000001
1500.0		0.006750000000000001
1505.0		0.006732500000000001
1510.0		0.0067150000000000005
1515.0		0.0066975
1520.0		0.00668
1525.0		0.0066625
1530.0		0.006645000000000001
1535.0		0.006627500000000001
1540.0		0.00661
1545.0		0.0065925
1550.0		0.006575
1555.0		0.006557500000000001
1560.0		0.006540000000000001
1565.0		0.0065225000000000005
1570.0		0.006505
1575.0		0.0064875
1580.0		0.00647
1585.0		0.0064525
1590.0		0.006435
1595.0		0.0064175000000000005
1600.0		0.0064
1605.0		0.006382500000000001
1610.0		0.006365000000000001
1615.0		0.006347500000000001
1620.0		0.0063300000000000006
1625.0		0.0063125
1630.0		0.006295
1635.0		0.0062775
1640.0		0.00626
1645.0		0.0062425
1650.0		0.0062250000000000005
1655.0		0.0062075
1660.0		0.00619
1665.0		0.006172500000000001
1670.0		0.006155000000000001
1675.0		0.006137500000000001
1680.0		0.0061200000000000004
1685.0		0.0061025
1690.0		0.006085
1695.0		0.0060675
1700.0		0.00605
1705.0		0.0060325000000000005
1710.0		0.006015
1715.0		0.0059975
1720.0		0.005980000000000001
1725.0		0.005962500000000001
1730.0		0.005945000000000001
1735.0		0.0059275000000000005
1740.0		0.00591
1745.0		0.0058925
1750.0		0.005875
1755.0		0.0058575
1760.0		0.00584
1765.0		0.0058225
1770.0		0.005805
1775.0		0.0057875
1780.0		0.005770000000000001
1785.0		0.005752500000000001
1790.0		0.0057350000000000005
1795.0		0.0057175
1800.0		0.0057
1805.0		0.0056825
1810.0		0.005665
1815.0		0.0056475
1820.0		0.0056300000000000005
1825.0		0.0056125
1830.0		0.005595
1835.0		0.005577500000000001
1840.0		0.005560000000000001
1845.0		0.0055425000000000006
1850.0		0.005525
1855.0		0.0055075
1860.0		0.00549
1865.0		0.0054725
1870.0		0.005455
1875.0		0.0054375000000000005
1880.0		0.00542
1885.0		0.0054025
1890.0		0.005385000000000001
1895.0		0.005367500000000001
1900.0		0.005350000000000001
1905.0		0.0053325000000000004
1910.0		0.005315
1915.0		0.0052975
1920.0		0.00528
1925.0		0.0052625
1930.0		0.005245
1935.0		0.0052275
1940.0		0.00521
1945.0		0.0051925
1950.0		0.005175000000000001
1955.0		0.005157500000000001
1960.0		0.0051400000000000005
1965.0		0.0051225
1970.0		0.005105
1975.0		0.0050875
1980.0		0.00507
1985.0		0.0050525
1990.0		0.005035
1995.0		0.0050175
2000.0		0.005
2005.0		0.004997
2010.0		0.004994
2015.0		0.004991
2020.0		0.004988
2025.0		0.004985
2030.0		0.004982
2035.0		0.004979
2040.0		0.004976
2045.0		0.004973
2050.0		0.0049700000000000005
2055.0		0.004967
2060.0		0.0049640000000000005
2065.0		0.004961
2070.0		0.004958
2075.0		0.004955
2080.0		0.004952
2085.0		0.004949
2090.0		0.004946
2095.0		0.004943
2100.0		0.00494
2105.0		0.004937
2110.0		0.004934
2115.0		0.0049310000000000005
2120.0		0.004928
2125.0		0.0049250000000000006
2130.0		0.004922
2135.0		0.004919
2140.0		0.004916
2145.0		0.004913
2150.0		0.00491
2155.0		0.004907
2160.0		0.004904
2165.0		0.004901
2170.0		0.0048980000000000004
2175.0		0.004895
2180.0		0.0048920000000000005
2185.0		0.004889
2190.0		0.004886
2195.0		0.004883
2200.0		0.00488
2205.0		0.004877
2210.0		0.004874
2215.0		0.004871
2220.0		0.004868
2225.0		0.004865
2230.0		0.004862
2235.0		0.0048590000000000005
2240.0		0.004856
2245.0		0.0048530000000000005
2250.0		0.00485
2255.0		0.004847
2260.0		0.004844
2265.0		0.004841
2270.0		0.004838
2275.0		0.004835
2280.0		0.004832
2285.0		0.004829
2290.0		0.004826
2295.0		0.004823
2300.0		0.0048200000000000005
2305.0		0.004817
2310.0		0.004814000000000001
2315.0		0.004811
2320.0		0.004808
2325.0		0.004805
2330.0		0.004802
2335.0		0.004799
2340.0		0.004796
2345.0		0.004793
2350.0		0.00479
2355.0		0.0047870000000000005
2360.0		0.004784
2365.0		0.0047810000000000005
2370.0		0.004778
2375.0		0.004775
2380.0		0.004772
2385.0		0.004769
2390.0		0.004766
2395.0		0.004763
2400.0		0.00476
2405.0		0.004757
2410.0		0.004754
2415.0		0.004751
2420.0		0.0047480000000000005
2425.0		0.004745
2430.0		0.0047420000000000006
2435.0		0.004739
2440.0		0.004736
2445.0		0.004733
2450.0		0.00473
2455.0		0.004727
2460.0		0.004724
2465.0		0.004721
2470.0		0.004718
2475.0		0.0047150000000000004
2480.0		0.004712
2485.0		0.0047090000000000005
2490.0		0.004706
2495.0		0.004703000000000001
2500.0		0.0047
2505.0		0.004701
2510.0		0.0047020000000000005
2515.0		0.004703000000000001
2520.0		0.004704
2525.0		0.004705
2530.0		0.004706
2535.0		0.004707
2540.0		0.004708
2545.0		0.0047090000000000005
2550.0		0.00471
2555.0		0.004711
2560.0		0.004712
2565.0		0.004713
2570.0		0.004714
2575.0		0.0047150000000000004
2580.0		0.004716
2585.0		0.004717
2590.0		0.004718
2595.0		0.004719
2600.0		0.00472
2605.0		0.004721
2610.0		0.004722
2615.0		0.004723
2620.0		0.004724
2625.0		0.004725
2630.0		0.004726
2635.0		0.004727
2640.0		0.004728
2645.0		0.004729
2650.0		0.00473
2655.0		0.004731
2660.0		0.004732
2665.0		0.004733
2670.0		0.004734
2675.0		0.004735
2680.0		0.004736
2685.0		0.004737
2690.0		0.004738
2695.0		0.004739
2700.0		0.00474
2705.0		0.0047409999999999996
2710.0		0.004742
2715.0		0.004743
2720.0		0.004744
2725.0		0.004745
2730.0		0.004746
2735.0		0.0047469999999999995
2740.0		0.004748
2745.0		0.004749
2750.0		0.00475
2755.0		0.004751
2760.0		0.004752
2765.0		0.004753
2770.0		0.0047539999999999995
2775.0		0.004755
2780.0		0.004756
2785.0		0.004757
2790.0		0.004758
2795.0		0.004759
2800.0		0.0047599999999999995
2805.0		0.004761
2810.0		0.004762
2815.0		0.004763
2820.0		0.004764
2825.0		0.004765
2830.0		0.004765999999999999
2835.0		0.0047669999999999995
2840.0		0.004768
2845.0		0.004769
2850.0		0.00477
2855.0		0.004771
2860.0		0.004771999999999999
2865.0		0.0047729999999999995
2870.0		0.004774
2875.0		0.004775
2880.0		0.004776
2885.0		0.004777
2890.0		0.004778
2895.0		0.004778999999999999
2900.0		0.0047799999999999995
2905.0		0.004781
2910.0		0.004782
2915.0		0.004783
2920.0		0.004784
2925.0		0.004784999999999999
2930.0		0.0047859999999999995
2935.0		0.004787
2940.0		0.004788
2945.0		0.004789
2950.0		0.00479
2955.0		0.004790999999999999
2960.0		0.004791999999999999
2965.0		0.0047929999999999995
2970.0		0.004794
2975.0		0.004795
2980.0		0.004796
2985.0		0.004796999999999999
2990.0		0.004797999999999999
2995.0		0.0047989999999999994
3000.0		0.0048
