#1912.01594, Fig. 6c
# observed 95% exclusion limits on sig(VV -> X -> WW) (both lv2q & 2l2v)
# mPHI[GeV] | sig [pb]
######## Number of Input lines:	561
200.0		0.61112568419474
205.0		0.6650017151104819
210.0		0.7188777460262238
215.0		0.7727537769419657
220.0		0.8068651510208632
225.0		0.8367169007814748
230.0		0.8665686505420863
235.0		0.8964204003026979
240.0		1.0146338061292528
245.0		1.1315524463248912
250.0		1.2013673631147013
255.0		1.2711822799045116
260.0		1.3409971966943217
265.0		1.410812113484132
270.0		1.4806270302739422
275.0		1.5504419470637525
280.0		1.6179956853923179
285.0		1.6678839669924053
290.0		1.7177722485924927
295.0		1.76766053019258
300.0		1.8175488117926675
305.0		1.8674370933927549
310.0		1.8385831319631891
315.0		1.7461296665481336
320.0		1.6536762011330783
325.0		1.5612227357180228
330.0		1.4687692703029676
335.0		1.376315804887912
340.0		1.2699521302317618
345.0		1.1634890969381748
350.0		1.0570260636445878
355.0		0.974066133193208
360.0		0.8964199477322413
365.0		0.8187737622712745
370.0		0.7411275768103078
375.0		0.6091265806390567
380.0		0.49462396620284643
385.0		0.4604672650533209
390.0		0.4263105639037954
395.0		0.3881510718078607
400.0		0.34940580542708555
405.0		0.3250175153712326
410.0		0.31561041800225575
415.0		0.3062033206332789
420.0		0.29679622326430205
425.0		0.2873891258953252
430.0		0.2779820285263484
435.0		0.2685749311573715
440.0		0.2591678337883947
445.0		0.24976073641941787
450.0		0.24035363905044105
455.0		0.23736910590713123
460.0		0.2346700200627401
465.0		0.23197093421834894
470.0		0.2292718483739578
475.0		0.22657276252956668
480.0		0.22387367668517552
485.0		0.2211745908407844
490.0		0.21847550499639326
495.0		0.2157764191520021
500.0		0.21307733330761097
505.0		0.2081126269370603
510.0		0.20182418722538253
515.0		0.19553574751370473
520.0		0.18924730780202695
525.0		0.18295886809034917
530.0		0.17667042837867136
535.0		0.17038198866699358
540.0		0.1640935489553158
545.0		0.15780510924363803
550.0		0.15064881314698317
555.0		0.1433892008140215
560.0		0.13612958848105985
565.0		0.13015472329354458
570.0		0.12468866885670124
575.0		0.1192226144198579
580.0		0.11375655998301458
585.0		0.10829050554617124
590.0		0.10282445110932792
595.0		0.0980210414783828
600.0		0.09438700503431696
605.0		0.09075296859025114
610.0		0.08711893214618532
615.0		0.08348489570211949
620.0		0.07985085925805367
625.0		0.07619930914699082
630.0		0.07009584565633736
635.0		0.06399238216568391
640.0		0.05531825201917058
645.0		0.053145860211545805
650.0		0.05262474650784384
655.0		0.05210363280414188
660.0		0.05158251910043992
665.0		0.05106140539673796
670.0		0.050540291693036
675.0		0.050019177989334036
680.0		0.049498064285632075
685.0		0.048976950581930113
690.0		0.04845583687822815
695.0		0.0479347231745262
700.0		0.047413609470824236
705.0		0.046892495767122275
710.0		0.04637138206342031
715.0		0.04585026835971835
720.0		0.04529812360839133
725.0		0.04473493896512079
730.0		0.04417175432185024
735.0		0.04360856967857969
740.0		0.04304538503530915
745.0		0.0424822003920386
750.0		0.04191901574876805
755.0		0.04135583110549751
760.0		0.04079264646222696
765.0		0.04022946181895641
770.0		0.03966627717568587
775.0		0.03910309253241532
780.0		0.03837185789896228
785.0		0.03760440559521129
790.0		0.03683695329146029
795.0		0.036069500987709294
800.0		0.0353020486839583
805.0		0.034534596380207304
810.0		0.033767144076456306
815.0		0.032999691772705314
820.0		0.032232239468954316
825.0		0.03146478716520332
830.0		0.030697334861452326
835.0		0.030192793154865984
840.0		0.02979978927737981
845.0		0.029406785399893637
850.0		0.029013781522407463
855.0		0.02862077764492129
860.0		0.02822777376743512
865.0		0.027834769889948947
870.0		0.027441766012462773
875.0		0.0270487621349766
880.0		0.026655758257490426
885.0		0.026262754380004256
890.0		0.025869750502518083
895.0		0.02547674662503191
900.0		0.025083742747545736
905.0		0.024690738870059563
910.0		0.02429773499257339
915.0		0.024133692347855614
920.0		0.024021414851415915
925.0		0.023909137354976212
930.0		0.02379685985853651
935.0		0.023684582362096807
940.0		0.023572304865657104
945.0		0.023460027369217405
950.0		0.023347749872777702
955.0		0.023235472376338
960.0		0.023123194879898296
965.0		0.023010917383458594
970.0		0.022785437571149463
975.0		0.02251028735493843
980.0		0.022235137138727396
985.0		0.02195998692251636
990.0		0.021684836706305326
995.0		0.021409686490094292
1000.0		0.02113453627388326
1005.0		0.020859386057672222
1010.0		0.020584235841461188
1015.0		0.020309085625250155
1020.0		0.020033935409039118
1025.0		0.019758785192828084
1030.0		0.01948363497661705
1035.0		0.019227223529087532
1040.0		0.019049931327102226
1045.0		0.01887263912511692
1050.0		0.018695346923131614
1055.0		0.01851805472114631
1060.0		0.018340762519161002
1065.0		0.018163470317175696
1070.0		0.01798617811519039
1075.0		0.01780888591320508
1080.0		0.017631593711219775
1085.0		0.01745430150923447
1090.0		0.017277009307249163
1095.0		0.017099717105263857
1100.0		0.01692242490327855
1105.0		0.016745132701293245
1110.0		0.016589667690457287
1115.0		0.01643680115475816
1120.0		0.016283934619059033
1125.0		0.016131068083359904
1130.0		0.015978201547660775
1135.0		0.01582533501196165
1140.0		0.01567246847626252
1145.0		0.015519601940563394
1150.0		0.015366735404864267
1155.0		0.01521386886916514
1160.0		0.015061002333466012
1165.0		0.014908135797766883
1170.0		0.014750812701605701
1175.0		0.014573777895708498
1180.0		0.014396743089811297
1185.0		0.014219708283914095
1190.0		0.014042673478016892
1195.0		0.01386563867211969
1200.0		0.013688603866222488
1205.0		0.013511569060325286
1210.0		0.013334534254428083
1215.0		0.01315749944853088
1220.0		0.01298046464263368
1225.0		0.012803429836736477
1230.0		0.012626395030839274
1235.0		0.012449360224942072
1240.0		0.012323881710865266
1245.0		0.012222570208579277
1250.0		0.012121258706293287
1255.0		0.012019947204007298
1260.0		0.011918635701721308
1265.0		0.01181732419943532
1270.0		0.011716012697149331
1275.0		0.01161470119486334
1280.0		0.011513389692577352
1285.0		0.011412078190291363
1290.0		0.011309919380237708
1295.0		0.011206218470046903
1300.0		0.011102517559856096
1305.0		0.01099881664966529
1310.0		0.010895115739474485
1315.0		0.010791414829283679
1320.0		0.010687713919092873
1325.0		0.010584013008902066
1330.0		0.010480312098711262
1335.0		0.010376611188520455
1340.0		0.010272910278329649
1345.0		0.010169209368138843
1350.0		0.010065508457948038
1355.0		0.009998737064781387
1360.0		0.009952256615034608
1365.0		0.009905776165287828
1370.0		0.009859295715541049
1375.0		0.00981281526579427
1380.0		0.00976633481604749
1385.0		0.00971985436630071
1390.0		0.00967337391655393
1395.0		0.009626893466807151
1400.0		0.009580413017060372
1405.0		0.009533932567313592
1410.0		0.009463297414648502
1415.0		0.009370792463395205
1420.0		0.009278287512141908
1425.0		0.009185782560888613
1430.0		0.009093277609635316
1435.0		0.00900077265838202
1440.0		0.008908267707128723
1445.0		0.008815762755875426
1450.0		0.00872325780462213
1455.0		0.008630752853368832
1460.0		0.008540867148507542
1465.0		0.008461551973728276
1470.0		0.008382236798949012
1475.0		0.008302921624169747
1480.0		0.008223606449390481
1485.0		0.008144291274611217
1490.0		0.00809048598532184
1495.0		0.00805113629781007
1500.0		0.008011786610298301
1505.0		0.007972436922786532
1510.0		0.007933087235274763
1515.0		0.007893737547762994
1520.0		0.007854387860251225
1525.0		0.007825000023874566
1530.0		0.0078060071625954165
1535.0		0.007787014301316267
1540.0		0.007768021440037118
1545.0		0.007749028578757968
1550.0		0.007730035717478818
1555.0		0.007711042856199669
1560.0		0.007692049994920519
1565.0		0.007673057133641369
1570.0		0.00765406427236222
1575.0		0.00763507141108307
1580.0		0.00761607854980392
1585.0		0.007597085688524771
1590.0		0.007578092827245621
1595.0		0.007556580675775624
1600.0		0.007524431521277601
1605.0		0.0074922823667795775
1610.0		0.007460133212281554
1615.0		0.00742798405778353
1620.0		0.007395834903285507
1625.0		0.007363685748787483
1630.0		0.007331536594289459
1635.0		0.007299387439791436
1640.0		0.007267238285293413
1645.0		0.007235089130795389
1650.0		0.007202939976297365
1655.0		0.007170790821799342
1660.0		0.007138641667301319
1665.0		0.0071064925128032945
1670.0		0.007074343358305271
1675.0		0.007042194203807248
1680.0		0.007010045049309225
1685.0		0.0069778958948112
1690.0		0.006945746740313177
1695.0		0.0069213254729348465
1700.0		0.006912359979795908
1705.0		0.00690339448665697
1710.0		0.006894428993518032
1715.0		0.006885463500379094
1720.0		0.0068764980072401555
1725.0		0.0068675325141012164
1730.0		0.006858567020962278
1735.0		0.00684960152782334
1740.0		0.006840636034684402
1745.0		0.006831670541545464
1750.0		0.0068227050484065245
1755.0		0.006813739555267586
1760.0		0.006804774062128648
1765.0		0.006765725359890669
1770.0		0.0067205057429657045
1775.0		0.006675286126040739
1780.0		0.006630066509115774
1785.0		0.00658484689219081
1790.0		0.006539627275265845
1795.0		0.006494407658340881
1800.0		0.006449188041415916
1805.0		0.0064039684244909505
1810.0		0.006358748807565986
1815.0		0.006313529190641021
1820.0		0.006268309573716056
1825.0		0.006223089956791092
1830.0		0.006177870339866127
1835.0		0.006132650722941162
1840.0		0.0060874311060161975
1845.0		0.006042211489091232
1850.0		0.006006738313419653
1855.0		0.0059890036608292434
1860.0		0.005971269008238834
1865.0		0.005953534355648424
1870.0		0.005935799703058014
1875.0		0.005918065050467604
1880.0		0.005900330397877194
1885.0		0.0058825957452867846
1890.0		0.005864861092696375
1895.0		0.005847126440105965
1900.0		0.005829391787515555
1905.0		0.005811657134925145
1910.0		0.0057939224823347355
1915.0		0.005776187829744326
1920.0		0.005758453177153916
1925.0		0.005740718524563506
1930.0		0.005722983871973096
1935.0		0.005705249219382686
1940.0		0.005691591759317768
1945.0		0.0056784932691958615
1950.0		0.0056653947790739545
1955.0		0.005652296288952048
1960.0		0.005639197798830141
1965.0		0.005626099308708235
1970.0		0.005613000818586328
1975.0		0.005599902328464422
1980.0		0.005586803838342515
1985.0		0.005573705348220609
1990.0		0.0055606068580987015
1995.0		0.005547508367976795
2000.0		0.005534409877854888
2005.0		0.005521311387732981
2010.0		0.005508212897611075
2015.0		0.005505425984819179
2020.0		0.005505425984819179
2025.0		0.005505425984819179
2030.0		0.005505425984819179
2035.0		0.005505425984819179
2040.0		0.005505425984819179
2045.0		0.005505425984819179
2050.0		0.005505425984819179
2055.0		0.005505425984819179
2060.0		0.005505425984819179
2065.0		0.005505425984819179
2070.0		0.0054914171199553045
2075.0		0.00547040382265949
2080.0		0.005449390525363676
2085.0		0.005428377228067863
2090.0		0.005407363930772049
2095.0		0.005386350633476235
2100.0		0.005365337336180421
2105.0		0.0053443240388846075
2110.0		0.005323310741588793
2115.0		0.005302297444292979
2120.0		0.005281284146997165
2125.0		0.005260270849701352
2130.0		0.005239257552405538
2135.0		0.005219813504185175
2140.0		0.0052084203860040925
2145.0		0.005197027267823011
2150.0		0.005185634149641929
2155.0		0.005174241031460847
2160.0		0.005162847913279765
2165.0		0.005151454795098683
2170.0		0.005140061676917601
2175.0		0.005128668558736519
2180.0		0.005117275440555437
2185.0		0.0051058823223743555
2190.0		0.005094489204193273
2195.0		0.005083096086012192
2200.0		0.0050717029678311095
2205.0		0.005060309849650027
2210.0		0.005048916731468946
2215.0		0.005034381568467491
2220.0		0.00501162874978198
2225.0		0.004988875931096469
2230.0		0.004966123112410958
2235.0		0.004943370293725447
2240.0		0.004920617475039936
2245.0		0.004897864656354425
2250.0		0.004875111837668914
2255.0		0.004852359018983402
2260.0		0.004829606200297891
2265.0		0.00480685338161238
2270.0		0.0047841005629268695
2275.0		0.004761347744241359
2280.0		0.004738594925555847
2285.0		0.004715842106870336
2290.0		0.004694922493834256
2295.0		0.004682111290401437
2300.0		0.004669300086968618
2305.0		0.0046564888835358
2310.0		0.0046436776801029814
2315.0		0.0046308664766701625
2320.0		0.004618055273237344
2325.0		0.004605244069804525
2330.0		0.004592432866371706
2335.0		0.004579621662938888
2340.0		0.004566810459506069
2345.0		0.00455399925607325
2350.0		0.004541188052640431
2355.0		0.004530816191494725
2360.0		0.0045231385292929934
2365.0		0.004515460867091262
2370.0		0.004507783204889531
2375.0		0.0045001055426878
2380.0		0.00449242788048607
2385.0		0.0044847502182843385
2390.0		0.004477072556082607
2395.0		0.004469394893880876
2400.0		0.004461717231679145
2405.0		0.00445386689902289
2410.0		0.004445029878055068
2415.0		0.004436192857087247
2420.0		0.0044273558361194254
2425.0		0.004418518815151604
2430.0		0.0044096817941837825
2435.0		0.004400844773215961
2440.0		0.0043920077522481395
2445.0		0.004383170731280318
2450.0		0.0043743337103124965
2455.0		0.004365496689344675
2460.0		0.004356659668376854
2465.0		0.004347822647409032
2470.0		0.004338985626441211
2475.0		0.004330148605473389
2480.0		0.004321311584505568
2485.0		0.004312474563537746
2490.0		0.0043036375425699255
2495.0		0.004292851539211654
2500.0		0.0042811218180643235
2505.0		0.004269392096916992
2510.0		0.004257662375769661
2515.0		0.0042459326546223294
2520.0		0.004234202933474998
2525.0		0.004222473212327667
2530.0		0.004210743491180335
2535.0		0.004199013770033004
2540.0		0.004187284048885673
2545.0		0.004175554327738341
2550.0		0.004163824606591011
2555.0		0.00415209488544368
2560.0		0.004146494030692968
2565.0		0.0041411185019127215
2570.0		0.004135742973132475
2575.0		0.004130367444352228
2580.0		0.004124991915571982
2585.0		0.004119616386791735
2590.0		0.004114240858011489
2595.0		0.004108865329231242
2600.0		0.0041034898004509955
2605.0		0.004098114271670749
2610.0		0.004092738742890502
2615.0		0.004087363214110256
2620.0		0.004081987685330009
2625.0		0.004072311680233915
2630.0		0.004057607425906981
2635.0		0.004042903171580047
2640.0		0.004028198917253113
2645.0		0.004013494662926179
2650.0		0.003998790408599245
2655.0		0.0039840861542723115
2660.0		0.003969381899945377
2665.0		0.0039546776456184434
2670.0		0.003939973391291509
2675.0		0.003925269136964575
2680.0		0.003910564882637641
2685.0		0.0038958606283107074
2690.0		0.0038811563739837734
2695.0		0.0038668835894449306
2700.0		0.0038548244325145578
2705.0		0.0038427652755841845
2710.0		0.0038307061186538117
2715.0		0.003818646961723439
2720.0		0.003806587804793066
2725.0		0.0037945286478626933
2730.0		0.0037824694909323205
2735.0		0.0037704103340019477
2740.0		0.003758351177071575
2745.0		0.003746292020141202
2750.0		0.0037341394270916897
2755.0		0.003719884521361538
2760.0		0.0037056296156313864
2765.0		0.0036913747099012345
2770.0		0.0036771198041710825
2775.0		0.003662864898440931
2780.0		0.003648609992710779
2785.0		0.0036343550869806277
2790.0		0.003620100181250476
2795.0		0.0036058452755203243
2800.0		0.0035915903697901724
2805.0		0.0035773354640600205
2810.0		0.003563080558329869
2815.0		0.003548825652599717
2820.0		0.0035373532015487946
2825.0		0.0035282604814735287
2830.0		0.003519167761398263
2835.0		0.003510075041322997
2840.0		0.0035009823212477312
2845.0		0.0034918896011724657
2850.0		0.0034827968810972
2855.0		0.0034737041610219343
2860.0		0.0034646114409466683
2865.0		0.003455518720871403
2870.0		0.003446426000796137
2875.0		0.003437333280720871
2880.0		0.0034282405606456054
2885.0		0.0034190632446724754
2890.0		0.0034075849202774293
2895.0		0.0033961065958823837
2900.0		0.0033846282714873376
2905.0		0.0033731499470922915
2910.0		0.0033616716226972454
2915.0		0.0033501932983021994
2920.0		0.0033387149739071533
2925.0		0.0033272366495121076
2930.0		0.0033157583251170616
2935.0		0.0033042800007220155
2940.0		0.003291448292303828
2945.0		0.0032780616964361528
2950.0		0.0032646751005684775
2955.0		0.003251288504700802
2960.0		0.003237901908833127
2965.0		0.003224515312965451
2970.0		0.003211128717097776
2975.0		0.0031977421212301006
2980.0		0.0031843555253624253
2985.0		0.00317096892949475
2990.0		0.0031575823336270742
2995.0		0.003144195737759399
3000.0		0.0031308091418917237
