######: paper: 201105639
######: table_doi: 10.17182/hepdata.95826.v1/t7
######: name: Cross-section limits gluon-gluon fusion in llbb
######: description: Upper bounds at 95% CL on the production cross-section times the branching ratio B(A->ZH)xB(H->bb) in pb for a narrow width A boson produced via gluon-gluon fusion.
######: For each signal point, characterised by the mass pair (mA, mH), two limits are provided, the observed and the expected.
######: data_file: limits_ggA_narrow_width.yaml
######: keyword reactions: p p --> HIGGS | HIGGS --> Z0 HIGGS | Z0 --> E+ E- | Z0 --> MU+ MU- | HIGGS --> BQ BQBAR
######: keyword observables: cls
######: keyword cmenergies: 13000.0
######: keyword phrases: cross-section limits | Higgs boson production | 2HDM | gluon-gluon fusion
######: Limit,Observed
######: SQRT(S) [GeV],13000
######: LUMINOSITY [fb$^{-1}$],139
######: mH [GeV],mA [GeV],Upper limit on  sigma(ggA) x B(A->ZH) x B(H->bb)  at 95% CL [pb]
130.0		230.0		0.345613
130.0		240.0		0.286124
130.0		250.0		0.298628
130.0		260.0		0.167239
130.0		270.0		0.143655
130.0		280.0		0.14662
130.0		290.0		0.193226
130.0		300.0		0.14863
130.0		310.0		0.169877
130.0		320.0		0.202746
130.0		330.0		0.165965
130.0		340.0		0.113602
130.0		350.0		0.11942
130.0		360.0		0.131531
130.0		370.0		0.170007
130.0		380.0		0.0974909
130.0		390.0		0.100801
130.0		400.0		0.0828728
130.0		410.0		0.065064
130.0		420.0		0.0687252
130.0		430.0		0.0826851
130.0		440.0		0.0954216
130.0		450.0		0.0705207
130.0		460.0		0.0587936
130.0		470.0		0.0710144
130.0		480.0		0.0642891
130.0		490.0		0.0721093
130.0		500.0		0.0640255
130.0		510.0		0.0581987
130.0		520.0		0.0439054
130.0		530.0		0.0305664
130.0		540.0		0.0339539
130.0		550.0		0.0282564
130.0		560.0		0.0372975
130.0		570.0		0.037012
130.0		580.0		0.031544
130.0		590.0		0.0370953
130.0		600.0		0.0312605
130.0		610.0		0.0360532
130.0		620.0		0.0294842
130.0		630.0		0.0233464
130.0		640.0		0.0226681
130.0		650.0		0.0224439
130.0		660.0		0.0218928
130.0		670.0		0.020061
130.0		680.0		0.0230402
130.0		690.0		0.024864
130.0		700.0		0.024783
130.0		710.0		0.0192131
130.0		720.0		0.0164675
130.0		730.0		0.0196182
130.0		740.0		0.0120517
130.0		750.0		0.0116086
130.0		760.0		0.0133051
130.0		770.0		0.0149282
130.0		780.0		0.0115462
130.0		790.0		0.0110591
130.0		800.0		0.00991166
140.0		240.0		0.338489
140.0		250.0		0.235619
140.0		260.0		0.266726
140.0		270.0		0.151169
140.0		280.0		0.20323
140.0		290.0		0.163226
140.0		300.0		0.114896
140.0		310.0		0.106196
140.0		320.0		0.13556
140.0		330.0		0.156544
140.0		340.0		0.126159
140.0		350.0		0.137003
140.0		360.0		0.126156
140.0		370.0		0.149288
140.0		380.0		0.148072
140.0		390.0		0.132868
140.0		400.0		0.105447
140.0		410.0		0.092462
140.0		420.0		0.0750141
140.0		430.0		0.0669745
140.0		440.0		0.0665845
140.0		450.0		0.0605487
140.0		460.0		0.0733741
140.0		470.0		0.0614923
140.0		480.0		0.0679254
140.0		490.0		0.0611161
140.0		500.0		0.0706637
140.0		510.0		0.0704394
140.0		520.0		0.0500983
140.0		530.0		0.0501364
140.0		540.0		0.0489562
140.0		550.0		0.0324424
140.0		560.0		0.0332151
140.0		570.0		0.0231275
140.0		580.0		0.0297418
140.0		590.0		0.0319593
140.0		600.0		0.0220159
140.0		610.0		0.0215346
140.0		620.0		0.02168
140.0		630.0		0.0220479
140.0		640.0		0.0216643
140.0		650.0		0.0262988
140.0		660.0		0.0207865
140.0		670.0		0.0187926
140.0		680.0		0.0206472
140.0		690.0		0.0230794
140.0		700.0		0.0207552
140.0		710.0		0.0168927
140.0		720.0		0.0220223
140.0		730.0		0.0130828
140.0		740.0		0.0101022
140.0		750.0		0.00964606
140.0		760.0		0.0110503
140.0		770.0		0.00766937
140.0		780.0		0.00803771
140.0		790.0		0.00955476
140.0		800.0		0.0103976
150.0		250.0		0.381571
150.0		260.0		0.18662
150.0		270.0		0.234536
150.0		280.0		0.0988935
150.0		290.0		0.119297
150.0		300.0		0.170655
150.0		310.0		0.0852155
150.0		320.0		0.114356
150.0		330.0		0.112433
150.0		340.0		0.157867
150.0		350.0		0.116723
150.0		360.0		0.124033
150.0		370.0		0.166763
150.0		380.0		0.179977
150.0		390.0		0.140625
150.0		400.0		0.119373
150.0		410.0		0.104956
150.0		420.0		0.106196
150.0		430.0		0.108211
150.0		440.0		0.107695
150.0		450.0		0.0942945
150.0		460.0		0.0830825
150.0		470.0		0.0824468
150.0		480.0		0.0708148
150.0		490.0		0.0467656
150.0		500.0		0.0478591
150.0		510.0		0.0409193
150.0		520.0		0.0495269
150.0		530.0		0.0437908
150.0		540.0		0.0333143
150.0		550.0		0.0280435
150.0		560.0		0.0318345
150.0		570.0		0.0234078
150.0		580.0		0.0257771
150.0		590.0		0.0208968
150.0		600.0		0.0222193
150.0		610.0		0.0312456
150.0		620.0		0.0260837
150.0		630.0		0.0248465
150.0		640.0		0.0230771
150.0		650.0		0.0228813
150.0		660.0		0.0230054
150.0		670.0		0.0260128
150.0		680.0		0.0230613
150.0		690.0		0.0216342
150.0		700.0		0.0187297
150.0		710.0		0.0186124
150.0		720.0		0.0184285
150.0		730.0		0.0168497
150.0		740.0		0.0187852
150.0		750.0		0.0178729
150.0		760.0		0.0137244
150.0		770.0		0.00960568
150.0		780.0		0.0110804
150.0		790.0		0.00821521
150.0		800.0		0.00751389
160.0		260.0		0.339172
160.0		270.0		0.214066
160.0		280.0		0.208472
160.0		290.0		0.136997
160.0		300.0		0.140502
160.0		310.0		0.155218
160.0		320.0		0.0867708
160.0		330.0		0.0986468
160.0		340.0		0.146721
160.0		350.0		0.190966
160.0		360.0		0.121772
160.0		370.0		0.120277
160.0		380.0		0.133629
160.0		390.0		0.13045
160.0		400.0		0.122344
160.0		410.0		0.100522
160.0		420.0		0.0922145
160.0		430.0		0.0815702
160.0		440.0		0.087357
160.0		450.0		0.100949
160.0		460.0		0.0792153
160.0		470.0		0.0639121
160.0		480.0		0.0597595
160.0		490.0		0.0567707
160.0		500.0		0.0531021
160.0		510.0		0.0320081
160.0		520.0		0.038116
160.0		530.0		0.042513
160.0		540.0		0.0438039
160.0		550.0		0.047548
160.0		560.0		0.0290224
160.0		570.0		0.0319143
160.0		580.0		0.04012
160.0		590.0		0.0291922
160.0		600.0		0.0251517
160.0		610.0		0.0191622
160.0		620.0		0.016963
160.0		630.0		0.0250875
160.0		640.0		0.0179003
160.0		650.0		0.0159232
160.0		660.0		0.0180398
160.0		670.0		0.0180255
160.0		680.0		0.0206403
160.0		690.0		0.0258285
160.0		700.0		0.0234917
160.0		710.0		0.0217247
160.0		720.0		0.018174
160.0		730.0		0.018303
160.0		740.0		0.0150395
160.0		750.0		0.0150709
160.0		760.0		0.0125314
160.0		770.0		0.0134643
160.0		780.0		0.01078
160.0		790.0		0.0108292
160.0		800.0		0.0107813
170.0		270.0		0.278452
170.0		280.0		0.212141
170.0		290.0		0.217659
170.0		300.0		0.116725
170.0		310.0		0.111247
170.0		320.0		0.186322
170.0		330.0		0.102612
170.0		340.0		0.0812905
170.0		350.0		0.141316
170.0		360.0		0.16552
170.0		370.0		0.125043
170.0		380.0		0.117125
170.0		390.0		0.109746
170.0		400.0		0.110271
170.0		410.0		0.0901955
170.0		420.0		0.0555116
170.0		430.0		0.0657212
170.0		440.0		0.0713051
170.0		450.0		0.0797458
170.0		460.0		0.0962147
170.0		470.0		0.121412
170.0		480.0		0.0892854
170.0		490.0		0.0634922
170.0		500.0		0.0501004
170.0		510.0		0.0394215
170.0		520.0		0.0374249
170.0		530.0		0.0357292
170.0		540.0		0.0398159
170.0		550.0		0.0416576
170.0		560.0		0.0382266
170.0		570.0		0.0342338
170.0		580.0		0.0280881
170.0		590.0		0.03217
170.0		600.0		0.0368751
170.0		610.0		0.0235405
170.0		620.0		0.0243141
170.0		630.0		0.0190277
170.0		640.0		0.0161495
170.0		650.0		0.0181334
170.0		660.0		0.0144125
170.0		670.0		0.0115492
170.0		680.0		0.0133556
170.0		690.0		0.0126272
170.0		700.0		0.0154016
170.0		710.0		0.0180812
170.0		720.0		0.0186405
170.0		730.0		0.0189614
170.0		740.0		0.0150236
170.0		750.0		0.0157866
170.0		760.0		0.0126016
170.0		770.0		0.01456
170.0		780.0		0.0105111
170.0		790.0		0.00949747
170.0		800.0		0.0126685
180.0		280.0		0.293218
180.0		290.0		0.170977
180.0		300.0		0.218327
180.0		310.0		0.0921726
180.0		320.0		0.0938919
180.0		330.0		0.165234
180.0		340.0		0.106916
180.0		350.0		0.0833195
180.0		360.0		0.112151
180.0		370.0		0.1608
180.0		380.0		0.160159
180.0		390.0		0.135816
180.0		400.0		0.138853
180.0		410.0		0.157405
180.0		420.0		0.0985804
180.0		430.0		0.0546411
180.0		440.0		0.0772658
180.0		450.0		0.079256
180.0		460.0		0.0709298
180.0		470.0		0.0739607
180.0		480.0		0.0902863
180.0		490.0		0.0771132
180.0		500.0		0.0652654
180.0		510.0		0.0568954
180.0		520.0		0.0423433
180.0		530.0		0.0482999
180.0		540.0		0.0354451
180.0		550.0		0.0380135
180.0		560.0		0.0412459
180.0		570.0		0.0421931
180.0		580.0		0.0267212
180.0		590.0		0.0297468
180.0		600.0		0.0243731
180.0		610.0		0.0271413
180.0		620.0		0.036138
180.0		630.0		0.0225296
180.0		640.0		0.0192378
180.0		650.0		0.0190861
180.0		660.0		0.0172968
180.0		670.0		0.0243159
180.0		680.0		0.0163215
180.0		690.0		0.0132131
180.0		700.0		0.0124665
180.0		710.0		0.01033
180.0		720.0		0.0119481
180.0		730.0		0.0110975
180.0		740.0		0.0104507
180.0		750.0		0.00826089
180.0		760.0		0.00998113
180.0		770.0		0.0111977
180.0		780.0		0.0104808
180.0		790.0		0.0134331
180.0		800.0		0.0119727
190.0		290.0		0.219911
190.0		300.0		0.161554
190.0		310.0		0.225219
190.0		320.0		0.0993106
190.0		330.0		0.0751668
190.0		340.0		0.158839
190.0		350.0		0.0879346
190.0		360.0		0.0853148
190.0		370.0		0.0961968
190.0		380.0		0.11197
190.0		390.0		0.153739
190.0		400.0		0.15684
190.0		410.0		0.174037
190.0		420.0		0.176752
190.0		430.0		0.125583
190.0		440.0		0.0795643
190.0		450.0		0.0636285
190.0		460.0		0.0606139
190.0		470.0		0.0555047
190.0		480.0		0.0502434
190.0		490.0		0.0613207
190.0		500.0		0.0750828
190.0		510.0		0.0568041
190.0		520.0		0.0432881
190.0		530.0		0.0456347
190.0		540.0		0.0345234
190.0		550.0		0.0332501
190.0		560.0		0.0228255
190.0		570.0		0.0329491
190.0		580.0		0.0326232
190.0		590.0		0.0294057
190.0		600.0		0.0262742
190.0		610.0		0.0180407
190.0		620.0		0.0196389
190.0		630.0		0.0264513
190.0		640.0		0.027842
190.0		650.0		0.0189123
190.0		660.0		0.0189681
190.0		670.0		0.0146488
190.0		680.0		0.0119374
190.0		690.0		0.0160682
190.0		700.0		0.0107771
190.0		710.0		0.0105494
190.0		720.0		0.0091299
190.0		730.0		0.00894936
190.0		740.0		0.0128744
190.0		750.0		0.0106329
190.0		760.0		0.0100675
190.0		770.0		0.00771707
190.0		780.0		0.00899415
190.0		790.0		0.0086525
190.0		800.0		0.00805536
200.0		300.0		0.168919
200.0		310.0		0.137943
200.0		320.0		0.193369
200.0		330.0		0.0818499
200.0		340.0		0.0727573
200.0		350.0		0.166984
200.0		360.0		0.0894307
200.0		370.0		0.0807429
200.0		380.0		0.0933208
200.0		390.0		0.107163
200.0		400.0		0.12571
200.0		410.0		0.113785
200.0		420.0		0.148454
200.0		430.0		0.162192
200.0		440.0		0.133358
200.0		450.0		0.08625
200.0		460.0		0.0625572
200.0		470.0		0.0584714
200.0		480.0		0.0536986
200.0		490.0		0.0427842
200.0		500.0		0.0418666
200.0		510.0		0.0545082
200.0		520.0		0.0493493
200.0		530.0		0.0343918
200.0		540.0		0.0404459
200.0		550.0		0.0371631
200.0		560.0		0.0387667
200.0		570.0		0.0311709
200.0		580.0		0.0343755
200.0		590.0		0.0544494
200.0		600.0		0.0430605
200.0		610.0		0.0371128
200.0		620.0		0.0261085
200.0		630.0		0.0139577
200.0		640.0		0.0208461
200.0		650.0		0.0215161
200.0		660.0		0.0206525
200.0		670.0		0.015677
200.0		680.0		0.0153644
200.0		690.0		0.0133515
200.0		700.0		0.0118744
200.0		710.0		0.0128726
200.0		720.0		0.00864009
200.0		730.0		0.00978794
200.0		740.0		0.00923771
200.0		750.0		0.0093295
200.0		760.0		0.0130389
200.0		770.0		0.0104115
200.0		780.0		0.00981766
200.0		790.0		0.00788716
200.0		800.0		0.0073731
210.0		310.0		0.109963
210.0		320.0		0.158027
210.0		330.0		0.231276
210.0		340.0		0.0984703
210.0		350.0		0.0712475
210.0		360.0		0.102848
210.0		370.0		0.0816592
210.0		380.0		0.0680787
210.0		390.0		0.0736269
210.0		400.0		0.107932
210.0		410.0		0.103953
210.0		420.0		0.113269
210.0		430.0		0.149013
210.0		440.0		0.162593
210.0		450.0		0.144608
210.0		460.0		0.104925
210.0		470.0		0.0532873
210.0		480.0		0.0400361
210.0		490.0		0.0374713
210.0		500.0		0.0399367
210.0		510.0		0.0404082
210.0		520.0		0.0491845
210.0		530.0		0.0623693
210.0		540.0		0.045572
210.0		550.0		0.0368191
210.0		560.0		0.0451565
210.0		570.0		0.0358951
210.0		580.0		0.0410856
210.0		590.0		0.0309533
210.0		600.0		0.0454305
210.0		610.0		0.0518729
210.0		620.0		0.0362514
210.0		630.0		0.0197778
210.0		640.0		0.0165123
210.0		650.0		0.0160001
210.0		660.0		0.0243473
210.0		670.0		0.0294487
210.0		680.0		0.0236399
210.0		690.0		0.0154889
210.0		700.0		0.0171769
210.0		710.0		0.0133952
210.0		720.0		0.0125433
210.0		730.0		0.0135385
210.0		740.0		0.00899098
210.0		750.0		0.0104569
210.0		760.0		0.0109998
210.0		770.0		0.0106846
210.0		780.0		0.0140706
210.0		790.0		0.013044
210.0		800.0		0.0102452
220.0		320.0		0.0973906
220.0		330.0		0.156093
220.0		340.0		0.170566
220.0		350.0		0.122664
220.0		360.0		0.0945491
220.0		370.0		0.109989
220.0		380.0		0.0656473
220.0		390.0		0.056404
220.0		400.0		0.0491394
220.0		410.0		0.095087
220.0		420.0		0.112329
220.0		430.0		0.10867
220.0		440.0		0.112021
220.0		450.0		0.112705
220.0		460.0		0.108815
220.0		470.0		0.0700256
220.0		480.0		0.0450627
220.0		490.0		0.0440173
220.0		500.0		0.0352835
220.0		510.0		0.0447592
220.0		520.0		0.0352884
220.0		530.0		0.0428584
220.0		540.0		0.0516983
220.0		550.0		0.0423619
220.0		560.0		0.0324676
220.0		570.0		0.0453671
220.0		580.0		0.0450653
220.0		590.0		0.048981
220.0		600.0		0.0310394
220.0		610.0		0.0491461
220.0		620.0		0.058887
220.0		630.0		0.0518266
220.0		640.0		0.0351816
220.0		650.0		0.0232976
220.0		660.0		0.0143007
220.0		670.0		0.0269414
220.0		680.0		0.0257597
220.0		690.0		0.0280465
220.0		700.0		0.0233761
220.0		710.0		0.0194811
220.0		720.0		0.0180331
220.0		730.0		0.0130717
220.0		740.0		0.0118012
220.0		750.0		0.00952947
220.0		760.0		0.00676995
220.0		770.0		0.00919358
220.0		780.0		0.00933286
220.0		790.0		0.0098807
220.0		800.0		0.0133574
230.0		330.0		0.0815383
230.0		340.0		0.150932
230.0		350.0		0.157991
230.0		360.0		0.147307
230.0		370.0		0.0951194
230.0		380.0		0.102221
230.0		390.0		0.0509267
230.0		400.0		0.0553007
230.0		410.0		0.0519026
230.0		420.0		0.0662201
230.0		430.0		0.0909745
230.0		440.0		0.104866
230.0		450.0		0.112468
230.0		460.0		0.108272
230.0		470.0		0.112368
230.0		480.0		0.0712614
230.0		490.0		0.0418273
230.0		500.0		0.0366133
230.0		510.0		0.046602
230.0		520.0		0.0566392
230.0		530.0		0.0558941
230.0		540.0		0.0541059
230.0		550.0		0.0501615
230.0		560.0		0.0375305
230.0		570.0		0.0346948
230.0		580.0		0.0451499
230.0		590.0		0.0446427
230.0		600.0		0.0377662
230.0		610.0		0.0434756
230.0		620.0		0.0298158
230.0		630.0		0.048198
230.0		640.0		0.0499157
230.0		650.0		0.0356894
230.0		660.0		0.0287555
230.0		670.0		0.017861
230.0		680.0		0.0128129
230.0		690.0		0.0209483
230.0		700.0		0.0174177
230.0		710.0		0.0198664
230.0		720.0		0.0182306
230.0		730.0		0.01512
230.0		740.0		0.0155907
230.0		750.0		0.0110292
230.0		760.0		0.0093498
230.0		770.0		0.00698557
230.0		780.0		0.00620504
230.0		790.0		0.0100867
230.0		800.0		0.0111962
240.0		340.0		0.0842373
240.0		350.0		0.11815
240.0		360.0		0.124835
240.0		370.0		0.125543
240.0		380.0		0.07614
240.0		390.0		0.0888336
240.0		400.0		0.0536577
240.0		410.0		0.066887
240.0		420.0		0.0876825
240.0		430.0		0.090918
240.0		440.0		0.051827
240.0		450.0		0.0576617
240.0		460.0		0.0737516
240.0		470.0		0.0673144
240.0		480.0		0.0886234
240.0		490.0		0.060527
240.0		500.0		0.0490609
240.0		510.0		0.0439891
240.0		520.0		0.0499467
240.0		530.0		0.0536278
240.0		540.0		0.066833
240.0		550.0		0.0565928
240.0		560.0		0.0507801
240.0		570.0		0.0380166
240.0		580.0		0.0294024
240.0		590.0		0.0295315
240.0		600.0		0.0500911
240.0		610.0		0.0413733
240.0		620.0		0.042838
240.0		630.0		0.0279512
240.0		640.0		0.0325499
240.0		650.0		0.0483176
240.0		660.0		0.0399407
240.0		670.0		0.0325891
240.0		680.0		0.0204531
240.0		690.0		0.0125478
240.0		700.0		0.0173409
240.0		710.0		0.0159707
240.0		720.0		0.0165386
240.0		730.0		0.0199073
240.0		740.0		0.0143625
240.0		750.0		0.0144436
240.0		760.0		0.0157565
240.0		770.0		0.00924318
240.0		780.0		0.00836561
240.0		790.0		0.00744089
240.0		800.0		0.00746843
250.0		350.0		0.0804052
250.0		360.0		0.130165
250.0		370.0		0.129263
250.0		380.0		0.132301
250.0		390.0		0.0848752
250.0		400.0		0.0873356
250.0		410.0		0.0611826
250.0		420.0		0.0551043
250.0		430.0		0.0674201
250.0		440.0		0.0561073
250.0		450.0		0.0607275
250.0		460.0		0.0600127
250.0		470.0		0.0588198
250.0		480.0		0.0616128
250.0		490.0		0.0917415
250.0		500.0		0.074765
250.0		510.0		0.0656814
250.0		520.0		0.0548543
250.0		530.0		0.0571368
250.0		540.0		0.0475772
250.0		550.0		0.0710551
250.0		560.0		0.0568798
250.0		570.0		0.050234
250.0		580.0		0.0295872
250.0		590.0		0.0235014
250.0		600.0		0.0208256
250.0		610.0		0.0270983
250.0		620.0		0.0288468
250.0		630.0		0.0244659
250.0		640.0		0.0246737
250.0		650.0		0.0240281
250.0		660.0		0.0419386
250.0		670.0		0.0411769
250.0		680.0		0.0334701
250.0		690.0		0.0350923
250.0		700.0		0.0170981
250.0		710.0		0.0122438
250.0		720.0		0.01848
250.0		730.0		0.0138878
250.0		740.0		0.0156524
250.0		750.0		0.0191826
250.0		760.0		0.0174549
250.0		770.0		0.018606
250.0		780.0		0.0149551
250.0		790.0		0.0110923
250.0		800.0		0.00920572
260.0		360.0		0.0805011
260.0		370.0		0.106533
260.0		380.0		0.107051
260.0		390.0		0.0923363
260.0		400.0		0.0992879
260.0		410.0		0.109726
260.0		420.0		0.0692597
260.0		430.0		0.0505787
260.0		440.0		0.0680705
260.0		450.0		0.0544735
260.0		460.0		0.0410344
260.0		470.0		0.0437961
260.0		480.0		0.0594569
260.0		490.0		0.0535003
260.0		500.0		0.0541151
260.0		510.0		0.0515729
260.0		520.0		0.0436773
260.0		530.0		0.0381148
260.0		540.0		0.0424796
260.0		550.0		0.055705
260.0		560.0		0.0732336
260.0		570.0		0.0648632
260.0		580.0		0.0612358
260.0		590.0		0.0434424
260.0		600.0		0.0283616
260.0		610.0		0.0252721
260.0		620.0		0.0236939
260.0		630.0		0.0241626
260.0		640.0		0.0237379
260.0		650.0		0.0287118
260.0		660.0		0.0237013
260.0		670.0		0.029877
260.0		680.0		0.0416377
260.0		690.0		0.0412965
260.0		700.0		0.0272261
260.0		710.0		0.0213328
260.0		720.0		0.0147308
260.0		730.0		0.0116271
260.0		740.0		0.012444
260.0		750.0		0.0126905
260.0		760.0		0.0130336
260.0		770.0		0.0216023
260.0		780.0		0.018407
260.0		790.0		0.0179581
260.0		800.0		0.0166739
270.0		370.0		0.11279
270.0		380.0		0.0867269
270.0		390.0		0.0779925
270.0		400.0		0.0687521
270.0		410.0		0.0822048
270.0		420.0		0.098788
270.0		430.0		0.0814249
270.0		440.0		0.0606769
270.0		450.0		0.0642895
270.0		460.0		0.0631557
270.0		470.0		0.0388542
270.0		480.0		0.0374697
270.0		490.0		0.0500425
270.0		500.0		0.0408021
270.0		510.0		0.0401704
270.0		520.0		0.0411004
270.0		530.0		0.0327439
270.0		540.0		0.0315957
270.0		550.0		0.0332101
270.0		560.0		0.0514023
270.0		570.0		0.0586
270.0		580.0		0.0791615
270.0		590.0		0.0704711
270.0		600.0		0.0590328
270.0		610.0		0.0380537
270.0		620.0		0.0279366
270.0		630.0		0.0266488
270.0		640.0		0.0215734
270.0		650.0		0.0200277
270.0		660.0		0.0176744
270.0		670.0		0.0213268
270.0		680.0		0.02515
270.0		690.0		0.0347529
270.0		700.0		0.0331159
270.0		710.0		0.0276926
270.0		720.0		0.0313184
270.0		730.0		0.0147168
270.0		740.0		0.0132198
270.0		750.0		0.0150353
270.0		760.0		0.0130721
270.0		770.0		0.0169082
270.0		780.0		0.0209519
270.0		790.0		0.0244607
270.0		800.0		0.0244793
280.0		380.0		0.109906
280.0		390.0		0.121086
280.0		400.0		0.0818279
280.0		410.0		0.0687369
280.0		420.0		0.0713366
280.0		430.0		0.0713171
280.0		440.0		0.051208
280.0		450.0		0.0485528
280.0		460.0		0.0601982
280.0		470.0		0.0493086
280.0		480.0		0.036085
280.0		490.0		0.0443721
280.0		500.0		0.0659528
280.0		510.0		0.065273
280.0		520.0		0.0553069
280.0		530.0		0.0602679
280.0		540.0		0.0389675
280.0		550.0		0.0385385
280.0		560.0		0.0318805
280.0		570.0		0.0464841
280.0		580.0		0.0598294
280.0		590.0		0.0729583
280.0		600.0		0.0698912
280.0		610.0		0.0403456
280.0		620.0		0.0404207
280.0		630.0		0.0291374
280.0		640.0		0.0309786
280.0		650.0		0.0207788
280.0		660.0		0.0184128
280.0		670.0		0.0172576
280.0		680.0		0.0246127
280.0		690.0		0.0258703
280.0		700.0		0.0262909
280.0		710.0		0.021866
280.0		720.0		0.0278987
280.0		730.0		0.0210125
280.0		740.0		0.0156763
280.0		750.0		0.0148022
280.0		760.0		0.0137072
280.0		770.0		0.0137538
280.0		780.0		0.0169367
280.0		790.0		0.0161515
280.0		800.0		0.0154975
290.0		390.0		0.104157
290.0		400.0		0.10322
290.0		410.0		0.064519
290.0		420.0		0.0767844
290.0		430.0		0.0753663
290.0		440.0		0.0631356
290.0		450.0		0.0511506
290.0		460.0		0.0498392
290.0		470.0		0.0550768
290.0		480.0		0.0520045
290.0		490.0		0.0340199
290.0		500.0		0.0500259
290.0		510.0		0.0812801
290.0		520.0		0.0763781
290.0		530.0		0.0483181
290.0		540.0		0.0541888
290.0		550.0		0.0329398
290.0		560.0		0.0293502
290.0		570.0		0.0351274
290.0		580.0		0.0545726
290.0		590.0		0.0546686
290.0		600.0		0.0789443
290.0		610.0		0.0760243
290.0		620.0		0.0629149
290.0		630.0		0.0526708
290.0		640.0		0.0360754
290.0		650.0		0.0264128
290.0		660.0		0.0184128
290.0		670.0		0.0156571
290.0		680.0		0.0227854
290.0		690.0		0.0277603
290.0		700.0		0.0224887
290.0		710.0		0.0190608
290.0		720.0		0.01648
290.0		730.0		0.0161532
290.0		740.0		0.0168908
290.0		750.0		0.020418
290.0		760.0		0.0132685
290.0		770.0		0.0115859
290.0		780.0		0.0101636
290.0		790.0		0.00953355
290.0		800.0		0.00992451
300.0		400.0		0.09034
300.0		410.0		0.115839
300.0		420.0		0.0774987
300.0		430.0		0.0869986
300.0		440.0		0.0595776
300.0		450.0		0.045527
300.0		460.0		0.0448277
300.0		470.0		0.0492806
300.0		480.0		0.0559903
300.0		490.0		0.0697941
300.0		500.0		0.0507828
300.0		510.0		0.0626202
300.0		520.0		0.072499
300.0		530.0		0.06269
300.0		540.0		0.0434691
300.0		550.0		0.0436014
300.0		560.0		0.0285805
300.0		570.0		0.0254816
300.0		580.0		0.0336498
300.0		590.0		0.0442936
300.0		600.0		0.0485023
300.0		610.0		0.065647
300.0		620.0		0.062992
300.0		630.0		0.0526342
300.0		640.0		0.0408185
300.0		650.0		0.0287789
300.0		660.0		0.0236607
300.0		670.0		0.0210457
300.0		680.0		0.0199433
300.0		690.0		0.0175066
300.0		700.0		0.0177797
300.0		710.0		0.021925
300.0		720.0		0.0168504
300.0		730.0		0.0123552
300.0		740.0		0.0108
300.0		750.0		0.0206265
300.0		760.0		0.0194848
300.0		770.0		0.0143427
300.0		780.0		0.0101068
300.0		790.0		0.00801764
300.0		800.0		0.00790499
310.0		410.0		0.116028
310.0		420.0		0.113801
310.0		430.0		0.073762
310.0		440.0		0.0879063
310.0		450.0		0.0546931
310.0		460.0		0.0396929
310.0		470.0		0.0434166
310.0		480.0		0.0475958
310.0		490.0		0.0629299
310.0		500.0		0.0777397
310.0		510.0		0.0624278
310.0		520.0		0.0551298
310.0		530.0		0.0595117
310.0		540.0		0.0489516
310.0		550.0		0.0400951
310.0		560.0		0.0436911
310.0		570.0		0.0310563
310.0		580.0		0.029875
310.0		590.0		0.0247656
310.0		600.0		0.0351997
310.0		610.0		0.0357606
310.0		620.0		0.0527392
310.0		630.0		0.0574927
310.0		640.0		0.049157
310.0		650.0		0.0391577
310.0		660.0		0.026301
310.0		670.0		0.0250344
310.0		680.0		0.0243816
310.0		690.0		0.018264
310.0		700.0		0.0174053
310.0		710.0		0.0191342
310.0		720.0		0.0214981
310.0		730.0		0.0171613
310.0		740.0		0.0134508
310.0		750.0		0.0106626
310.0		760.0		0.0164892
310.0		770.0		0.0181234
310.0		780.0		0.019379
310.0		790.0		0.0149788
310.0		800.0		0.0110222
320.0		420.0		0.148749
320.0		430.0		0.114424
320.0		440.0		0.0829058
320.0		450.0		0.0738629
320.0		460.0		0.0508216
320.0		470.0		0.0500059
320.0		480.0		0.0417514
320.0		490.0		0.0545308
320.0		500.0		0.0723063
320.0		510.0		0.0803962
320.0		520.0		0.0559737
320.0		530.0		0.0476733
320.0		540.0		0.0593352
320.0		550.0		0.0426915
320.0		560.0		0.0399074
320.0		570.0		0.0388894
320.0		580.0		0.0328
320.0		590.0		0.027553
320.0		600.0		0.0232511
320.0		610.0		0.0252266
320.0		620.0		0.02631
320.0		630.0		0.039224
320.0		640.0		0.0428559
320.0		650.0		0.0426383
320.0		660.0		0.0324718
320.0		670.0		0.0307388
320.0		680.0		0.0282195
320.0		690.0		0.0237419
320.0		700.0		0.0193346
320.0		710.0		0.0180924
320.0		720.0		0.0178712
320.0		730.0		0.0195681
320.0		740.0		0.017376
320.0		750.0		0.0113956
320.0		760.0		0.00948229
320.0		770.0		0.0114055
320.0		780.0		0.0166862
320.0		790.0		0.0193363
320.0		800.0		0.0179978
330.0		430.0		0.118891
330.0		440.0		0.129839
330.0		450.0		0.0786351
330.0		460.0		0.0637891
330.0		470.0		0.0546758
330.0		480.0		0.0370857
330.0		490.0		0.0403993
330.0		500.0		0.0522759
330.0		510.0		0.0449125
330.0		520.0		0.046352
330.0		530.0		0.0518028
330.0		540.0		0.0489625
330.0		550.0		0.0569871
330.0		560.0		0.0445685
330.0		570.0		0.0410714
330.0		580.0		0.0314136
330.0		590.0		0.0324925
330.0		600.0		0.0290224
330.0		610.0		0.0247062
330.0		620.0		0.0267598
330.0		630.0		0.0332071
330.0		640.0		0.0343523
330.0		650.0		0.0416596
330.0		660.0		0.0429643
330.0		670.0		0.0334119
330.0		680.0		0.0364231
330.0		690.0		0.0327233
330.0		700.0		0.0325127
330.0		710.0		0.0243453
330.0		720.0		0.0240443
330.0		730.0		0.0190973
330.0		740.0		0.0150236
330.0		750.0		0.0159437
330.0		760.0		0.0132724
330.0		770.0		0.00944769
330.0		780.0		0.00966136
330.0		790.0		0.0169668
330.0		800.0		0.0186594
340.0		440.0		0.118991
340.0		450.0		0.131998
340.0		460.0		0.0685813
340.0		470.0		0.0608536
340.0		480.0		0.0490007
340.0		490.0		0.0395304
340.0		500.0		0.0407207
340.0		510.0		0.0455218
340.0		520.0		0.037055
340.0		530.0		0.0417967
340.0		540.0		0.0504869
340.0		550.0		0.0570095
340.0		560.0		0.0477093
340.0		570.0		0.0469492
340.0		580.0		0.043183
340.0		590.0		0.0311744
340.0		600.0		0.0262305
340.0		610.0		0.0244671
340.0		620.0		0.0199696
340.0		630.0		0.0220198
340.0		640.0		0.0272308
340.0		650.0		0.0338274
340.0		660.0		0.0393552
340.0		670.0		0.0303911
340.0		680.0		0.0231344
340.0		690.0		0.0289625
340.0		700.0		0.0262729
340.0		710.0		0.0323246
340.0		720.0		0.0286417
340.0		730.0		0.0225458
340.0		740.0		0.0238371
340.0		750.0		0.0207234
340.0		760.0		0.0156621
340.0		770.0		0.0140322
340.0		780.0		0.00916298
340.0		790.0		0.00896189
340.0		800.0		0.0143967
350.0		450.0		0.115686
350.0		460.0		0.0970049
350.0		470.0		0.052345
350.0		480.0		0.056273
350.0		490.0		0.0450973
350.0		500.0		0.0299127
350.0		510.0		0.0319385
350.0		520.0		0.0488526
350.0		530.0		0.0392648
350.0		540.0		0.0434654
350.0		550.0		0.060222
350.0		560.0		0.0658324
350.0		570.0		0.0571946
350.0		580.0		0.042795
350.0		590.0		0.0307102
350.0		600.0		0.0279423
350.0		610.0		0.0237825
350.0		620.0		0.0230384
350.0		630.0		0.0213678
350.0		640.0		0.0226512
350.0		650.0		0.0273336
350.0		660.0		0.0336447
350.0		670.0		0.0356265
350.0		680.0		0.0328013
350.0		690.0		0.0208546
350.0		700.0		0.022
350.0		710.0		0.0212913
350.0		720.0		0.0278986
350.0		730.0		0.0211911
350.0		740.0		0.0175895
350.0		750.0		0.0165404
350.0		760.0		0.0189058
350.0		770.0		0.0140643
350.0		780.0		0.0131541
350.0		790.0		0.0102124
350.0		800.0		0.0101131
360.0		460.0		0.0891624
360.0		470.0		0.09792
360.0		480.0		0.0410697
360.0		490.0		0.0555134
360.0		500.0		0.0521511
360.0		510.0		0.0253418
360.0		520.0		0.0236719
360.0		530.0		0.0249956
360.0		540.0		0.0298526
360.0		550.0		0.0352254
360.0		560.0		0.0598198
360.0		570.0		0.0715777
360.0		580.0		0.0639566
360.0		590.0		0.0498885
360.0		600.0		0.0332068
360.0		610.0		0.0261306
360.0		620.0		0.0276528
360.0		630.0		0.0243487
360.0		640.0		0.029222
360.0		650.0		0.0318176
360.0		660.0		0.0309226
360.0		670.0		0.0291137
360.0		680.0		0.0282953
360.0		690.0		0.0239602
360.0		700.0		0.0184663
360.0		710.0		0.0202214
360.0		720.0		0.0259975
360.0		730.0		0.0270938
360.0		740.0		0.0241028
360.0		750.0		0.0209235
360.0		760.0		0.0198449
360.0		770.0		0.0265826
360.0		780.0		0.0199797
360.0		790.0		0.0166905
360.0		800.0		0.0159565
370.0		470.0		0.0680254
370.0		480.0		0.094078
370.0		490.0		0.0612525
370.0		500.0		0.0620701
370.0		510.0		0.0650264
370.0		520.0		0.0328499
370.0		530.0		0.0272208
370.0		540.0		0.0229232
370.0		550.0		0.0276969
370.0		560.0		0.0376396
370.0		570.0		0.0651515
370.0		580.0		0.0717619
370.0		590.0		0.0600356
370.0		600.0		0.0452516
370.0		610.0		0.0321065
370.0		620.0		0.0272422
370.0		630.0		0.02942
370.0		640.0		0.0243019
370.0		650.0		0.0273408
370.0		660.0		0.0237108
370.0		670.0		0.0253948
370.0		680.0		0.0273028
370.0		690.0		0.0248093
370.0		700.0		0.0215024
370.0		710.0		0.018221
370.0		720.0		0.0174441
370.0		730.0		0.0209237
370.0		740.0		0.0205285
370.0		750.0		0.0197599
370.0		760.0		0.0172046
370.0		770.0		0.0213548
370.0		780.0		0.0207271
370.0		790.0		0.0192501
370.0		800.0		0.0163968
380.0		480.0		0.0715791
380.0		490.0		0.0644613
380.0		500.0		0.0553586
380.0		510.0		0.0570403
380.0		520.0		0.0684872
380.0		530.0		0.0321471
380.0		540.0		0.0257883
380.0		550.0		0.0234611
380.0		560.0		0.0216426
380.0		570.0		0.0302613
380.0		580.0		0.0548718
380.0		590.0		0.0573105
380.0		600.0		0.0627074
380.0		610.0		0.0443375
380.0		620.0		0.0299364
380.0		630.0		0.0240085
380.0		640.0		0.0220031
380.0		650.0		0.0211893
380.0		660.0		0.024118
380.0		670.0		0.0228049
380.0		680.0		0.0281111
380.0		690.0		0.0326628
380.0		700.0		0.0322624
380.0		710.0		0.0261474
380.0		720.0		0.0270527
380.0		730.0		0.0203573
380.0		740.0		0.0303723
380.0		750.0		0.0209924
380.0		760.0		0.0262414
380.0		770.0		0.0252994
380.0		780.0		0.020978
380.0		790.0		0.0177203
380.0		800.0		0.0199241
390.0		490.0		0.0727324
390.0		500.0		0.0618988
390.0		510.0		0.0552118
390.0		520.0		0.0493842
390.0		530.0		0.0519094
390.0		540.0		0.0394184
390.0		550.0		0.0324503
390.0		560.0		0.027919
390.0		570.0		0.0252482
390.0		580.0		0.0322753
390.0		590.0		0.0441767
390.0		600.0		0.0435113
390.0		610.0		0.0470104
390.0		620.0		0.0369115
390.0		630.0		0.0226335
390.0		640.0		0.02037
390.0		650.0		0.0246216
390.0		660.0		0.0262054
390.0		670.0		0.0271157
390.0		680.0		0.026143
390.0		690.0		0.0309457
390.0		700.0		0.0331549
390.0		710.0		0.0341014
390.0		720.0		0.0240438
390.0		730.0		0.0218554
390.0		740.0		0.0172899
390.0		750.0		0.0268402
390.0		760.0		0.0214988
390.0		770.0		0.0235074
390.0		780.0		0.020081
390.0		790.0		0.0183041
390.0		800.0		0.0167291
400.0		500.0		0.0725529
400.0		510.0		0.0548036
400.0		520.0		0.0507181
400.0		530.0		0.0468765
400.0		540.0		0.05209
400.0		550.0		0.0309474
400.0		560.0		0.0220544
400.0		570.0		0.0200809
400.0		580.0		0.0207319
400.0		590.0		0.0331865
400.0		600.0		0.044027
400.0		610.0		0.0385647
400.0		620.0		0.0493692
400.0		630.0		0.0400163
400.0		640.0		0.0271041
400.0		650.0		0.0221192
400.0		660.0		0.0289931
400.0		670.0		0.0339374
400.0		680.0		0.0340788
400.0		690.0		0.0320636
400.0		700.0		0.0317543
400.0		710.0		0.0273607
400.0		720.0		0.0339391
400.0		730.0		0.02241
400.0		740.0		0.0225957
400.0		750.0		0.0169872
400.0		760.0		0.0217338
400.0		770.0		0.0262182
400.0		780.0		0.0245807
400.0		790.0		0.0224004
400.0		800.0		0.0165631
410.0		510.0		0.065378
410.0		520.0		0.0477147
410.0		530.0		0.0446593
410.0		540.0		0.0422598
410.0		550.0		0.0467564
410.0		560.0		0.029986
410.0		570.0		0.0230968
410.0		580.0		0.0203361
410.0		590.0		0.0189834
410.0		600.0		0.0311899
410.0		610.0		0.038596
410.0		620.0		0.0323818
410.0		630.0		0.0399909
410.0		640.0		0.0258632
410.0		650.0		0.0225109
410.0		660.0		0.019875
410.0		670.0		0.0257749
410.0		680.0		0.0388788
410.0		690.0		0.0406659
410.0		700.0		0.0343238
410.0		710.0		0.0357373
410.0		720.0		0.0327603
410.0		730.0		0.0366517
410.0		740.0		0.0300383
410.0		750.0		0.0289205
410.0		760.0		0.0261041
410.0		770.0		0.0266487
410.0		780.0		0.0295356
410.0		790.0		0.0254736
410.0		800.0		0.0261546
420.0		520.0		0.0596625
420.0		530.0		0.0393116
420.0		540.0		0.0405938
420.0		550.0		0.0593289
420.0		560.0		0.0548732
420.0		570.0		0.0284819
420.0		580.0		0.0201523
420.0		590.0		0.0180491
420.0		600.0		0.0160641
420.0		610.0		0.0301199
420.0		620.0		0.0269822
420.0		630.0		0.0309207
420.0		640.0		0.0356902
420.0		650.0		0.0258572
420.0		660.0		0.0198449
420.0		670.0		0.0194971
420.0		680.0		0.0266359
420.0		690.0		0.0366191
420.0		700.0		0.036579
420.0		710.0		0.0317272
420.0		720.0		0.0358333
420.0		730.0		0.0384355
420.0		740.0		0.0401063
420.0		750.0		0.0295399
420.0		760.0		0.0249043
420.0		770.0		0.0269023
420.0		780.0		0.0210136
420.0		790.0		0.027233
420.0		800.0		0.0198888
430.0		530.0		0.0601887
430.0		540.0		0.0322713
430.0		550.0		0.0318543
430.0		560.0		0.049412
430.0		570.0		0.041798
430.0		580.0		0.0279651
430.0		590.0		0.0204765
430.0		600.0		0.0228018
430.0		610.0		0.0200555
430.0		620.0		0.0335377
430.0		630.0		0.0312384
430.0		640.0		0.0295271
430.0		650.0		0.0358332
430.0		660.0		0.0288989
430.0		670.0		0.0242114
430.0		680.0		0.0205488
430.0		690.0		0.0236243
430.0		700.0		0.0332604
430.0		710.0		0.0309727
430.0		720.0		0.0311385
430.0		730.0		0.0311922
430.0		740.0		0.0391633
430.0		750.0		0.0350508
430.0		760.0		0.0342526
430.0		770.0		0.0237606
430.0		780.0		0.0218609
430.0		790.0		0.019353
430.0		800.0		0.0248068
440.0		540.0		0.0610889
440.0		550.0		0.0356749
440.0		560.0		0.0342674
440.0		570.0		0.0544041
440.0		580.0		0.0518064
440.0		590.0		0.0321033
440.0		600.0		0.0226614
440.0		610.0		0.0249126
440.0		620.0		0.0197217
440.0		630.0		0.0308022
440.0		640.0		0.0365146
440.0		650.0		0.0318891
440.0		660.0		0.0317131
440.0		670.0		0.025139
440.0		680.0		0.0185285
440.0		690.0		0.0188668
440.0		700.0		0.0146432
440.0		710.0		0.0287131
440.0		720.0		0.0306026
440.0		730.0		0.033194
440.0		740.0		0.0251344
440.0		750.0		0.0388174
440.0		760.0		0.0253244
440.0		770.0		0.0300225
440.0		780.0		0.0181866
440.0		790.0		0.0216924
440.0		800.0		0.0163915
450.0		550.0		0.0514536
450.0		560.0		0.032689
450.0		570.0		0.0360069
450.0		580.0		0.0540379
450.0		590.0		0.0435837
450.0		600.0		0.0347761
450.0		610.0		0.0249308
450.0		620.0		0.0254976
450.0		630.0		0.0186499
450.0		640.0		0.0244809
450.0		650.0		0.0249947
450.0		660.0		0.0206383
450.0		670.0		0.022392
450.0		680.0		0.0204826
450.0		690.0		0.0176495
450.0		700.0		0.0187767
450.0		710.0		0.0115879
450.0		720.0		0.0243476
450.0		730.0		0.0319151
450.0		740.0		0.0328446
450.0		750.0		0.0270984
450.0		760.0		0.0377679
450.0		770.0		0.0281815
450.0		780.0		0.0289026
450.0		790.0		0.0196556
450.0		800.0		0.0214365
460.0		560.0		0.0417173
460.0		570.0		0.0291927
460.0		580.0		0.0289329
460.0		590.0		0.0489992
460.0		600.0		0.0354038
460.0		610.0		0.0334226
460.0		620.0		0.0257344
460.0		630.0		0.0223875
460.0		640.0		0.0198203
460.0		650.0		0.0249369
460.0		660.0		0.0252378
460.0		670.0		0.0230514
460.0		680.0		0.0220158
460.0		690.0		0.0234734
460.0		700.0		0.0191602
460.0		710.0		0.0210153
460.0		720.0		0.0132024
460.0		730.0		0.0206947
460.0		740.0		0.0274756
460.0		750.0		0.0292404
460.0		760.0		0.0233161
460.0		770.0		0.0269532
460.0		780.0		0.0208971
460.0		790.0		0.0223612
460.0		800.0		0.0139743
470.0		570.0		0.052175
470.0		580.0		0.0340304
470.0		590.0		0.0308919
470.0		600.0		0.035986
470.0		610.0		0.0302734
470.0		620.0		0.0295165
470.0		630.0		0.0335015
470.0		640.0		0.0296227
470.0		650.0		0.0196724
470.0		660.0		0.0213534
470.0		670.0		0.0223271
470.0		680.0		0.0171723
470.0		690.0		0.0179164
470.0		700.0		0.019824
470.0		710.0		0.0186954
470.0		720.0		0.0203791
470.0		730.0		0.011718
470.0		740.0		0.0173406
470.0		750.0		0.0233488
470.0		760.0		0.0255503
470.0		770.0		0.0181728
470.0		780.0		0.0213495
470.0		790.0		0.0230744
470.0		800.0		0.0205447
480.0		580.0		0.0481481
480.0		590.0		0.0277254
480.0		600.0		0.0312464
480.0		610.0		0.0370456
480.0		620.0		0.0257315
480.0		630.0		0.030573
480.0		640.0		0.0417807
480.0		650.0		0.0293553
480.0		660.0		0.0207457
480.0		670.0		0.0224351
480.0		680.0		0.0238811
480.0		690.0		0.0179254
480.0		700.0		0.0158052
480.0		710.0		0.0178141
480.0		720.0		0.0198407
480.0		730.0		0.0184946
480.0		740.0		0.0121053
480.0		750.0		0.0159126
480.0		760.0		0.0205419
480.0		770.0		0.0212866
480.0		780.0		0.0168103
480.0		790.0		0.017471
480.0		800.0		0.0201977
490.0		590.0		0.0316962
490.0		600.0		0.0225371
490.0		610.0		0.0238322
490.0		620.0		0.038828
490.0		630.0		0.0245613
490.0		640.0		0.0313283
490.0		650.0		0.045215
490.0		660.0		0.0337755
490.0		670.0		0.0262348
490.0		680.0		0.0248569
490.0		690.0		0.0274531
490.0		700.0		0.0181883
490.0		710.0		0.0139735
490.0		720.0		0.0137605
490.0		730.0		0.0163112
490.0		740.0		0.0177545
490.0		750.0		0.0131546
490.0		760.0		0.0159322
490.0		770.0		0.0230293
490.0		780.0		0.0297793
490.0		790.0		0.0207892
490.0		800.0		0.0160078
500.0		600.0		0.0348342
500.0		610.0		0.0192722
500.0		620.0		0.0225887
500.0		630.0		0.0334211
500.0		640.0		0.0244166
500.0		650.0		0.0403331
500.0		660.0		0.0463184
500.0		670.0		0.0333264
500.0		680.0		0.0249485
500.0		690.0		0.0224146
500.0		700.0		0.0278943
500.0		710.0		0.0219859
500.0		720.0		0.0155906
500.0		730.0		0.0141206
500.0		740.0		0.0178454
500.0		750.0		0.0181144
500.0		760.0		0.0138034
500.0		770.0		0.0132535
500.0		780.0		0.0197163
500.0		790.0		0.0244222
500.0		800.0		0.0185538
510.0		610.0		0.0292481
510.0		620.0		0.0195013
510.0		630.0		0.0193262
510.0		640.0		0.0378698
510.0		650.0		0.0227154
510.0		660.0		0.027167
510.0		670.0		0.0367345
510.0		680.0		0.0332554
510.0		690.0		0.0263401
510.0		700.0		0.0243853
510.0		710.0		0.0334115
510.0		720.0		0.0257131
510.0		730.0		0.0191693
510.0		740.0		0.0180489
510.0		750.0		0.0199624
510.0		760.0		0.0171542
510.0		770.0		0.0129425
510.0		780.0		0.0123904
510.0		790.0		0.0157306
510.0		800.0		0.0205981
520.0		620.0		0.0248995
520.0		630.0		0.019488
520.0		640.0		0.0195125
520.0		650.0		0.0382041
520.0		660.0		0.0247387
520.0		670.0		0.0214459
520.0		680.0		0.0355978
520.0		690.0		0.0384687
520.0		700.0		0.029562
520.0		710.0		0.0253558
520.0		720.0		0.0293676
520.0		730.0		0.024523
520.0		740.0		0.0217956
520.0		750.0		0.0175909
520.0		760.0		0.0189339
520.0		770.0		0.0160747
520.0		780.0		0.0109387
520.0		790.0		0.0101754
520.0		800.0		0.0133604
530.0		630.0		0.0241934
530.0		640.0		0.0165425
530.0		650.0		0.017027
530.0		660.0		0.0310021
530.0		670.0		0.0243028
530.0		680.0		0.0206473
530.0		690.0		0.0346287
530.0		700.0		0.0321835
530.0		710.0		0.0212406
530.0		720.0		0.0178197
530.0		730.0		0.0269277
530.0		740.0		0.0232939
530.0		750.0		0.022756
530.0		760.0		0.0208717
530.0		770.0		0.0216933
530.0		780.0		0.0192708
530.0		790.0		0.0133838
530.0		800.0		0.0101042
540.0		640.0		0.0293557
540.0		650.0		0.0199282
540.0		660.0		0.018291
540.0		670.0		0.0309247
540.0		680.0		0.02549
540.0		690.0		0.0204935
540.0		700.0		0.035504
540.0		710.0		0.0370761
540.0		720.0		0.0203228
540.0		730.0		0.0182814
540.0		740.0		0.0263493
540.0		750.0		0.0230716
540.0		760.0		0.0210366
540.0		770.0		0.0149004
540.0		780.0		0.0137939
540.0		790.0		0.0141936
540.0		800.0		0.0107152
550.0		650.0		0.0311677
550.0		660.0		0.0239221
550.0		670.0		0.0190867
550.0		680.0		0.026115
550.0		690.0		0.0273713
550.0		700.0		0.0203755
550.0		710.0		0.0348411
550.0		720.0		0.0328279
550.0		730.0		0.0181737
550.0		740.0		0.0139446
550.0		750.0		0.0192873
550.0		760.0		0.0194731
550.0		770.0		0.0187494
550.0		780.0		0.0127165
550.0		790.0		0.0106634
550.0		800.0		0.0140544
560.0		660.0		0.0316974
560.0		670.0		0.0188685
560.0		680.0		0.0163083
560.0		690.0		0.0199602
560.0		700.0		0.0203547
560.0		710.0		0.0201263
560.0		720.0		0.0342536
560.0		730.0		0.0341991
560.0		740.0		0.0176513
560.0		750.0		0.013971
560.0		760.0		0.0206339
560.0		770.0		0.0240488
560.0		780.0		0.0225467
560.0		790.0		0.0165161
560.0		800.0		0.0132916
570.0		670.0		0.0240954
570.0		680.0		0.0213022
570.0		690.0		0.0177201
570.0		700.0		0.0202155
570.0		710.0		0.0257158
570.0		720.0		0.0218061
570.0		730.0		0.0341598
570.0		740.0		0.02912
570.0		750.0		0.0186163
570.0		760.0		0.0145844
570.0		770.0		0.022564
570.0		780.0		0.0241913
570.0		790.0		0.0226487
570.0		800.0		0.0169152
580.0		680.0		0.0217931
580.0		690.0		0.0204386
580.0		700.0		0.0189006
580.0		710.0		0.0176574
580.0		720.0		0.0187222
580.0		730.0		0.0192269
580.0		740.0		0.0356506
580.0		750.0		0.0287073
580.0		760.0		0.0181082
580.0		770.0		0.0135283
580.0		780.0		0.0205267
580.0		790.0		0.0179531
580.0		800.0		0.0223657
590.0		690.0		0.0203087
590.0		700.0		0.0221616
590.0		710.0		0.0182592
590.0		720.0		0.0152631
590.0		730.0		0.0191182
590.0		740.0		0.0233484
590.0		750.0		0.0445752
590.0		760.0		0.0312193
590.0		770.0		0.0192315
590.0		780.0		0.0144223
590.0		790.0		0.0188074
590.0		800.0		0.0151741
600.0		700.0		0.017623
600.0		710.0		0.0185505
600.0		720.0		0.0171276
600.0		730.0		0.0196399
600.0		740.0		0.0223505
600.0		750.0		0.0208374
600.0		760.0		0.0406397
600.0		770.0		0.0246055
600.0		780.0		0.0192971
600.0		790.0		0.0195523
600.0		800.0		0.0222394
610.0		710.0		0.0177443
610.0		720.0		0.0210359
610.0		730.0		0.0130725
610.0		740.0		0.0186812
610.0		750.0		0.024131
610.0		760.0		0.0191885
610.0		770.0		0.0296288
610.0		780.0		0.0209369
610.0		790.0		0.0157701
610.0		800.0		0.0176698
620.0		720.0		0.0215548
620.0		730.0		0.0219093
620.0		740.0		0.0113872
620.0		750.0		0.0159042
620.0		760.0		0.022968
620.0		770.0		0.02326
620.0		780.0		0.0339842
620.0		790.0		0.0218543
620.0		800.0		0.0153878
630.0		730.0		0.0241526
630.0		740.0		0.0259716
630.0		750.0		0.0115063
630.0		760.0		0.0155209
630.0		770.0		0.0225669
630.0		780.0		0.0225293
630.0		790.0		0.0281259
630.0		800.0		0.0191961
640.0		740.0		0.0242827
640.0		750.0		0.0267365
640.0		760.0		0.011345
640.0		770.0		0.0114371
640.0		780.0		0.0192955
640.0		790.0		0.0186657
640.0		800.0		0.0291982
650.0		750.0		0.0184975
650.0		760.0		0.0229634
650.0		770.0		0.0106339
650.0		780.0		0.0125425
650.0		790.0		0.0201287
650.0		800.0		0.0194978
660.0		760.0		0.0187551
660.0		770.0		0.0205006
660.0		780.0		0.0100074
660.0		790.0		0.0126746
660.0		800.0		0.01877
670.0		770.0		0.0208715
670.0		780.0		0.0195316
670.0		790.0		0.00992275
670.0		800.0		0.0137524
680.0		780.0		0.0164598
680.0		790.0		0.018075
680.0		800.0		0.0104805
690.0		790.0		0.0207042
690.0		800.0		0.018311
700.0		800.0		0.0196101
<<<<<<< Updated upstream


=======
>>>>>>> Stashed changes
