######: paper: 201105639
######: table_doi: 10.17182/hepdata.95826.v1/t7
######: name: Cross-section limits gluon-gluon fusion in llbb
######: description: Upper bounds at 95% CL on the production cross-section times the branching ratio B(A->ZH)xB(H->bb) in pb for a narrow width A boson produced via gluon-gluon fusion.
######: For each signal point, characterised by the mass pair (mA, mH), two limits are provided, the observed and the expected.
######: data_file: limits_ggA_narrow_width.yaml
######: keyword reactions: p p --> HIGGS | HIGGS --> Z0 HIGGS | Z0 --> E+ E- | Z0 --> MU+ MU- | HIGGS --> W+ W-
######: keyword observables: cls
######: keyword cmenergies: 13000.0
######: keyword phrases: cross-section limits | Higgs boson production | 2HDM | gluon-gluon fusion
######: Limit,Observed
######: SQRT(S) [GeV],13000
######: LUMINOSITY [fb$^{-1}$],139
######: mH [GeV],mA [GeV],Upper limit on  sigma(ggA) x B(A->ZH) x B(H->WW)  at 95% CL [pb]
2.000000e+02	3.000000e+02	4.326830e+00
2.000000e+02	3.100000e+02	5.868250e+00
2.000000e+02	3.200000e+02	8.580230e+00
2.000000e+02	3.300000e+02	6.280390e+00
2.000000e+02	3.400000e+02	4.489360e+00
2.000000e+02	3.500000e+02	5.804740e+00
2.000000e+02	3.600000e+02	8.498010e+00
2.000000e+02	3.700000e+02	4.835930e+00
2.000000e+02	3.800000e+02	2.816160e+00
2.000000e+02	3.900000e+02	2.937470e+00
2.000000e+02	4.000000e+02	1.597960e+00
2.000000e+02	4.100000e+02	1.005800e+00
2.000000e+02	4.200000e+02	8.678970e-01
2.000000e+02	4.300000e+02	8.524830e-01
2.000000e+02	4.400000e+02	8.574750e-01
2.000000e+02	4.500000e+02	1.139840e+00
2.000000e+02	4.600000e+02	1.125940e+00
2.000000e+02	4.700000e+02	1.279910e+00
2.000000e+02	4.800000e+02	1.346890e+00
2.000000e+02	4.900000e+02	1.127550e+00
2.000000e+02	5.000000e+02	1.106750e+00
2.000000e+02	5.100000e+02	9.425110e-01
2.000000e+02	5.200000e+02	9.333960e-01
2.000000e+02	5.300000e+02	9.883370e-01
2.000000e+02	5.400000e+02	1.076150e+00
2.000000e+02	5.500000e+02	8.793040e-01
2.000000e+02	5.600000e+02	9.950750e-01
2.000000e+02	5.700000e+02	1.673990e+00
2.000000e+02	5.800000e+02	9.665070e-01
2.000000e+02	5.900000e+02	1.075820e+00
2.000000e+02	6.000000e+02	9.850040e-01
2.000000e+02	6.100000e+02	1.006700e+00
2.000000e+02	6.200000e+02	1.313630e+00
2.000000e+02	6.300000e+02	9.116370e-01
2.000000e+02	6.400000e+02	9.832780e-01
2.000000e+02	6.500000e+02	8.490860e-01
2.000000e+02	6.600000e+02	7.961280e-01
2.000000e+02	6.700000e+02	6.855100e-01
2.000000e+02	6.800000e+02	6.706280e-01
2.000000e+02	6.900000e+02	5.554140e-01
2.000000e+02	7.000000e+02	5.290720e-01
2.000000e+02	7.100000e+02	6.406210e-01
2.000000e+02	7.200000e+02	6.070790e-01
2.000000e+02	7.300000e+02	5.800450e-01
2.000000e+02	7.400000e+02	5.126290e-01
2.000000e+02	7.500000e+02	5.544050e-01
2.000000e+02	7.600000e+02	4.257760e-01
2.000000e+02	7.700000e+02	5.114810e-01
2.000000e+02	7.800000e+02	4.731430e-01
2.000000e+02	7.900000e+02	3.996000e-01
2.000000e+02	8.000000e+02	3.321260e-01
2.100000e+02	3.100000e+02	3.443210e+00
2.100000e+02	3.200000e+02	5.352610e+00
2.100000e+02	3.300000e+02	6.589840e+00
2.100000e+02	3.400000e+02	4.449460e+00
2.100000e+02	3.500000e+02	4.174630e+00
2.100000e+02	3.600000e+02	3.872530e+00
2.100000e+02	3.700000e+02	5.950450e+00
2.100000e+02	3.800000e+02	4.270680e+00
2.100000e+02	3.900000e+02	2.523910e+00
2.100000e+02	4.000000e+02	2.262120e+00
2.100000e+02	4.100000e+02	1.779080e+00
2.100000e+02	4.200000e+02	1.146840e+00
2.100000e+02	4.300000e+02	1.480710e+00
2.100000e+02	4.400000e+02	1.169750e+00
2.100000e+02	4.500000e+02	8.544440e-01
2.100000e+02	4.600000e+02	1.299750e+00
2.100000e+02	4.700000e+02	1.176990e+00
2.100000e+02	4.800000e+02	1.301820e+00
2.100000e+02	4.900000e+02	1.383500e+00
2.100000e+02	5.000000e+02	1.226230e+00
2.100000e+02	5.100000e+02	1.103030e+00
2.100000e+02	5.200000e+02	7.748430e-01
2.100000e+02	5.300000e+02	9.581020e-01
2.100000e+02	5.400000e+02	9.412620e-01
2.100000e+02	5.500000e+02	7.836890e-01
2.100000e+02	5.600000e+02	8.428760e-01
2.100000e+02	5.700000e+02	6.872750e-01
2.100000e+02	5.800000e+02	8.689670e-01
2.100000e+02	5.900000e+02	8.090240e-01
2.100000e+02	6.000000e+02	7.881710e-01
2.100000e+02	6.100000e+02	7.361550e-01
2.100000e+02	6.200000e+02	6.460960e-01
2.100000e+02	6.300000e+02	9.651880e-01
2.100000e+02	6.400000e+02	7.064000e-01
2.100000e+02	6.500000e+02	7.114890e-01
2.100000e+02	6.600000e+02	6.209540e-01
2.100000e+02	6.700000e+02	7.019420e-01
2.100000e+02	6.800000e+02	6.897790e-01
2.100000e+02	6.900000e+02	9.299690e-01
2.100000e+02	7.000000e+02	8.192820e-01
2.100000e+02	7.100000e+02	5.442760e-01
2.100000e+02	7.200000e+02	7.019520e-01
2.100000e+02	7.300000e+02	8.491270e-01
2.100000e+02	7.400000e+02	6.083820e-01
2.100000e+02	7.500000e+02	6.063320e-01
2.100000e+02	7.600000e+02	6.400400e-01
2.100000e+02	7.700000e+02	5.446720e-01
2.100000e+02	7.800000e+02	5.594560e-01
2.100000e+02	7.900000e+02	5.487330e-01
2.100000e+02	8.000000e+02	5.314630e-01
2.200000e+02	3.200000e+02	1.767270e+00
2.200000e+02	3.300000e+02	5.222390e+00
2.200000e+02	3.400000e+02	8.923660e+00
2.200000e+02	3.500000e+02	6.393200e+00
2.200000e+02	3.600000e+02	3.196050e+00
2.200000e+02	3.700000e+02	4.073270e+00
2.200000e+02	3.800000e+02	5.190950e+00
2.200000e+02	3.900000e+02	3.348850e+00
2.200000e+02	4.000000e+02	1.768880e+00
2.200000e+02	4.100000e+02	1.545780e+00
2.200000e+02	4.200000e+02	1.198000e+00
2.200000e+02	4.300000e+02	1.131350e+00
2.200000e+02	4.400000e+02	8.778890e-01
2.200000e+02	4.500000e+02	8.666200e-01
2.200000e+02	4.600000e+02	8.084940e-01
2.200000e+02	4.700000e+02	1.240030e+00
2.200000e+02	4.800000e+02	1.028630e+00
2.200000e+02	4.900000e+02	1.419120e+00
2.200000e+02	5.000000e+02	1.544860e+00
2.200000e+02	5.100000e+02	1.575620e+00
2.200000e+02	5.200000e+02	1.480340e+00
2.200000e+02	5.300000e+02	1.351810e+00
2.200000e+02	5.400000e+02	1.246150e+00
2.200000e+02	5.500000e+02	1.584520e+00
2.200000e+02	5.600000e+02	1.142640e+00
2.200000e+02	5.700000e+02	8.798770e-01
2.200000e+02	5.800000e+02	7.334420e-01
2.200000e+02	5.900000e+02	6.885470e-01
2.200000e+02	6.000000e+02	6.123470e-01
2.200000e+02	6.100000e+02	6.383700e-01
2.200000e+02	6.200000e+02	6.959730e-01
2.200000e+02	6.300000e+02	5.364030e-01
2.200000e+02	6.400000e+02	7.125200e-01
2.200000e+02	6.500000e+02	5.291810e-01
2.200000e+02	6.600000e+02	4.368980e-01
2.200000e+02	6.700000e+02	4.141640e-01
2.200000e+02	6.800000e+02	5.370910e-01
2.200000e+02	6.900000e+02	4.921590e-01
2.200000e+02	7.000000e+02	4.542170e-01
2.200000e+02	7.100000e+02	3.758310e-01
2.200000e+02	7.200000e+02	3.738410e-01
2.200000e+02	7.300000e+02	4.442740e-01
2.200000e+02	7.400000e+02	5.546600e-01
2.200000e+02	7.500000e+02	4.781460e-01
2.200000e+02	7.600000e+02	4.852600e-01
2.200000e+02	7.700000e+02	4.463280e-01
2.200000e+02	7.800000e+02	5.417440e-01
2.200000e+02	7.900000e+02	4.575840e-01
2.200000e+02	8.000000e+02	4.461510e-01
2.300000e+02	3.300000e+02	1.454690e+00
2.300000e+02	3.400000e+02	3.571480e+00
2.300000e+02	3.500000e+02	6.116400e+00
2.300000e+02	3.600000e+02	3.588720e+00
2.300000e+02	3.700000e+02	2.829840e+00
2.300000e+02	3.800000e+02	2.981740e+00
2.300000e+02	3.900000e+02	4.331360e+00
2.300000e+02	4.000000e+02	2.453490e+00
2.300000e+02	4.100000e+02	1.610520e+00
2.300000e+02	4.200000e+02	1.666000e+00
2.300000e+02	4.300000e+02	1.131560e+00
2.300000e+02	4.400000e+02	9.542500e-01
2.300000e+02	4.500000e+02	6.482770e-01
2.300000e+02	4.600000e+02	7.514120e-01
2.300000e+02	4.700000e+02	6.531830e-01
2.300000e+02	4.800000e+02	9.897690e-01
2.300000e+02	4.900000e+02	8.630040e-01
2.300000e+02	5.000000e+02	1.131420e+00
2.300000e+02	5.100000e+02	1.059590e+00
2.300000e+02	5.200000e+02	1.119260e+00
2.300000e+02	5.300000e+02	1.097830e+00
2.300000e+02	5.400000e+02	1.134970e+00
2.300000e+02	5.500000e+02	9.693870e-01
2.300000e+02	5.600000e+02	9.709330e-01
2.300000e+02	5.700000e+02	9.200440e-01
2.300000e+02	5.800000e+02	6.692380e-01
2.300000e+02	5.900000e+02	5.869240e-01
2.300000e+02	6.000000e+02	4.423910e-01
2.300000e+02	6.100000e+02	5.065930e-01
2.300000e+02	6.200000e+02	4.603240e-01
2.300000e+02	6.300000e+02	5.857210e-01
2.300000e+02	6.400000e+02	5.247920e-01
2.300000e+02	6.500000e+02	4.681710e-01
2.300000e+02	6.600000e+02	6.245270e-01
2.300000e+02	6.700000e+02	4.305290e-01
2.300000e+02	6.800000e+02	4.259150e-01
2.300000e+02	6.900000e+02	6.088640e-01
2.300000e+02	7.000000e+02	5.892140e-01
2.300000e+02	7.100000e+02	5.030790e-01
2.300000e+02	7.200000e+02	3.793360e-01
2.300000e+02	7.300000e+02	4.022720e-01
2.300000e+02	7.400000e+02	3.017660e-01
2.300000e+02	7.500000e+02	3.259930e-01
2.300000e+02	7.600000e+02	4.095000e-01
2.300000e+02	7.700000e+02	4.489090e-01
2.300000e+02	7.800000e+02	4.217290e-01
2.300000e+02	7.900000e+02	4.833080e-01
2.300000e+02	8.000000e+02	4.267970e-01
2.400000e+02	3.400000e+02	1.405310e+00
2.400000e+02	3.500000e+02	3.981220e+00
2.400000e+02	3.600000e+02	5.545260e+00
2.400000e+02	3.700000e+02	2.987090e+00
2.400000e+02	3.800000e+02	1.765670e+00
2.400000e+02	3.900000e+02	1.938340e+00
2.400000e+02	4.000000e+02	3.371310e+00
2.400000e+02	4.100000e+02	2.143630e+00
2.400000e+02	4.200000e+02	1.243560e+00
2.400000e+02	4.300000e+02	1.266510e+00
2.400000e+02	4.400000e+02	6.283550e-01
2.400000e+02	4.500000e+02	6.703360e-01
2.400000e+02	4.600000e+02	7.944330e-01
2.400000e+02	4.700000e+02	8.212120e-01
2.400000e+02	4.800000e+02	8.303450e-01
2.400000e+02	4.900000e+02	9.709010e-01
2.400000e+02	5.000000e+02	7.897140e-01
2.400000e+02	5.100000e+02	1.064490e+00
2.400000e+02	5.200000e+02	8.896860e-01
2.400000e+02	5.300000e+02	7.399320e-01
2.400000e+02	5.400000e+02	9.356780e-01
2.400000e+02	5.500000e+02	8.909030e-01
2.400000e+02	5.600000e+02	7.044390e-01
2.400000e+02	5.700000e+02	7.734520e-01
2.400000e+02	5.800000e+02	7.502720e-01
2.400000e+02	5.900000e+02	7.772430e-01
2.400000e+02	6.000000e+02	5.710190e-01
2.400000e+02	6.100000e+02	5.187370e-01
2.400000e+02	6.200000e+02	6.263910e-01
2.400000e+02	6.300000e+02	5.385580e-01
2.400000e+02	6.400000e+02	6.399730e-01
2.400000e+02	6.500000e+02	4.738070e-01
2.400000e+02	6.600000e+02	4.658950e-01
2.400000e+02	6.700000e+02	5.631680e-01
2.400000e+02	6.800000e+02	4.264370e-01
2.400000e+02	6.900000e+02	4.078930e-01
2.400000e+02	7.000000e+02	3.832080e-01
2.400000e+02	7.100000e+02	4.053360e-01
2.400000e+02	7.200000e+02	4.938650e-01
2.400000e+02	7.300000e+02	4.519020e-01
2.400000e+02	7.400000e+02	4.542520e-01
2.400000e+02	7.500000e+02	4.612410e-01
2.400000e+02	7.600000e+02	2.601120e-01
2.400000e+02	7.700000e+02	3.372090e-01
2.400000e+02	7.800000e+02	3.822690e-01
2.400000e+02	7.900000e+02	3.918330e-01
2.400000e+02	8.000000e+02	3.994470e-01
2.500000e+02	3.500000e+02	1.156080e+00
2.500000e+02	3.600000e+02	2.846190e+00
2.500000e+02	3.700000e+02	3.490510e+00
2.500000e+02	3.800000e+02	2.430120e+00
2.500000e+02	3.900000e+02	1.703050e+00
2.500000e+02	4.000000e+02	1.957550e+00
2.500000e+02	4.100000e+02	2.899960e+00
2.500000e+02	4.200000e+02	2.082710e+00
2.500000e+02	4.300000e+02	8.213440e-01
2.500000e+02	4.400000e+02	6.694680e-01
2.500000e+02	4.500000e+02	4.547310e-01
2.500000e+02	4.600000e+02	5.102920e-01
2.500000e+02	4.700000e+02	6.341680e-01
2.500000e+02	4.800000e+02	5.947940e-01
2.500000e+02	4.900000e+02	6.784930e-01
2.500000e+02	5.000000e+02	6.047560e-01
2.500000e+02	5.100000e+02	7.144060e-01
2.500000e+02	5.200000e+02	1.114700e+00
2.500000e+02	5.300000e+02	1.481070e+00
2.500000e+02	5.400000e+02	5.614460e-01
2.500000e+02	5.500000e+02	7.067040e-01
2.500000e+02	5.600000e+02	8.276320e-01
2.500000e+02	5.700000e+02	8.647700e-01
2.500000e+02	5.800000e+02	6.055260e-01
2.500000e+02	5.900000e+02	7.261950e-01
2.500000e+02	6.000000e+02	7.276810e-01
2.500000e+02	6.100000e+02	5.849950e-01
2.500000e+02	6.200000e+02	3.631930e-01
2.500000e+02	6.300000e+02	5.312350e-01
2.500000e+02	6.400000e+02	5.880280e-01
2.500000e+02	6.500000e+02	4.613380e-01
2.500000e+02	6.600000e+02	3.195430e-01
2.500000e+02	6.700000e+02	3.128300e-01
2.500000e+02	6.800000e+02	3.837560e-01
2.500000e+02	6.900000e+02	5.321530e-01
2.500000e+02	7.000000e+02	4.497040e-01
2.500000e+02	7.100000e+02	3.854420e-01
2.500000e+02	7.200000e+02	3.604320e-01
2.500000e+02	7.300000e+02	3.403590e-01
2.500000e+02	7.400000e+02	3.435260e-01
2.500000e+02	7.500000e+02	3.272250e-01
2.500000e+02	7.600000e+02	2.289140e-01
2.500000e+02	7.700000e+02	2.875610e-01
2.500000e+02	7.800000e+02	2.284030e-01
2.500000e+02	7.900000e+02	2.044170e-01
2.500000e+02	8.000000e+02	2.676350e-01
2.600000e+02	3.600000e+02	9.578400e-01
2.600000e+02	3.700000e+02	2.228630e+00
2.600000e+02	3.800000e+02	3.686240e+00
2.600000e+02	3.900000e+02	2.099850e+00
2.600000e+02	4.000000e+02	1.608870e+00
2.600000e+02	4.100000e+02	1.556990e+00
2.600000e+02	4.200000e+02	2.755210e+00
2.600000e+02	4.300000e+02	1.344480e+00
2.600000e+02	4.400000e+02	7.144890e-01
2.600000e+02	4.500000e+02	5.472810e-01
2.600000e+02	4.600000e+02	5.714280e-01
2.600000e+02	4.700000e+02	6.903210e-01
2.600000e+02	4.800000e+02	8.476730e-01
2.600000e+02	4.900000e+02	7.421860e-01
2.600000e+02	5.000000e+02	6.934950e-01
2.600000e+02	5.100000e+02	1.007360e+00
2.600000e+02	5.200000e+02	1.123160e+00
2.600000e+02	5.300000e+02	1.180950e+00
2.600000e+02	5.400000e+02	1.624140e+00
2.600000e+02	5.500000e+02	6.359850e-01
2.600000e+02	5.600000e+02	5.448890e-01
2.600000e+02	5.700000e+02	6.903830e-01
2.600000e+02	5.800000e+02	6.748670e-01
2.600000e+02	5.900000e+02	5.791430e-01
2.600000e+02	6.000000e+02	6.455920e-01
2.600000e+02	6.100000e+02	6.830210e-01
2.600000e+02	6.200000e+02	4.971850e-01
2.600000e+02	6.300000e+02	2.882170e-01
2.600000e+02	6.400000e+02	3.479720e-01
2.600000e+02	6.500000e+02	4.294830e-01
2.600000e+02	6.600000e+02	2.735010e-01
2.600000e+02	6.700000e+02	2.314750e-01
2.600000e+02	6.800000e+02	2.891980e-01
2.600000e+02	6.900000e+02	3.264660e-01
2.600000e+02	7.000000e+02	4.229690e-01
2.600000e+02	7.100000e+02	4.371670e-01
2.600000e+02	7.200000e+02	2.698200e-01
2.600000e+02	7.300000e+02	2.923490e-01
2.600000e+02	7.400000e+02	2.867600e-01
2.600000e+02	7.500000e+02	3.146120e-01
2.600000e+02	7.600000e+02	2.660930e-01
2.600000e+02	7.700000e+02	3.336260e-01
2.600000e+02	7.800000e+02	3.115540e-01
2.600000e+02	7.900000e+02	2.935340e-01
2.600000e+02	8.000000e+02	2.279540e-01
2.700000e+02	3.700000e+02	8.600830e-01
2.700000e+02	3.800000e+02	1.856200e+00
2.700000e+02	3.900000e+02	2.758360e+00
2.700000e+02	4.000000e+02	2.579550e+00
2.700000e+02	4.100000e+02	1.601200e+00
2.700000e+02	4.200000e+02	1.293050e+00
2.700000e+02	4.300000e+02	1.224170e+00
2.700000e+02	4.400000e+02	1.137820e+00
2.700000e+02	4.500000e+02	6.497670e-01
2.700000e+02	4.600000e+02	5.085740e-01
2.700000e+02	4.700000e+02	5.051410e-01
2.700000e+02	4.800000e+02	5.686130e-01
2.700000e+02	4.900000e+02	8.014820e-01
2.700000e+02	5.000000e+02	8.960510e-01
2.700000e+02	5.100000e+02	7.883250e-01
2.700000e+02	5.200000e+02	1.223850e+00
2.700000e+02	5.300000e+02	8.304990e-01
2.700000e+02	5.400000e+02	8.912450e-01
2.700000e+02	5.500000e+02	1.242970e+00
2.700000e+02	5.600000e+02	7.019210e-01
2.700000e+02	5.700000e+02	5.593240e-01
2.700000e+02	5.800000e+02	7.831640e-01
2.700000e+02	5.900000e+02	7.321290e-01
2.700000e+02	6.000000e+02	7.246460e-01
2.700000e+02	6.100000e+02	6.447630e-01
2.700000e+02	6.200000e+02	6.550010e-01
2.700000e+02	6.300000e+02	6.080280e-01
2.700000e+02	6.400000e+02	3.065670e-01
2.700000e+02	6.500000e+02	2.721030e-01
2.700000e+02	6.600000e+02	2.991620e-01
2.700000e+02	6.700000e+02	3.461950e-01
2.700000e+02	6.800000e+02	3.059050e-01
2.700000e+02	6.900000e+02	2.390120e-01
2.700000e+02	7.000000e+02	2.679480e-01
2.700000e+02	7.100000e+02	3.357310e-01
2.700000e+02	7.200000e+02	3.626950e-01
2.700000e+02	7.300000e+02	2.591730e-01
2.700000e+02	7.400000e+02	2.269890e-01
2.700000e+02	7.500000e+02	2.533590e-01
2.700000e+02	7.600000e+02	2.991470e-01
2.700000e+02	7.700000e+02	3.094810e-01
2.700000e+02	7.800000e+02	3.066620e-01
2.700000e+02	7.900000e+02	2.997840e-01
2.700000e+02	8.000000e+02	3.208510e-01
2.800000e+02	3.800000e+02	7.357270e-01
2.800000e+02	3.900000e+02	1.429180e+00
2.800000e+02	4.000000e+02	2.069630e+00
2.800000e+02	4.100000e+02	1.844960e+00
2.800000e+02	4.200000e+02	1.357200e+00
2.800000e+02	4.300000e+02	1.215810e+00
2.800000e+02	4.400000e+02	9.120400e-01
2.800000e+02	4.500000e+02	1.006950e+00
2.800000e+02	4.600000e+02	5.120190e-01
2.800000e+02	4.700000e+02	3.932740e-01
2.800000e+02	4.800000e+02	4.214940e-01
2.800000e+02	4.900000e+02	5.096540e-01
2.800000e+02	5.000000e+02	6.120600e-01
2.800000e+02	5.100000e+02	6.557310e-01
2.800000e+02	5.200000e+02	5.578480e-01
2.800000e+02	5.300000e+02	7.391800e-01
2.800000e+02	5.400000e+02	6.748390e-01
2.800000e+02	5.500000e+02	7.799760e-01
2.800000e+02	5.600000e+02	7.773630e-01
2.800000e+02	5.700000e+02	6.151490e-01
2.800000e+02	5.800000e+02	4.931510e-01
2.800000e+02	5.900000e+02	6.867580e-01
2.800000e+02	6.000000e+02	6.835130e-01
2.800000e+02	6.100000e+02	7.455090e-01
2.800000e+02	6.200000e+02	6.910140e-01
2.800000e+02	6.300000e+02	5.464140e-01
2.800000e+02	6.400000e+02	5.689010e-01
2.800000e+02	6.500000e+02	4.266240e-01
2.800000e+02	6.600000e+02	3.333470e-01
2.800000e+02	6.700000e+02	3.847230e-01
2.800000e+02	6.800000e+02	3.082990e-01
2.800000e+02	6.900000e+02	3.068380e-01
2.800000e+02	7.000000e+02	1.912980e-01
2.800000e+02	7.100000e+02	2.273150e-01
2.800000e+02	7.200000e+02	2.227550e-01
2.800000e+02	7.300000e+02	2.564790e-01
2.800000e+02	7.400000e+02	2.362660e-01
2.800000e+02	7.500000e+02	1.723850e-01
2.800000e+02	7.600000e+02	2.705650e-01
2.800000e+02	7.700000e+02	2.750540e-01
2.800000e+02	7.800000e+02	2.826690e-01
2.800000e+02	7.900000e+02	2.446040e-01
2.800000e+02	8.000000e+02	2.615700e-01
2.900000e+02	3.900000e+02	9.264350e-01
2.900000e+02	4.000000e+02	1.391080e+00
2.900000e+02	4.100000e+02	2.457380e+00
2.900000e+02	4.200000e+02	2.018880e+00
2.900000e+02	4.300000e+02	1.206780e+00
2.900000e+02	4.400000e+02	5.755050e-01
2.900000e+02	4.500000e+02	5.768930e-01
2.900000e+02	4.600000e+02	7.076310e-01
2.900000e+02	4.700000e+02	3.549740e-01
2.900000e+02	4.800000e+02	2.862760e-01
2.900000e+02	4.900000e+02	3.184910e-01
2.900000e+02	5.000000e+02	6.420750e-01
2.900000e+02	5.100000e+02	6.792630e-01
2.900000e+02	5.200000e+02	7.522460e-01
2.900000e+02	5.300000e+02	6.808540e-01
2.900000e+02	5.400000e+02	7.434540e-01
2.900000e+02	5.500000e+02	7.922120e-01
2.900000e+02	5.600000e+02	6.846530e-01
2.900000e+02	5.700000e+02	9.503870e-01
2.900000e+02	5.800000e+02	7.033510e-01
2.900000e+02	5.900000e+02	6.692010e-01
2.900000e+02	6.000000e+02	8.445330e-01
2.900000e+02	6.100000e+02	9.187120e-01
2.900000e+02	6.200000e+02	8.331060e-01
2.900000e+02	6.300000e+02	7.753360e-01
2.900000e+02	6.400000e+02	7.225790e-01
2.900000e+02	6.500000e+02	9.442050e-01
2.900000e+02	6.600000e+02	6.501070e-01
2.900000e+02	6.700000e+02	4.538880e-01
2.900000e+02	6.800000e+02	3.712880e-01
2.900000e+02	6.900000e+02	2.952480e-01
2.900000e+02	7.000000e+02	3.247630e-01
2.900000e+02	7.100000e+02	2.048670e-01
2.900000e+02	7.200000e+02	2.063890e-01
2.900000e+02	7.300000e+02	1.612880e-01
2.900000e+02	7.400000e+02	1.693870e-01
2.900000e+02	7.500000e+02	1.996260e-01
2.900000e+02	7.600000e+02	1.060580e-01
2.900000e+02	7.700000e+02	1.672130e-01
2.900000e+02	7.800000e+02	2.097830e-01
2.900000e+02	7.900000e+02	2.491270e-01
2.900000e+02	8.000000e+02	1.881470e-01
3.000000e+02	4.000000e+02	7.222820e-01
3.000000e+02	4.100000e+02	1.079750e+00
3.000000e+02	4.200000e+02	1.712830e+00
3.000000e+02	4.300000e+02	1.875830e+00
3.000000e+02	4.400000e+02	1.356830e+00
3.000000e+02	4.500000e+02	6.173330e-01
3.000000e+02	4.600000e+02	5.837360e-01
3.000000e+02	4.700000e+02	6.786990e-01
3.000000e+02	4.800000e+02	3.315990e-01
3.000000e+02	4.900000e+02	3.120590e-01
3.000000e+02	5.000000e+02	2.978360e-01
3.000000e+02	5.100000e+02	6.746050e-01
3.000000e+02	5.200000e+02	6.494550e-01
3.000000e+02	5.300000e+02	9.050880e-01
3.000000e+02	5.400000e+02	6.778210e-01
3.000000e+02	5.500000e+02	5.374200e-01
3.000000e+02	5.600000e+02	5.963870e-01
3.000000e+02	5.700000e+02	4.179640e-01
3.000000e+02	5.800000e+02	4.574880e-01
3.000000e+02	5.900000e+02	5.824030e-01
3.000000e+02	6.000000e+02	6.170710e-01
3.000000e+02	6.100000e+02	6.688550e-01
3.000000e+02	6.200000e+02	7.734310e-01
3.000000e+02	6.300000e+02	8.157410e-01
3.000000e+02	6.400000e+02	8.236670e-01
3.000000e+02	6.500000e+02	6.986740e-01
3.000000e+02	6.600000e+02	6.704850e-01
3.000000e+02	6.700000e+02	7.401760e-01
3.000000e+02	6.800000e+02	4.401770e-01
3.000000e+02	6.900000e+02	3.563050e-01
3.000000e+02	7.000000e+02	3.717410e-01
3.000000e+02	7.100000e+02	2.391150e-01
3.000000e+02	7.200000e+02	1.726590e-01
3.000000e+02	7.300000e+02	1.678970e-01
3.000000e+02	7.400000e+02	1.693510e-01
3.000000e+02	7.500000e+02	1.712570e-01
3.000000e+02	7.600000e+02	2.373180e-01
3.000000e+02	7.700000e+02	1.269030e-01
3.000000e+02	7.800000e+02	1.799340e-01
3.000000e+02	7.900000e+02	1.660700e-01
3.000000e+02	8.000000e+02	2.606280e-01
3.100000e+02	4.100000e+02	4.768620e-01
3.100000e+02	4.200000e+02	5.160350e-01
3.100000e+02	4.300000e+02	1.651580e+00
3.100000e+02	4.400000e+02	2.229490e+00
3.100000e+02	4.500000e+02	1.301640e+00
3.100000e+02	4.600000e+02	5.032030e-01
3.100000e+02	4.700000e+02	5.747620e-01
3.100000e+02	4.800000e+02	6.279550e-01
3.100000e+02	4.900000e+02	2.989240e-01
3.100000e+02	5.000000e+02	2.547540e-01
3.100000e+02	5.100000e+02	2.703370e-01
3.100000e+02	5.200000e+02	4.237030e-01
3.100000e+02	5.300000e+02	5.378800e-01
3.100000e+02	5.400000e+02	6.351220e-01
3.100000e+02	5.500000e+02	4.039510e-01
3.100000e+02	5.600000e+02	3.718800e-01
3.100000e+02	5.700000e+02	4.081340e-01
3.100000e+02	5.800000e+02	3.213770e-01
3.100000e+02	5.900000e+02	4.592750e-01
3.100000e+02	6.000000e+02	2.946960e-01
3.100000e+02	6.100000e+02	3.668500e-01
3.100000e+02	6.200000e+02	4.852620e-01
3.100000e+02	6.300000e+02	6.023030e-01
3.100000e+02	6.400000e+02	7.543760e-01
3.100000e+02	6.500000e+02	7.515710e-01
3.100000e+02	6.600000e+02	6.480860e-01
3.100000e+02	6.700000e+02	5.821380e-01
3.100000e+02	6.800000e+02	5.222930e-01
3.100000e+02	6.900000e+02	3.909630e-01
3.100000e+02	7.000000e+02	2.328550e-01
3.100000e+02	7.100000e+02	2.306830e-01
3.100000e+02	7.200000e+02	1.677890e-01
3.100000e+02	7.300000e+02	1.752300e-01
3.100000e+02	7.400000e+02	1.920990e-01
3.100000e+02	7.500000e+02	1.622090e-01
3.100000e+02	7.600000e+02	2.000290e-01
3.100000e+02	7.700000e+02	2.059840e-01
3.100000e+02	7.800000e+02	2.257710e-01
3.100000e+02	7.900000e+02	1.978780e-01
3.100000e+02	8.000000e+02	2.245720e-01
3.200000e+02	4.200000e+02	4.683530e-01
3.200000e+02	4.300000e+02	4.825560e-01
3.200000e+02	4.400000e+02	9.544830e-01
3.200000e+02	4.500000e+02	1.163700e+00
3.200000e+02	4.600000e+02	9.213010e-01
3.200000e+02	4.700000e+02	5.828130e-01
3.200000e+02	4.800000e+02	4.589720e-01
3.200000e+02	4.900000e+02	6.589900e-01
3.200000e+02	5.000000e+02	4.160050e-01
3.200000e+02	5.100000e+02	3.171570e-01
3.200000e+02	5.200000e+02	2.375740e-01
3.200000e+02	5.300000e+02	3.707440e-01
3.200000e+02	5.400000e+02	4.184310e-01
3.200000e+02	5.500000e+02	4.821900e-01
3.200000e+02	5.600000e+02	5.212370e-01
3.200000e+02	5.700000e+02	3.071440e-01
3.200000e+02	5.800000e+02	4.343950e-01
3.200000e+02	5.900000e+02	3.829290e-01
3.200000e+02	6.000000e+02	2.800760e-01
3.200000e+02	6.100000e+02	2.442550e-01
3.200000e+02	6.200000e+02	2.157740e-01
3.200000e+02	6.300000e+02	3.012230e-01
3.200000e+02	6.400000e+02	3.170800e-01
3.200000e+02	6.500000e+02	4.496040e-01
3.200000e+02	6.600000e+02	4.538830e-01
3.200000e+02	6.700000e+02	4.132860e-01
3.200000e+02	6.800000e+02	4.762980e-01
3.200000e+02	6.900000e+02	3.874500e-01
3.200000e+02	7.000000e+02	3.479750e-01
3.200000e+02	7.100000e+02	2.320520e-01
3.200000e+02	7.200000e+02	2.298420e-01
3.200000e+02	7.300000e+02	1.902490e-01
3.200000e+02	7.400000e+02	1.469680e-01
3.200000e+02	7.500000e+02	1.854630e-01
3.200000e+02	7.600000e+02	1.940120e-01
3.200000e+02	7.700000e+02	2.500740e-01
3.200000e+02	7.800000e+02	2.899510e-01
3.200000e+02	7.900000e+02	3.095010e-01
3.200000e+02	8.000000e+02	2.341000e-01
3.300000e+02	4.300000e+02	3.701000e-01
3.300000e+02	4.400000e+02	3.478420e-01
3.300000e+02	4.500000e+02	9.775910e-01
3.300000e+02	4.600000e+02	8.873420e-01
3.300000e+02	4.700000e+02	7.519390e-01
3.300000e+02	4.800000e+02	4.112240e-01
3.300000e+02	4.900000e+02	3.934340e-01
3.300000e+02	5.000000e+02	6.433600e-01
3.300000e+02	5.100000e+02	3.694800e-01
3.300000e+02	5.200000e+02	3.187900e-01
3.300000e+02	5.300000e+02	2.411630e-01
3.300000e+02	5.400000e+02	4.003490e-01
3.300000e+02	5.500000e+02	3.500220e-01
3.300000e+02	5.600000e+02	3.969530e-01
3.300000e+02	5.700000e+02	3.430360e-01
3.300000e+02	5.800000e+02	2.992750e-01
3.300000e+02	5.900000e+02	3.649380e-01
3.300000e+02	6.000000e+02	3.230580e-01
3.300000e+02	6.100000e+02	2.848580e-01
3.300000e+02	6.200000e+02	3.197470e-01
3.300000e+02	6.300000e+02	3.296920e-01
3.300000e+02	6.400000e+02	3.860820e-01
3.300000e+02	6.500000e+02	3.651930e-01
3.300000e+02	6.600000e+02	3.193820e-01
3.300000e+02	6.700000e+02	3.145400e-01
3.300000e+02	6.800000e+02	3.475200e-01
3.300000e+02	6.900000e+02	3.541570e-01
3.300000e+02	7.000000e+02	3.048510e-01
3.300000e+02	7.100000e+02	2.751010e-01
3.300000e+02	7.200000e+02	2.033670e-01
3.300000e+02	7.300000e+02	1.931650e-01
3.300000e+02	7.400000e+02	1.915890e-01
3.300000e+02	7.500000e+02	1.291190e-01
3.300000e+02	7.600000e+02	1.488160e-01
3.300000e+02	7.700000e+02	1.760170e-01
3.300000e+02	7.800000e+02	1.817750e-01
3.300000e+02	7.900000e+02	1.998590e-01
3.300000e+02	8.000000e+02	1.386850e-01
3.400000e+02	4.400000e+02	3.468540e-01
3.400000e+02	4.500000e+02	3.672600e-01
3.400000e+02	4.600000e+02	9.108270e-01
3.400000e+02	4.700000e+02	7.166720e-01
3.400000e+02	4.800000e+02	4.840610e-01
3.400000e+02	4.900000e+02	3.624470e-01
3.400000e+02	5.000000e+02	4.292650e-01
3.400000e+02	5.100000e+02	6.359660e-01
3.400000e+02	5.200000e+02	3.003430e-01
3.400000e+02	5.300000e+02	3.207730e-01
3.400000e+02	5.400000e+02	2.192330e-01
3.400000e+02	5.500000e+02	3.137250e-01
3.400000e+02	5.600000e+02	2.278670e-01
3.400000e+02	5.700000e+02	2.506280e-01
3.400000e+02	5.800000e+02	2.431470e-01
3.400000e+02	5.900000e+02	2.644030e-01
3.400000e+02	6.000000e+02	2.747150e-01
3.400000e+02	6.100000e+02	2.667500e-01
3.400000e+02	6.200000e+02	2.111260e-01
3.400000e+02	6.300000e+02	2.834470e-01
3.400000e+02	6.400000e+02	2.533770e-01
3.400000e+02	6.500000e+02	4.105390e-01
3.400000e+02	6.600000e+02	3.895100e-01
3.400000e+02	6.700000e+02	3.170950e-01
3.400000e+02	6.800000e+02	3.605920e-01
3.400000e+02	6.900000e+02	3.423460e-01
3.400000e+02	7.000000e+02	3.274140e-01
3.400000e+02	7.100000e+02	3.144890e-01
3.400000e+02	7.200000e+02	3.099520e-01
3.400000e+02	7.300000e+02	2.090710e-01
3.400000e+02	7.400000e+02	1.999720e-01
3.400000e+02	7.500000e+02	2.077000e-01
3.400000e+02	7.600000e+02	1.584420e-01
3.400000e+02	7.700000e+02	1.082520e-01
3.400000e+02	7.800000e+02	1.575760e-01
3.400000e+02	7.900000e+02	1.658480e-01
3.400000e+02	8.000000e+02	1.683550e-01
3.500000e+02	4.500000e+02	3.495120e-01
3.500000e+02	4.600000e+02	3.446990e-01
3.500000e+02	4.700000e+02	1.494680e+00
3.500000e+02	4.800000e+02	8.882820e-01
3.500000e+02	4.900000e+02	4.664430e-01
3.500000e+02	5.000000e+02	2.920180e-01
3.500000e+02	5.100000e+02	3.722400e-01
3.500000e+02	5.200000e+02	4.820400e-01
3.500000e+02	5.300000e+02	2.879290e-01
3.500000e+02	5.400000e+02	2.605490e-01
3.500000e+02	5.500000e+02	2.296850e-01
3.500000e+02	5.600000e+02	2.683220e-01
3.500000e+02	5.700000e+02	2.122560e-01
3.500000e+02	5.800000e+02	2.265940e-01
3.500000e+02	5.900000e+02	2.038200e-01
3.500000e+02	6.000000e+02	2.614020e-01
3.500000e+02	6.100000e+02	2.593850e-01
3.500000e+02	6.200000e+02	2.131460e-01
3.500000e+02	6.300000e+02	2.097370e-01
3.500000e+02	6.400000e+02	2.226380e-01
3.500000e+02	6.500000e+02	2.198870e-01
3.500000e+02	6.600000e+02	2.994150e-01
3.500000e+02	6.700000e+02	3.270150e-01
3.500000e+02	6.800000e+02	2.631250e-01
3.500000e+02	6.900000e+02	3.079300e-01
3.500000e+02	7.000000e+02	2.632780e-01
3.500000e+02	7.100000e+02	2.582410e-01
3.500000e+02	7.200000e+02	2.089770e-01
3.500000e+02	7.300000e+02	2.303150e-01
3.500000e+02	7.400000e+02	2.528930e-01
3.500000e+02	7.500000e+02	2.028270e-01
3.500000e+02	7.600000e+02	2.044650e-01
3.500000e+02	7.700000e+02	1.547240e-01
3.500000e+02	7.800000e+02	1.180060e-01
3.500000e+02	7.900000e+02	1.627910e-01
3.500000e+02	8.000000e+02	2.082970e-01
3.600000e+02	4.600000e+02	2.769560e-01
3.600000e+02	4.700000e+02	3.009400e-01
3.600000e+02	4.800000e+02	1.012150e+00
3.600000e+02	4.900000e+02	6.609810e-01
3.600000e+02	5.000000e+02	5.356060e-01
3.600000e+02	5.100000e+02	3.156990e-01
3.600000e+02	5.200000e+02	3.045480e-01
3.600000e+02	5.300000e+02	3.000000e-01
3.600000e+02	5.400000e+02	2.238810e-01
3.600000e+02	5.500000e+02	1.745470e-01
3.600000e+02	5.600000e+02	2.003310e-01
3.600000e+02	5.700000e+02	2.321460e-01
3.600000e+02	5.800000e+02	2.159010e-01
3.600000e+02	5.900000e+02	1.987600e-01
3.600000e+02	6.000000e+02	2.836300e-01
3.600000e+02	6.100000e+02	3.371470e-01
3.600000e+02	6.200000e+02	4.246420e-01
3.600000e+02	6.300000e+02	3.010160e-01
3.600000e+02	6.400000e+02	2.513500e-01
3.600000e+02	6.500000e+02	1.897660e-01
3.600000e+02	6.600000e+02	2.336260e-01
3.600000e+02	6.700000e+02	3.171180e-01
3.600000e+02	6.800000e+02	2.845820e-01
3.600000e+02	6.900000e+02	2.307050e-01
3.600000e+02	7.000000e+02	2.245800e-01
3.600000e+02	7.100000e+02	1.778450e-01
3.600000e+02	7.200000e+02	1.551080e-01
3.600000e+02	7.300000e+02	1.612420e-01
3.600000e+02	7.400000e+02	1.759350e-01
3.600000e+02	7.500000e+02	1.966080e-01
3.600000e+02	7.600000e+02	1.783780e-01
3.600000e+02	7.700000e+02	1.566800e-01
3.600000e+02	7.800000e+02	1.429080e-01
3.600000e+02	7.900000e+02	1.055990e-01
3.600000e+02	8.000000e+02	1.419570e-01
3.700000e+02	4.700000e+02	2.152650e-01
3.700000e+02	4.800000e+02	2.953790e-01
3.700000e+02	4.900000e+02	5.462450e-01
3.700000e+02	5.000000e+02	5.971260e-01
3.700000e+02	5.100000e+02	5.166530e-01
3.700000e+02	5.200000e+02	2.954640e-01
3.700000e+02	5.300000e+02	2.224300e-01
3.700000e+02	5.400000e+02	2.344720e-01
3.700000e+02	5.500000e+02	1.947420e-01
3.700000e+02	5.600000e+02	2.108410e-01
3.700000e+02	5.700000e+02	2.712130e-01
3.700000e+02	5.800000e+02	2.715360e-01
3.700000e+02	5.900000e+02	2.031550e-01
3.700000e+02	6.000000e+02	2.224610e-01
3.700000e+02	6.100000e+02	3.152990e-01
3.700000e+02	6.200000e+02	3.418290e-01
3.700000e+02	6.300000e+02	3.805460e-01
3.700000e+02	6.400000e+02	2.348880e-01
3.700000e+02	6.500000e+02	1.985100e-01
3.700000e+02	6.600000e+02	2.012550e-01
3.700000e+02	6.700000e+02	1.837200e-01
3.700000e+02	6.800000e+02	1.940060e-01
3.700000e+02	6.900000e+02	2.216610e-01
3.700000e+02	7.000000e+02	2.118400e-01
3.700000e+02	7.100000e+02	1.931450e-01
3.700000e+02	7.200000e+02	2.318200e-01
3.700000e+02	7.300000e+02	2.376160e-01
3.700000e+02	7.400000e+02	1.890260e-01
3.700000e+02	7.500000e+02	1.747570e-01
3.700000e+02	7.600000e+02	1.761070e-01
3.700000e+02	7.700000e+02	1.349300e-01
3.700000e+02	7.800000e+02	1.630500e-01
3.700000e+02	7.900000e+02	1.261050e-01
3.700000e+02	8.000000e+02	9.419240e-02
3.800000e+02	4.800000e+02	1.932150e-01
3.800000e+02	4.900000e+02	2.561080e-01
3.800000e+02	5.000000e+02	5.602340e-01
3.800000e+02	5.100000e+02	6.635460e-01
3.800000e+02	5.200000e+02	4.106360e-01
3.800000e+02	5.300000e+02	2.785130e-01
3.800000e+02	5.400000e+02	3.082650e-01
3.800000e+02	5.500000e+02	3.843890e-01
3.800000e+02	5.600000e+02	2.699700e-01
3.800000e+02	5.700000e+02	1.988870e-01
3.800000e+02	5.800000e+02	1.959630e-01
3.800000e+02	5.900000e+02	1.977120e-01
3.800000e+02	6.000000e+02	1.713940e-01
3.800000e+02	6.100000e+02	2.458320e-01
3.800000e+02	6.200000e+02	3.457550e-01
3.800000e+02	6.300000e+02	3.582460e-01
3.800000e+02	6.400000e+02	2.896010e-01
3.800000e+02	6.500000e+02	1.924870e-01
3.800000e+02	6.600000e+02	1.810760e-01
3.800000e+02	6.700000e+02	1.900790e-01
3.800000e+02	6.800000e+02	1.964640e-01
3.800000e+02	6.900000e+02	1.823520e-01
3.800000e+02	7.000000e+02	1.938830e-01
3.800000e+02	7.100000e+02	2.060840e-01
3.800000e+02	7.200000e+02	1.565210e-01
3.800000e+02	7.300000e+02	1.350450e-01
3.800000e+02	7.400000e+02	1.917930e-01
3.800000e+02	7.500000e+02	1.698720e-01
3.800000e+02	7.600000e+02	1.161190e-01
3.800000e+02	7.700000e+02	1.208650e-01
3.800000e+02	7.800000e+02	1.068290e-01
3.800000e+02	7.900000e+02	1.129780e-01
3.800000e+02	8.000000e+02	9.774640e-02
3.900000e+02	4.900000e+02	2.454260e-01
3.900000e+02	5.000000e+02	2.057320e-01
3.900000e+02	5.100000e+02	3.817960e-01
3.900000e+02	5.200000e+02	5.046140e-01
3.900000e+02	5.300000e+02	3.356390e-01
3.900000e+02	5.400000e+02	2.823660e-01
3.900000e+02	5.500000e+02	2.802290e-01
3.900000e+02	5.600000e+02	2.793040e-01
3.900000e+02	5.700000e+02	2.403720e-01
3.900000e+02	5.800000e+02	1.992700e-01
3.900000e+02	5.900000e+02	2.422870e-01
3.900000e+02	6.000000e+02	2.306590e-01
3.900000e+02	6.100000e+02	2.332020e-01
3.900000e+02	6.200000e+02	1.985100e-01
3.900000e+02	6.300000e+02	2.314330e-01
3.900000e+02	6.400000e+02	2.341270e-01
3.900000e+02	6.500000e+02	2.403470e-01
3.900000e+02	6.600000e+02	1.569110e-01
3.900000e+02	6.700000e+02	1.269170e-01
3.900000e+02	6.800000e+02	1.123550e-01
3.900000e+02	6.900000e+02	1.297180e-01
3.900000e+02	7.000000e+02	1.655060e-01
3.900000e+02	7.100000e+02	1.684390e-01
3.900000e+02	7.200000e+02	1.123980e-01
3.900000e+02	7.300000e+02	1.167500e-01
3.900000e+02	7.400000e+02	1.175410e-01
3.900000e+02	7.500000e+02	1.723580e-01
3.900000e+02	7.600000e+02	1.495460e-01
3.900000e+02	7.700000e+02	1.344860e-01
3.900000e+02	7.800000e+02	1.145920e-01
3.900000e+02	7.900000e+02	1.034200e-01
3.900000e+02	8.000000e+02	1.231110e-01
4.000000e+02	5.000000e+02	1.512670e-01
4.000000e+02	5.100000e+02	3.190180e-01
4.000000e+02	5.200000e+02	3.888700e-01
4.000000e+02	5.300000e+02	4.412770e-01
4.000000e+02	5.400000e+02	2.931780e-01
4.000000e+02	5.500000e+02	2.780520e-01
4.000000e+02	5.600000e+02	2.843060e-01
4.000000e+02	5.700000e+02	2.745110e-01
4.000000e+02	5.800000e+02	2.869910e-01
4.000000e+02	5.900000e+02	2.623610e-01
4.000000e+02	6.000000e+02	2.703620e-01
4.000000e+02	6.100000e+02	2.404490e-01
4.000000e+02	6.200000e+02	2.198180e-01
4.000000e+02	6.300000e+02	1.851440e-01
4.000000e+02	6.400000e+02	2.090280e-01
4.000000e+02	6.500000e+02	2.284920e-01
4.000000e+02	6.600000e+02	1.727760e-01
4.000000e+02	6.700000e+02	1.293590e-01
4.000000e+02	6.800000e+02	1.178510e-01
4.000000e+02	6.900000e+02	1.116720e-01
4.000000e+02	7.000000e+02	1.632310e-01
4.000000e+02	7.100000e+02	1.532150e-01
4.000000e+02	7.200000e+02	1.631990e-01
4.000000e+02	7.300000e+02	8.561460e-02
4.000000e+02	7.400000e+02	1.092400e-01
4.000000e+02	7.500000e+02	1.153880e-01
4.000000e+02	7.600000e+02	1.541420e-01
4.000000e+02	7.700000e+02	1.737970e-01
4.000000e+02	7.800000e+02	1.076130e-01
4.000000e+02	7.900000e+02	8.771500e-02
4.000000e+02	8.000000e+02	8.087250e-02
4.100000e+02	5.100000e+02	1.876080e-01
4.100000e+02	5.200000e+02	2.579690e-01
4.100000e+02	5.300000e+02	2.805470e-01
4.100000e+02	5.400000e+02	3.265310e-01
4.100000e+02	5.500000e+02	2.312750e-01
4.100000e+02	5.600000e+02	2.213950e-01
4.100000e+02	5.700000e+02	2.252180e-01
4.100000e+02	5.800000e+02	1.917140e-01
4.100000e+02	5.900000e+02	2.760600e-01
4.100000e+02	6.000000e+02	2.072780e-01
4.100000e+02	6.100000e+02	1.703830e-01
4.100000e+02	6.200000e+02	2.117550e-01
4.100000e+02	6.300000e+02	1.863220e-01
4.100000e+02	6.400000e+02	1.589100e-01
4.100000e+02	6.500000e+02	2.289310e-01
4.100000e+02	6.600000e+02	2.147740e-01
4.100000e+02	6.700000e+02	1.575260e-01
4.100000e+02	6.800000e+02	1.404470e-01
4.100000e+02	6.900000e+02	1.298160e-01
4.100000e+02	7.000000e+02	1.084210e-01
4.100000e+02	7.100000e+02	1.307870e-01
4.100000e+02	7.200000e+02	1.618010e-01
4.100000e+02	7.300000e+02	1.758970e-01
4.100000e+02	7.400000e+02	1.247510e-01
4.100000e+02	7.500000e+02	1.113990e-01
4.100000e+02	7.600000e+02	1.272200e-01
4.100000e+02	7.700000e+02	1.372200e-01
4.100000e+02	7.800000e+02	1.273060e-01
4.100000e+02	7.900000e+02	9.902920e-02
4.100000e+02	8.000000e+02	8.490270e-02
4.200000e+02	5.200000e+02	1.964300e-01
4.200000e+02	5.300000e+02	2.564900e-01
4.200000e+02	5.400000e+02	2.668640e-01
4.200000e+02	5.500000e+02	4.706140e-01
4.200000e+02	5.600000e+02	2.116150e-01
4.200000e+02	5.700000e+02	1.273260e-01
4.200000e+02	5.800000e+02	1.462600e-01
4.200000e+02	5.900000e+02	1.613200e-01
4.200000e+02	6.000000e+02	2.230370e-01
4.200000e+02	6.100000e+02	1.844180e-01
4.200000e+02	6.200000e+02	1.718290e-01
4.200000e+02	6.300000e+02	1.862310e-01
4.200000e+02	6.400000e+02	1.495230e-01
4.200000e+02	6.500000e+02	1.439360e-01
4.200000e+02	6.600000e+02	1.943750e-01
4.200000e+02	6.700000e+02	2.172820e-01
4.200000e+02	6.800000e+02	1.342050e-01
4.200000e+02	6.900000e+02	1.279640e-01
4.200000e+02	7.000000e+02	9.804260e-02
4.200000e+02	7.100000e+02	8.995370e-02
4.200000e+02	7.200000e+02	9.284860e-02
4.200000e+02	7.300000e+02	1.546970e-01
4.200000e+02	7.400000e+02	1.529360e-01
4.200000e+02	7.500000e+02	1.247590e-01
4.200000e+02	7.600000e+02	1.101820e-01
4.200000e+02	7.700000e+02	1.399350e-01
4.200000e+02	7.800000e+02	1.453290e-01
4.200000e+02	7.900000e+02	1.925850e-01
4.200000e+02	8.000000e+02	1.253940e-01
4.300000e+02	5.300000e+02	1.591720e-01
4.300000e+02	5.400000e+02	2.248570e-01
4.300000e+02	5.500000e+02	2.208090e-01
4.300000e+02	5.600000e+02	4.021540e-01
4.300000e+02	5.700000e+02	1.451530e-01
4.300000e+02	5.800000e+02	9.106200e-02
4.300000e+02	5.900000e+02	1.345140e-01
4.300000e+02	6.000000e+02	1.759100e-01
4.300000e+02	6.100000e+02	2.133690e-01
4.300000e+02	6.200000e+02	2.167930e-01
4.300000e+02	6.300000e+02	2.230070e-01
4.300000e+02	6.400000e+02	2.705970e-01
4.300000e+02	6.500000e+02	1.581490e-01
4.300000e+02	6.600000e+02	1.393650e-01
4.300000e+02	6.700000e+02	1.808530e-01
4.300000e+02	6.800000e+02	1.695250e-01
4.300000e+02	6.900000e+02	1.224390e-01
4.300000e+02	7.000000e+02	1.030520e-01
4.300000e+02	7.100000e+02	9.630310e-02
4.300000e+02	7.200000e+02	8.133950e-02
4.300000e+02	7.300000e+02	9.151840e-02
4.300000e+02	7.400000e+02	1.395120e-01
4.300000e+02	7.500000e+02	1.310570e-01
4.300000e+02	7.600000e+02	1.100050e-01
4.300000e+02	7.700000e+02	8.070400e-02
4.300000e+02	7.800000e+02	1.198260e-01
4.300000e+02	7.900000e+02	1.213480e-01
4.300000e+02	8.000000e+02	1.580330e-01
4.400000e+02	5.400000e+02	1.474100e-01
4.400000e+02	5.500000e+02	1.838500e-01
4.400000e+02	5.600000e+02	1.949730e-01
4.400000e+02	5.700000e+02	2.613050e-01
4.400000e+02	5.800000e+02	1.629360e-01
4.400000e+02	5.900000e+02	1.090830e-01
4.400000e+02	6.000000e+02	1.243490e-01
4.400000e+02	6.100000e+02	1.812630e-01
4.400000e+02	6.200000e+02	2.179070e-01
4.400000e+02	6.300000e+02	1.846610e-01
4.400000e+02	6.400000e+02	1.591420e-01
4.400000e+02	6.500000e+02	2.115960e-01
4.400000e+02	6.600000e+02	1.255580e-01
4.400000e+02	6.700000e+02	1.374740e-01
4.400000e+02	6.800000e+02	2.047360e-01
4.400000e+02	6.900000e+02	1.658160e-01
4.400000e+02	7.000000e+02	1.394680e-01
4.400000e+02	7.100000e+02	9.935460e-02
4.400000e+02	7.200000e+02	8.727730e-02
4.400000e+02	7.300000e+02	8.753160e-02
4.400000e+02	7.400000e+02	6.685810e-02
4.400000e+02	7.500000e+02	8.693740e-02
4.400000e+02	7.600000e+02	8.394520e-02
4.400000e+02	7.700000e+02	9.074860e-02
4.400000e+02	7.800000e+02	7.434840e-02
4.400000e+02	7.900000e+02	1.170910e-01
4.400000e+02	8.000000e+02	1.257620e-01
4.500000e+02	5.500000e+02	1.978520e-01
4.500000e+02	5.600000e+02	1.636150e-01
4.500000e+02	5.700000e+02	1.495730e-01
4.500000e+02	5.800000e+02	1.843330e-01
4.500000e+02	5.900000e+02	1.550860e-01
4.500000e+02	6.000000e+02	9.914220e-02
4.500000e+02	6.100000e+02	1.249710e-01
4.500000e+02	6.200000e+02	1.990410e-01
4.500000e+02	6.300000e+02	1.951180e-01
4.500000e+02	6.400000e+02	2.015030e-01
4.500000e+02	6.500000e+02	1.675710e-01
4.500000e+02	6.600000e+02	2.135450e-01
4.500000e+02	6.700000e+02	1.144940e-01
4.500000e+02	6.800000e+02	1.084800e-01
4.500000e+02	6.900000e+02	2.124820e-01
4.500000e+02	7.000000e+02	1.653260e-01
4.500000e+02	7.100000e+02	1.385240e-01
4.500000e+02	7.200000e+02	7.944970e-02
4.500000e+02	7.300000e+02	7.895810e-02
4.500000e+02	7.400000e+02	7.656370e-02
4.500000e+02	7.500000e+02	6.192770e-02
4.500000e+02	7.600000e+02	7.191480e-02
4.500000e+02	7.700000e+02	7.859370e-02
4.500000e+02	7.800000e+02	8.198410e-02
4.500000e+02	7.900000e+02	8.762630e-02
4.500000e+02	8.000000e+02	1.030730e-01
4.600000e+02	5.600000e+02	1.542030e-01
4.600000e+02	5.700000e+02	1.720650e-01
4.600000e+02	5.800000e+02	1.558120e-01
4.600000e+02	5.900000e+02	1.988710e-01
4.600000e+02	6.000000e+02	1.355720e-01
4.600000e+02	6.100000e+02	1.009600e-01
4.600000e+02	6.200000e+02	1.132520e-01
4.600000e+02	6.300000e+02	2.055150e-01
4.600000e+02	6.400000e+02	1.774960e-01
4.600000e+02	6.500000e+02	2.373000e-01
4.600000e+02	6.600000e+02	1.287590e-01
4.600000e+02	6.700000e+02	1.485510e-01
4.600000e+02	6.800000e+02	8.066430e-02
4.600000e+02	6.900000e+02	9.365430e-02
4.600000e+02	7.000000e+02	1.479100e-01
4.600000e+02	7.100000e+02	1.357970e-01
4.600000e+02	7.200000e+02	1.154460e-01
4.600000e+02	7.300000e+02	6.473720e-02
4.600000e+02	7.400000e+02	6.454300e-02
4.600000e+02	7.500000e+02	8.020360e-02
4.600000e+02	7.600000e+02	6.290620e-02
4.600000e+02	7.700000e+02	6.518840e-02
4.600000e+02	7.800000e+02	5.373700e-02
4.600000e+02	7.900000e+02	6.204990e-02
4.600000e+02	8.000000e+02	9.326880e-02
4.700000e+02	5.700000e+02	1.491860e-01
4.700000e+02	5.800000e+02	1.614800e-01
4.700000e+02	5.900000e+02	1.342930e-01
4.700000e+02	6.000000e+02	1.700640e-01
4.700000e+02	6.100000e+02	1.157200e-01
4.700000e+02	6.200000e+02	8.567610e-02
4.700000e+02	6.300000e+02	1.054660e-01
4.700000e+02	6.400000e+02	1.362350e-01
4.700000e+02	6.500000e+02	1.278590e-01
4.700000e+02	6.600000e+02	1.441550e-01
4.700000e+02	6.700000e+02	1.089730e-01
4.700000e+02	6.800000e+02	1.264150e-01
4.700000e+02	6.900000e+02	1.008490e-01
4.700000e+02	7.000000e+02	1.202510e-01
4.700000e+02	7.100000e+02	1.558670e-01
4.700000e+02	7.200000e+02	1.768850e-01
4.700000e+02	7.300000e+02	1.442410e-01
4.700000e+02	7.400000e+02	6.380560e-02
4.700000e+02	7.500000e+02	6.859960e-02
4.700000e+02	7.600000e+02	6.721410e-02
4.700000e+02	7.700000e+02	8.496880e-02
4.700000e+02	7.800000e+02	8.379720e-02
4.700000e+02	7.900000e+02	5.425290e-02
4.700000e+02	8.000000e+02	5.821140e-02
4.800000e+02	5.800000e+02	1.400740e-01
4.800000e+02	5.900000e+02	1.645910e-01
4.800000e+02	6.000000e+02	1.207270e-01
4.800000e+02	6.100000e+02	1.410000e-01
4.800000e+02	6.200000e+02	1.622920e-01
4.800000e+02	6.300000e+02	1.014660e-01
4.800000e+02	6.400000e+02	1.328380e-01
4.800000e+02	6.500000e+02	1.471490e-01
4.800000e+02	6.600000e+02	9.443290e-02
4.800000e+02	6.700000e+02	1.102300e-01
4.800000e+02	6.800000e+02	1.010650e-01
4.800000e+02	6.900000e+02	1.030780e-01
4.800000e+02	7.000000e+02	1.108730e-01
4.800000e+02	7.100000e+02	1.059390e-01
4.800000e+02	7.200000e+02	1.316260e-01
4.800000e+02	7.300000e+02	1.695580e-01
4.800000e+02	7.400000e+02	1.032090e-01
4.800000e+02	7.500000e+02	5.822610e-02
4.800000e+02	7.600000e+02	6.672870e-02
4.800000e+02	7.700000e+02	7.728190e-02
4.800000e+02	7.800000e+02	7.671650e-02
4.800000e+02	7.900000e+02	8.932940e-02
4.800000e+02	8.000000e+02	7.596110e-02
4.900000e+02	5.900000e+02	1.085660e-01
4.900000e+02	6.000000e+02	1.604180e-01
4.900000e+02	6.100000e+02	1.104490e-01
4.900000e+02	6.200000e+02	1.549490e-01
4.900000e+02	6.300000e+02	1.949870e-01
4.900000e+02	6.400000e+02	1.025390e-01
4.900000e+02	6.500000e+02	1.164650e-01
4.900000e+02	6.600000e+02	1.125470e-01
4.900000e+02	6.700000e+02	7.393040e-02
4.900000e+02	6.800000e+02	9.397280e-02
4.900000e+02	6.900000e+02	1.077490e-01
4.900000e+02	7.000000e+02	1.500730e-01
4.900000e+02	7.100000e+02	1.198210e-01
4.900000e+02	7.200000e+02	1.290190e-01
4.900000e+02	7.300000e+02	1.136860e-01
4.900000e+02	7.400000e+02	1.331500e-01
4.900000e+02	7.500000e+02	7.848720e-02
4.900000e+02	7.600000e+02	5.656360e-02
4.900000e+02	7.700000e+02	8.858700e-02
4.900000e+02	7.800000e+02	8.275990e-02
4.900000e+02	7.900000e+02	9.123370e-02
4.900000e+02	8.000000e+02	9.538970e-02
5.000000e+02	6.000000e+02	7.561720e-02
5.000000e+02	6.100000e+02	1.203240e-01
5.000000e+02	6.200000e+02	9.332490e-02
5.000000e+02	6.300000e+02	1.635040e-01
5.000000e+02	6.400000e+02	1.907060e-01
5.000000e+02	6.500000e+02	1.363380e-01
5.000000e+02	6.600000e+02	1.114070e-01
5.000000e+02	6.700000e+02	1.291990e-01
5.000000e+02	6.800000e+02	9.203780e-02
5.000000e+02	6.900000e+02	9.840610e-02
5.000000e+02	7.000000e+02	1.372640e-01
5.000000e+02	7.100000e+02	1.432030e-01
5.000000e+02	7.200000e+02	7.666830e-02
5.000000e+02	7.300000e+02	8.588050e-02
5.000000e+02	7.400000e+02	8.094580e-02
5.000000e+02	7.500000e+02	1.065210e-01
5.000000e+02	7.600000e+02	7.953590e-02
5.000000e+02	7.700000e+02	6.413460e-02
5.000000e+02	7.800000e+02	9.470770e-02
5.000000e+02	7.900000e+02	8.623990e-02
5.000000e+02	8.000000e+02	1.027400e-01
5.100000e+02	6.100000e+02	5.991220e-02
5.100000e+02	6.200000e+02	1.248540e-01
5.100000e+02	6.300000e+02	8.887210e-02
5.100000e+02	6.400000e+02	1.381890e-01
5.100000e+02	6.500000e+02	1.931060e-01
5.100000e+02	6.600000e+02	1.944540e-01
5.100000e+02	6.700000e+02	1.444140e-01
5.100000e+02	6.800000e+02	1.326730e-01
5.100000e+02	6.900000e+02	9.656900e-02
5.100000e+02	7.000000e+02	1.235570e-01
5.100000e+02	7.100000e+02	1.231550e-01
5.100000e+02	7.200000e+02	1.075850e-01
5.100000e+02	7.300000e+02	7.523630e-02
5.100000e+02	7.400000e+02	6.203050e-02
5.100000e+02	7.500000e+02	5.103880e-02
5.100000e+02	7.600000e+02	6.296780e-02
5.100000e+02	7.700000e+02	6.771410e-02
5.100000e+02	7.800000e+02	6.529450e-02
5.100000e+02	7.900000e+02	6.990370e-02
5.100000e+02	8.000000e+02	8.590930e-02
5.200000e+02	6.200000e+02	5.680200e-02
5.200000e+02	6.300000e+02	1.496670e-01
5.200000e+02	6.400000e+02	8.282250e-02
5.200000e+02	6.500000e+02	1.196530e-01
5.200000e+02	6.600000e+02	1.828860e-01
5.200000e+02	6.700000e+02	1.636250e-01
5.200000e+02	6.800000e+02	1.331250e-01
5.200000e+02	6.900000e+02	1.166930e-01
5.200000e+02	7.000000e+02	9.288280e-02
5.200000e+02	7.100000e+02	8.935350e-02
5.200000e+02	7.200000e+02	8.905500e-02
5.200000e+02	7.300000e+02	8.909470e-02
5.200000e+02	7.400000e+02	6.743610e-02
5.200000e+02	7.500000e+02	6.180200e-02
5.200000e+02	7.600000e+02	6.230600e-02
5.200000e+02	7.700000e+02	8.974880e-02
5.200000e+02	7.800000e+02	8.302100e-02
5.200000e+02	7.900000e+02	6.824360e-02
5.200000e+02	8.000000e+02	6.698270e-02
5.300000e+02	6.300000e+02	5.017700e-02
5.300000e+02	6.400000e+02	1.100210e-01
5.300000e+02	6.500000e+02	6.621130e-02
5.300000e+02	6.600000e+02	1.253850e-01
5.300000e+02	6.700000e+02	1.507800e-01
5.300000e+02	6.800000e+02	1.482490e-01
5.300000e+02	6.900000e+02	1.145610e-01
5.300000e+02	7.000000e+02	1.090870e-01
5.300000e+02	7.100000e+02	7.745780e-02
5.300000e+02	7.200000e+02	7.788250e-02
5.300000e+02	7.300000e+02	6.799340e-02
5.300000e+02	7.400000e+02	6.870680e-02
5.300000e+02	7.500000e+02	4.952810e-02
5.300000e+02	7.600000e+02	5.871610e-02
5.300000e+02	7.700000e+02	4.887380e-02
5.300000e+02	7.800000e+02	8.994850e-02
5.300000e+02	7.900000e+02	8.536950e-02
5.300000e+02	8.000000e+02	6.635060e-02
5.400000e+02	6.400000e+02	4.493020e-02
5.400000e+02	6.500000e+02	8.059490e-02
5.400000e+02	6.600000e+02	5.773910e-02
5.400000e+02	6.700000e+02	1.164290e-01
5.400000e+02	6.800000e+02	1.681490e-01
5.400000e+02	6.900000e+02	1.633450e-01
5.400000e+02	7.000000e+02	1.136390e-01
5.400000e+02	7.100000e+02	7.986660e-02
5.400000e+02	7.200000e+02	7.018350e-02
5.400000e+02	7.300000e+02	6.198350e-02
5.400000e+02	7.400000e+02	5.282030e-02
5.400000e+02	7.500000e+02	5.970040e-02
5.400000e+02	7.600000e+02	6.167900e-02
5.400000e+02	7.700000e+02	6.353570e-02
5.400000e+02	7.800000e+02	5.987950e-02
5.400000e+02	7.900000e+02	7.790680e-02
5.400000e+02	8.000000e+02	7.844170e-02
5.500000e+02	6.500000e+02	5.265450e-02
5.500000e+02	6.600000e+02	5.866410e-02
5.500000e+02	6.700000e+02	4.856140e-02
5.500000e+02	6.800000e+02	1.233310e-01
5.500000e+02	6.900000e+02	1.866870e-01
5.500000e+02	7.000000e+02	2.076740e-01
5.500000e+02	7.100000e+02	1.103440e-01
5.500000e+02	7.200000e+02	8.646610e-02
5.500000e+02	7.300000e+02	8.253670e-02
5.500000e+02	7.400000e+02	4.429860e-02
5.500000e+02	7.500000e+02	4.881710e-02
5.500000e+02	7.600000e+02	4.661320e-02
5.500000e+02	7.700000e+02	4.594930e-02
5.500000e+02	7.800000e+02	5.603860e-02
5.500000e+02	7.900000e+02	5.374280e-02
5.500000e+02	8.000000e+02	6.360290e-02
5.600000e+02	6.600000e+02	5.001880e-02
5.600000e+02	6.700000e+02	6.143920e-02
5.600000e+02	6.800000e+02	5.059140e-02
5.600000e+02	6.900000e+02	1.138340e-01
5.600000e+02	7.000000e+02	1.443230e-01
5.600000e+02	7.100000e+02	1.389780e-01
5.600000e+02	7.200000e+02	1.135330e-01
5.600000e+02	7.300000e+02	7.449010e-02
5.600000e+02	7.400000e+02	9.387800e-02
5.600000e+02	7.500000e+02	5.636540e-02
5.600000e+02	7.600000e+02	5.445730e-02
5.600000e+02	7.700000e+02	5.532670e-02
5.600000e+02	7.800000e+02	4.757880e-02
5.600000e+02	7.900000e+02	3.747090e-02
5.600000e+02	8.000000e+02	4.619930e-02
5.700000e+02	6.700000e+02	4.936850e-02
5.700000e+02	6.800000e+02	6.359190e-02
5.700000e+02	6.900000e+02	6.816170e-02
5.700000e+02	7.000000e+02	1.240810e-01
5.700000e+02	7.100000e+02	1.305640e-01
5.700000e+02	7.200000e+02	1.103560e-01
5.700000e+02	7.300000e+02	9.739540e-02
5.700000e+02	7.400000e+02	6.626190e-02
5.700000e+02	7.500000e+02	8.879020e-02
5.700000e+02	7.600000e+02	6.014570e-02
5.700000e+02	7.700000e+02	6.323200e-02
5.700000e+02	7.800000e+02	6.272070e-02
5.700000e+02	7.900000e+02	4.718650e-02
5.700000e+02	8.000000e+02	3.492330e-02
5.800000e+02	6.800000e+02	4.597350e-02
5.800000e+02	6.900000e+02	4.926290e-02
5.800000e+02	7.000000e+02	8.349210e-02
5.800000e+02	7.100000e+02	1.291440e-01
5.800000e+02	7.200000e+02	1.182960e-01
5.800000e+02	7.300000e+02	8.854260e-02
5.800000e+02	7.400000e+02	1.022910e-01
5.800000e+02	7.500000e+02	6.088700e-02
5.800000e+02	7.600000e+02	1.096230e-01
5.800000e+02	7.700000e+02	6.260980e-02
5.800000e+02	7.800000e+02	6.330940e-02
5.800000e+02	7.900000e+02	5.232310e-02
5.800000e+02	8.000000e+02	4.375120e-02
5.900000e+02	6.900000e+02	5.741310e-02
5.900000e+02	7.000000e+02	4.141240e-02
5.900000e+02	7.100000e+02	7.830280e-02
5.900000e+02	7.200000e+02	1.088420e-01
5.900000e+02	7.300000e+02	1.057350e-01
5.900000e+02	7.400000e+02	7.514480e-02
5.900000e+02	7.500000e+02	9.063290e-02
5.900000e+02	7.600000e+02	6.170820e-02
5.900000e+02	7.700000e+02	1.055510e-01
5.900000e+02	7.800000e+02	5.599450e-02
5.900000e+02	7.900000e+02	5.515350e-02
5.900000e+02	8.000000e+02	4.244110e-02
6.000000e+02	7.000000e+02	7.106520e-02
6.000000e+02	7.100000e+02	3.142300e-02
6.000000e+02	7.200000e+02	7.723760e-02
6.000000e+02	7.300000e+02	1.038250e-01
6.000000e+02	7.400000e+02	9.822400e-02
6.000000e+02	7.500000e+02	5.801400e-02
6.000000e+02	7.600000e+02	7.358480e-02
6.000000e+02	7.700000e+02	6.294940e-02
6.000000e+02	7.800000e+02	1.028120e-01
6.000000e+02	7.900000e+02	5.292680e-02
6.000000e+02	8.000000e+02	5.356280e-02
6.100000e+02	7.100000e+02	5.100170e-02
6.100000e+02	7.200000e+02	2.607690e-02
6.100000e+02	7.300000e+02	6.481360e-02
6.100000e+02	7.400000e+02	1.013570e-01
6.100000e+02	7.500000e+02	9.498950e-02
6.100000e+02	7.600000e+02	5.842260e-02
6.100000e+02	7.700000e+02	7.335960e-02
6.100000e+02	7.800000e+02	5.688810e-02
6.100000e+02	7.900000e+02	7.897870e-02
6.100000e+02	8.000000e+02	5.764770e-02
6.200000e+02	7.200000e+02	5.971250e-02
6.200000e+02	7.300000e+02	2.819060e-02
6.200000e+02	7.400000e+02	7.280010e-02
6.200000e+02	7.500000e+02	9.762570e-02
6.200000e+02	7.600000e+02	1.105910e-01
6.200000e+02	7.700000e+02	6.267770e-02
6.200000e+02	7.800000e+02	5.808110e-02
6.200000e+02	7.900000e+02	5.802640e-02
6.200000e+02	8.000000e+02	7.770900e-02
6.300000e+02	7.300000e+02	6.555360e-02
6.300000e+02	7.400000e+02	2.920240e-02
6.300000e+02	7.500000e+02	4.984890e-02
6.300000e+02	7.600000e+02	6.871440e-02
6.300000e+02	7.700000e+02	9.580980e-02
6.300000e+02	7.800000e+02	6.018580e-02
6.300000e+02	7.900000e+02	5.510460e-02
6.300000e+02	8.000000e+02	4.095300e-02
6.400000e+02	7.400000e+02	6.927690e-02
6.400000e+02	7.500000e+02	2.820170e-02
6.400000e+02	7.600000e+02	4.441410e-02
6.400000e+02	7.700000e+02	6.822910e-02
6.400000e+02	7.800000e+02	1.051240e-01
6.400000e+02	7.900000e+02	5.514490e-02
6.400000e+02	8.000000e+02	4.984040e-02
6.500000e+02	7.500000e+02	5.151960e-02
6.500000e+02	7.600000e+02	2.340950e-02
6.500000e+02	7.700000e+02	3.556720e-02
6.500000e+02	7.800000e+02	6.006940e-02
6.500000e+02	7.900000e+02	1.042230e-01
6.500000e+02	8.000000e+02	6.119530e-02
6.600000e+02	7.600000e+02	5.182150e-02
6.600000e+02	7.700000e+02	2.255230e-02
6.600000e+02	7.800000e+02	3.109060e-02
6.600000e+02	7.900000e+02	3.454470e-02
6.600000e+02	8.000000e+02	1.003230e-01
6.700000e+02	7.700000e+02	5.073010e-02
6.700000e+02	7.800000e+02	2.593640e-02
6.700000e+02	7.900000e+02	3.098400e-02
6.700000e+02	8.000000e+02	3.022580e-02
6.800000e+02	7.800000e+02	5.489820e-02
6.800000e+02	7.900000e+02	2.878240e-02
6.800000e+02	8.000000e+02	2.700230e-02
6.900000e+02	7.900000e+02	5.440890e-02
6.900000e+02	8.000000e+02	3.556620e-02
7.000000e+02	8.000000e+02	6.208700e-02

