######: paper: 201105639
######: table_doi: 10.17182/hepdata.95826.v1/t7
######: name: Cross-section limits gluon-gluon fusion in llbb
######: description: Upper bounds at 95% CL on the production cross-section times the branching ratio B(A->ZH)xB(H->bb) in pb for a narrow width A boson produced via gluon-gluon fusion.
######: For each signal point, characterised by the mass pair (mA, mH), two limits are provided, the observed and the expected.
######: data_file: limits_ggA_narrow_width.yaml
######: keyword reactions: p p --> HIGGS | HIGGS --> Z0 HIGGS | Z0 --> E+ E- | Z0 --> MU+ MU- | HIGGS --> BQ BQBAR
######: keyword observables: cls
######: keyword cmenergies: 13000.0
######: keyword phrases: cross-section limits | Higgs boson production | 2HDM | gluon-gluon fusion
######: Limit,Observed
######: SQRT(S) [GeV],13000
######: LUMINOSITY [fb$^{-1}$],139
######: mH [GeV],mA [GeV],Upper limit on  sigma(ggA) x B(A->ZH) x B(H->bb)  at 95% CL [pb]
1.300000e+02	2.300000e+02	3.456130e-01
1.300000e+02	2.400000e+02	2.861240e-01
1.300000e+02	2.500000e+02	2.986280e-01
1.300000e+02	2.600000e+02	1.672390e-01
1.300000e+02	2.700000e+02	1.436550e-01
1.300000e+02	2.800000e+02	1.466200e-01
1.300000e+02	2.900000e+02	1.932260e-01
1.300000e+02	3.000000e+02	1.486300e-01
1.300000e+02	3.100000e+02	1.698770e-01
1.300000e+02	3.200000e+02	2.027460e-01
1.300000e+02	3.300000e+02	1.659650e-01
1.300000e+02	3.400000e+02	1.136020e-01
1.300000e+02	3.500000e+02	1.194200e-01
1.300000e+02	3.600000e+02	1.315310e-01
1.300000e+02	3.700000e+02	1.700070e-01
1.300000e+02	3.800000e+02	9.749090e-02
1.300000e+02	3.900000e+02	1.008010e-01
1.300000e+02	4.000000e+02	8.287280e-02
1.300000e+02	4.100000e+02	6.506400e-02
1.300000e+02	4.200000e+02	6.872520e-02
1.300000e+02	4.300000e+02	8.268510e-02
1.300000e+02	4.400000e+02	9.542160e-02
1.300000e+02	4.500000e+02	7.052070e-02
1.300000e+02	4.600000e+02	5.879360e-02
1.300000e+02	4.700000e+02	7.101440e-02
1.300000e+02	4.800000e+02	6.428910e-02
1.300000e+02	4.900000e+02	7.210930e-02
1.300000e+02	5.000000e+02	6.402550e-02
1.300000e+02	5.100000e+02	5.819870e-02
1.300000e+02	5.200000e+02	4.390540e-02
1.300000e+02	5.300000e+02	3.056640e-02
1.300000e+02	5.400000e+02	3.395390e-02
1.300000e+02	5.500000e+02	2.825640e-02
1.300000e+02	5.600000e+02	3.729750e-02
1.300000e+02	5.700000e+02	3.701200e-02
1.300000e+02	5.800000e+02	3.154400e-02
1.300000e+02	5.900000e+02	3.709530e-02
1.300000e+02	6.000000e+02	3.126050e-02
1.300000e+02	6.100000e+02	3.605320e-02
1.300000e+02	6.200000e+02	2.948420e-02
1.300000e+02	6.300000e+02	2.334640e-02
1.300000e+02	6.400000e+02	2.266810e-02
1.300000e+02	6.500000e+02	2.244390e-02
1.300000e+02	6.600000e+02	2.189280e-02
1.300000e+02	6.700000e+02	2.006100e-02
1.300000e+02	6.800000e+02	2.304020e-02
1.300000e+02	6.900000e+02	2.486400e-02
1.300000e+02	7.000000e+02	2.478300e-02
1.300000e+02	7.100000e+02	1.921310e-02
1.300000e+02	7.200000e+02	1.646750e-02
1.300000e+02	7.300000e+02	1.961820e-02
1.300000e+02	7.400000e+02	1.205170e-02
1.300000e+02	7.500000e+02	1.160860e-02
1.300000e+02	7.600000e+02	1.330510e-02
1.300000e+02	7.700000e+02	1.492820e-02
1.300000e+02	7.800000e+02	1.154620e-02
1.300000e+02	7.900000e+02	1.105910e-02
1.300000e+02	8.000000e+02	9.911660e-03
1.400000e+02	2.400000e+02	3.384890e-01
1.400000e+02	2.500000e+02	2.356190e-01
1.400000e+02	2.600000e+02	2.667260e-01
1.400000e+02	2.700000e+02	1.511690e-01
1.400000e+02	2.800000e+02	2.032300e-01
1.400000e+02	2.900000e+02	1.632260e-01
1.400000e+02	3.000000e+02	1.148960e-01
1.400000e+02	3.100000e+02	1.061960e-01
1.400000e+02	3.200000e+02	1.355600e-01
1.400000e+02	3.300000e+02	1.565440e-01
1.400000e+02	3.400000e+02	1.261590e-01
1.400000e+02	3.500000e+02	1.370030e-01
1.400000e+02	3.600000e+02	1.261560e-01
1.400000e+02	3.700000e+02	1.492880e-01
1.400000e+02	3.800000e+02	1.480720e-01
1.400000e+02	3.900000e+02	1.328680e-01
1.400000e+02	4.000000e+02	1.054470e-01
1.400000e+02	4.100000e+02	9.246200e-02
1.400000e+02	4.200000e+02	7.501410e-02
1.400000e+02	4.300000e+02	6.697450e-02
1.400000e+02	4.400000e+02	6.658450e-02
1.400000e+02	4.500000e+02	6.054870e-02
1.400000e+02	4.600000e+02	7.337410e-02
1.400000e+02	4.700000e+02	6.149230e-02
1.400000e+02	4.800000e+02	6.792540e-02
1.400000e+02	4.900000e+02	6.111610e-02
1.400000e+02	5.000000e+02	7.066370e-02
1.400000e+02	5.100000e+02	7.043940e-02
1.400000e+02	5.200000e+02	5.009830e-02
1.400000e+02	5.300000e+02	5.013640e-02
1.400000e+02	5.400000e+02	4.895620e-02
1.400000e+02	5.500000e+02	3.244240e-02
1.400000e+02	5.600000e+02	3.321510e-02
1.400000e+02	5.700000e+02	2.312750e-02
1.400000e+02	5.800000e+02	2.974180e-02
1.400000e+02	5.900000e+02	3.195930e-02
1.400000e+02	6.000000e+02	2.201590e-02
1.400000e+02	6.100000e+02	2.153460e-02
1.400000e+02	6.200000e+02	2.168000e-02
1.400000e+02	6.300000e+02	2.204790e-02
1.400000e+02	6.400000e+02	2.166430e-02
1.400000e+02	6.500000e+02	2.629880e-02
1.400000e+02	6.600000e+02	2.078650e-02
1.400000e+02	6.700000e+02	1.879260e-02
1.400000e+02	6.800000e+02	2.064720e-02
1.400000e+02	6.900000e+02	2.307940e-02
1.400000e+02	7.000000e+02	2.075520e-02
1.400000e+02	7.100000e+02	1.689270e-02
1.400000e+02	7.200000e+02	2.202230e-02
1.400000e+02	7.300000e+02	1.308280e-02
1.400000e+02	7.400000e+02	1.010220e-02
1.400000e+02	7.500000e+02	9.646060e-03
1.400000e+02	7.600000e+02	1.105030e-02
1.400000e+02	7.700000e+02	7.669370e-03
1.400000e+02	7.800000e+02	8.037710e-03
1.400000e+02	7.900000e+02	9.554760e-03
1.400000e+02	8.000000e+02	1.039760e-02
1.500000e+02	2.500000e+02	3.815710e-01
1.500000e+02	2.600000e+02	1.866200e-01
1.500000e+02	2.700000e+02	2.345360e-01
1.500000e+02	2.800000e+02	9.889350e-02
1.500000e+02	2.900000e+02	1.192970e-01
1.500000e+02	3.000000e+02	1.706550e-01
1.500000e+02	3.100000e+02	8.521550e-02
1.500000e+02	3.200000e+02	1.143560e-01
1.500000e+02	3.300000e+02	1.124330e-01
1.500000e+02	3.400000e+02	1.578670e-01
1.500000e+02	3.500000e+02	1.167230e-01
1.500000e+02	3.600000e+02	1.240330e-01
1.500000e+02	3.700000e+02	1.667630e-01
1.500000e+02	3.800000e+02	1.799770e-01
1.500000e+02	3.900000e+02	1.406250e-01
1.500000e+02	4.000000e+02	1.193730e-01
1.500000e+02	4.100000e+02	1.049560e-01
1.500000e+02	4.200000e+02	1.061960e-01
1.500000e+02	4.300000e+02	1.082110e-01
1.500000e+02	4.400000e+02	1.076950e-01
1.500000e+02	4.500000e+02	9.429450e-02
1.500000e+02	4.600000e+02	8.308250e-02
1.500000e+02	4.700000e+02	8.244680e-02
1.500000e+02	4.800000e+02	7.081480e-02
1.500000e+02	4.900000e+02	4.676560e-02
1.500000e+02	5.000000e+02	4.785910e-02
1.500000e+02	5.100000e+02	4.091930e-02
1.500000e+02	5.200000e+02	4.952690e-02
1.500000e+02	5.300000e+02	4.379080e-02
1.500000e+02	5.400000e+02	3.331430e-02
1.500000e+02	5.500000e+02	2.804350e-02
1.500000e+02	5.600000e+02	3.183450e-02
1.500000e+02	5.700000e+02	2.340780e-02
1.500000e+02	5.800000e+02	2.577710e-02
1.500000e+02	5.900000e+02	2.089680e-02
1.500000e+02	6.000000e+02	2.221930e-02
1.500000e+02	6.100000e+02	3.124560e-02
1.500000e+02	6.200000e+02	2.608370e-02
1.500000e+02	6.300000e+02	2.484650e-02
1.500000e+02	6.400000e+02	2.307710e-02
1.500000e+02	6.500000e+02	2.288130e-02
1.500000e+02	6.600000e+02	2.300540e-02
1.500000e+02	6.700000e+02	2.601280e-02
1.500000e+02	6.800000e+02	2.306130e-02
1.500000e+02	6.900000e+02	2.163420e-02
1.500000e+02	7.000000e+02	1.872970e-02
1.500000e+02	7.100000e+02	1.861240e-02
1.500000e+02	7.200000e+02	1.842850e-02
1.500000e+02	7.300000e+02	1.684970e-02
1.500000e+02	7.400000e+02	1.878520e-02
1.500000e+02	7.500000e+02	1.787290e-02
1.500000e+02	7.600000e+02	1.372440e-02
1.500000e+02	7.700000e+02	9.605680e-03
1.500000e+02	7.800000e+02	1.108040e-02
1.500000e+02	7.900000e+02	8.215210e-03
1.500000e+02	8.000000e+02	7.513890e-03
1.600000e+02	2.600000e+02	3.391720e-01
1.600000e+02	2.700000e+02	2.140660e-01
1.600000e+02	2.800000e+02	2.084720e-01
1.600000e+02	2.900000e+02	1.369970e-01
1.600000e+02	3.000000e+02	1.405020e-01
1.600000e+02	3.100000e+02	1.552180e-01
1.600000e+02	3.200000e+02	8.677080e-02
1.600000e+02	3.300000e+02	9.864680e-02
1.600000e+02	3.400000e+02	1.467210e-01
1.600000e+02	3.500000e+02	1.909660e-01
1.600000e+02	3.600000e+02	1.217720e-01
1.600000e+02	3.700000e+02	1.202770e-01
1.600000e+02	3.800000e+02	1.336290e-01
1.600000e+02	3.900000e+02	1.304500e-01
1.600000e+02	4.000000e+02	1.223440e-01
1.600000e+02	4.100000e+02	1.005220e-01
1.600000e+02	4.200000e+02	9.221450e-02
1.600000e+02	4.300000e+02	8.157020e-02
1.600000e+02	4.400000e+02	8.735700e-02
1.600000e+02	4.500000e+02	1.009490e-01
1.600000e+02	4.600000e+02	7.921530e-02
1.600000e+02	4.700000e+02	6.391210e-02
1.600000e+02	4.800000e+02	5.975950e-02
1.600000e+02	4.900000e+02	5.677070e-02
1.600000e+02	5.000000e+02	5.310210e-02
1.600000e+02	5.100000e+02	3.200810e-02
1.600000e+02	5.200000e+02	3.811600e-02
1.600000e+02	5.300000e+02	4.251300e-02
1.600000e+02	5.400000e+02	4.380390e-02
1.600000e+02	5.500000e+02	4.754800e-02
1.600000e+02	5.600000e+02	2.902240e-02
1.600000e+02	5.700000e+02	3.191430e-02
1.600000e+02	5.800000e+02	4.012000e-02
1.600000e+02	5.900000e+02	2.919220e-02
1.600000e+02	6.000000e+02	2.515170e-02
1.600000e+02	6.100000e+02	1.916220e-02
1.600000e+02	6.200000e+02	1.696300e-02
1.600000e+02	6.300000e+02	2.508750e-02
1.600000e+02	6.400000e+02	1.790030e-02
1.600000e+02	6.500000e+02	1.592320e-02
1.600000e+02	6.600000e+02	1.803980e-02
1.600000e+02	6.700000e+02	1.802550e-02
1.600000e+02	6.800000e+02	2.064030e-02
1.600000e+02	6.900000e+02	2.582850e-02
1.600000e+02	7.000000e+02	2.349170e-02
1.600000e+02	7.100000e+02	2.172470e-02
1.600000e+02	7.200000e+02	1.817400e-02
1.600000e+02	7.300000e+02	1.830300e-02
1.600000e+02	7.400000e+02	1.503950e-02
1.600000e+02	7.500000e+02	1.507090e-02
1.600000e+02	7.600000e+02	1.253140e-02
1.600000e+02	7.700000e+02	1.346430e-02
1.600000e+02	7.800000e+02	1.078000e-02
1.600000e+02	7.900000e+02	1.082920e-02
1.600000e+02	8.000000e+02	1.078130e-02
1.700000e+02	2.700000e+02	2.784520e-01
1.700000e+02	2.800000e+02	2.121410e-01
1.700000e+02	2.900000e+02	2.176590e-01
1.700000e+02	3.000000e+02	1.167250e-01
1.700000e+02	3.100000e+02	1.112470e-01
1.700000e+02	3.200000e+02	1.863220e-01
1.700000e+02	3.300000e+02	1.026120e-01
1.700000e+02	3.400000e+02	8.129050e-02
1.700000e+02	3.500000e+02	1.413160e-01
1.700000e+02	3.600000e+02	1.655200e-01
1.700000e+02	3.700000e+02	1.250430e-01
1.700000e+02	3.800000e+02	1.171250e-01
1.700000e+02	3.900000e+02	1.097460e-01
1.700000e+02	4.000000e+02	1.102710e-01
1.700000e+02	4.100000e+02	9.019550e-02
1.700000e+02	4.200000e+02	5.551160e-02
1.700000e+02	4.300000e+02	6.572120e-02
1.700000e+02	4.400000e+02	7.130510e-02
1.700000e+02	4.500000e+02	7.974580e-02
1.700000e+02	4.600000e+02	9.621470e-02
1.700000e+02	4.700000e+02	1.214120e-01
1.700000e+02	4.800000e+02	8.928540e-02
1.700000e+02	4.900000e+02	6.349220e-02
1.700000e+02	5.000000e+02	5.010040e-02
1.700000e+02	5.100000e+02	3.942150e-02
1.700000e+02	5.200000e+02	3.742490e-02
1.700000e+02	5.300000e+02	3.572920e-02
1.700000e+02	5.400000e+02	3.981590e-02
1.700000e+02	5.500000e+02	4.165760e-02
1.700000e+02	5.600000e+02	3.822660e-02
1.700000e+02	5.700000e+02	3.423380e-02
1.700000e+02	5.800000e+02	2.808810e-02
1.700000e+02	5.900000e+02	3.217000e-02
1.700000e+02	6.000000e+02	3.687510e-02
1.700000e+02	6.100000e+02	2.354050e-02
1.700000e+02	6.200000e+02	2.431410e-02
1.700000e+02	6.300000e+02	1.902770e-02
1.700000e+02	6.400000e+02	1.614950e-02
1.700000e+02	6.500000e+02	1.813340e-02
1.700000e+02	6.600000e+02	1.441250e-02
1.700000e+02	6.700000e+02	1.154920e-02
1.700000e+02	6.800000e+02	1.335560e-02
1.700000e+02	6.900000e+02	1.262720e-02
1.700000e+02	7.000000e+02	1.540160e-02
1.700000e+02	7.100000e+02	1.808120e-02
1.700000e+02	7.200000e+02	1.864050e-02
1.700000e+02	7.300000e+02	1.896140e-02
1.700000e+02	7.400000e+02	1.502360e-02
1.700000e+02	7.500000e+02	1.578660e-02
1.700000e+02	7.600000e+02	1.260160e-02
1.700000e+02	7.700000e+02	1.456000e-02
1.700000e+02	7.800000e+02	1.051110e-02
1.700000e+02	7.900000e+02	9.497470e-03
1.700000e+02	8.000000e+02	1.266850e-02
1.800000e+02	2.800000e+02	2.932180e-01
1.800000e+02	2.900000e+02	1.709770e-01
1.800000e+02	3.000000e+02	2.183270e-01
1.800000e+02	3.100000e+02	9.217260e-02
1.800000e+02	3.200000e+02	9.389190e-02
1.800000e+02	3.300000e+02	1.652340e-01
1.800000e+02	3.400000e+02	1.069160e-01
1.800000e+02	3.500000e+02	8.331950e-02
1.800000e+02	3.600000e+02	1.121510e-01
1.800000e+02	3.700000e+02	1.608000e-01
1.800000e+02	3.800000e+02	1.601590e-01
1.800000e+02	3.900000e+02	1.358160e-01
1.800000e+02	4.000000e+02	1.388530e-01
1.800000e+02	4.100000e+02	1.574050e-01
1.800000e+02	4.200000e+02	9.858040e-02
1.800000e+02	4.300000e+02	5.464110e-02
1.800000e+02	4.400000e+02	7.726580e-02
1.800000e+02	4.500000e+02	7.925600e-02
1.800000e+02	4.600000e+02	7.092980e-02
1.800000e+02	4.700000e+02	7.396070e-02
1.800000e+02	4.800000e+02	9.028630e-02
1.800000e+02	4.900000e+02	7.711320e-02
1.800000e+02	5.000000e+02	6.526540e-02
1.800000e+02	5.100000e+02	5.689540e-02
1.800000e+02	5.200000e+02	4.234330e-02
1.800000e+02	5.300000e+02	4.829990e-02
1.800000e+02	5.400000e+02	3.544510e-02
1.800000e+02	5.500000e+02	3.801350e-02
1.800000e+02	5.600000e+02	4.124590e-02
1.800000e+02	5.700000e+02	4.219310e-02
1.800000e+02	5.800000e+02	2.672120e-02
1.800000e+02	5.900000e+02	2.974680e-02
1.800000e+02	6.000000e+02	2.437310e-02
1.800000e+02	6.100000e+02	2.714130e-02
1.800000e+02	6.200000e+02	3.613800e-02
1.800000e+02	6.300000e+02	2.252960e-02
1.800000e+02	6.400000e+02	1.923780e-02
1.800000e+02	6.500000e+02	1.908610e-02
1.800000e+02	6.600000e+02	1.729680e-02
1.800000e+02	6.700000e+02	2.431590e-02
1.800000e+02	6.800000e+02	1.632150e-02
1.800000e+02	6.900000e+02	1.321310e-02
1.800000e+02	7.000000e+02	1.246650e-02
1.800000e+02	7.100000e+02	1.033000e-02
1.800000e+02	7.200000e+02	1.194810e-02
1.800000e+02	7.300000e+02	1.109750e-02
1.800000e+02	7.400000e+02	1.045070e-02
1.800000e+02	7.500000e+02	8.260890e-03
1.800000e+02	7.600000e+02	9.981130e-03
1.800000e+02	7.700000e+02	1.119770e-02
1.800000e+02	7.800000e+02	1.048080e-02
1.800000e+02	7.900000e+02	1.343310e-02
1.800000e+02	8.000000e+02	1.197270e-02
1.900000e+02	2.900000e+02	2.199110e-01
1.900000e+02	3.000000e+02	1.615540e-01
1.900000e+02	3.100000e+02	2.252190e-01
1.900000e+02	3.200000e+02	9.931060e-02
1.900000e+02	3.300000e+02	7.516680e-02
1.900000e+02	3.400000e+02	1.588390e-01
1.900000e+02	3.500000e+02	8.793460e-02
1.900000e+02	3.600000e+02	8.531480e-02
1.900000e+02	3.700000e+02	9.619680e-02
1.900000e+02	3.800000e+02	1.119700e-01
1.900000e+02	3.900000e+02	1.537390e-01
1.900000e+02	4.000000e+02	1.568400e-01
1.900000e+02	4.100000e+02	1.740370e-01
1.900000e+02	4.200000e+02	1.767520e-01
1.900000e+02	4.300000e+02	1.255830e-01
1.900000e+02	4.400000e+02	7.956430e-02
1.900000e+02	4.500000e+02	6.362850e-02
1.900000e+02	4.600000e+02	6.061390e-02
1.900000e+02	4.700000e+02	5.550470e-02
1.900000e+02	4.800000e+02	5.024340e-02
1.900000e+02	4.900000e+02	6.132070e-02
1.900000e+02	5.000000e+02	7.508280e-02
1.900000e+02	5.100000e+02	5.680410e-02
1.900000e+02	5.200000e+02	4.328810e-02
1.900000e+02	5.300000e+02	4.563470e-02
1.900000e+02	5.400000e+02	3.452340e-02
1.900000e+02	5.500000e+02	3.325010e-02
1.900000e+02	5.600000e+02	2.282550e-02
1.900000e+02	5.700000e+02	3.294910e-02
1.900000e+02	5.800000e+02	3.262320e-02
1.900000e+02	5.900000e+02	2.940570e-02
1.900000e+02	6.000000e+02	2.627420e-02
1.900000e+02	6.100000e+02	1.804070e-02
1.900000e+02	6.200000e+02	1.963890e-02
1.900000e+02	6.300000e+02	2.645130e-02
1.900000e+02	6.400000e+02	2.784200e-02
1.900000e+02	6.500000e+02	1.891230e-02
1.900000e+02	6.600000e+02	1.896810e-02
1.900000e+02	6.700000e+02	1.464880e-02
1.900000e+02	6.800000e+02	1.193740e-02
1.900000e+02	6.900000e+02	1.606820e-02
1.900000e+02	7.000000e+02	1.077710e-02
1.900000e+02	7.100000e+02	1.054940e-02
1.900000e+02	7.200000e+02	9.129900e-03
1.900000e+02	7.300000e+02	8.949360e-03
1.900000e+02	7.400000e+02	1.287440e-02
1.900000e+02	7.500000e+02	1.063290e-02
1.900000e+02	7.600000e+02	1.006750e-02
1.900000e+02	7.700000e+02	7.717070e-03
1.900000e+02	7.800000e+02	8.994150e-03
1.900000e+02	7.900000e+02	8.652500e-03
1.900000e+02	8.000000e+02	8.055360e-03
2.000000e+02	3.000000e+02	1.689190e-01
2.000000e+02	3.100000e+02	1.379430e-01
2.000000e+02	3.200000e+02	1.933690e-01
2.000000e+02	3.300000e+02	8.184990e-02
2.000000e+02	3.400000e+02	7.275730e-02
2.000000e+02	3.500000e+02	1.669840e-01
2.000000e+02	3.600000e+02	8.943070e-02
2.000000e+02	3.700000e+02	8.074290e-02
2.000000e+02	3.800000e+02	9.332080e-02
2.000000e+02	3.900000e+02	1.071630e-01
2.000000e+02	4.000000e+02	1.257100e-01
2.000000e+02	4.100000e+02	1.137850e-01
2.000000e+02	4.200000e+02	1.484540e-01
2.000000e+02	4.300000e+02	1.621920e-01
2.000000e+02	4.400000e+02	1.333580e-01
2.000000e+02	4.500000e+02	8.625000e-02
2.000000e+02	4.600000e+02	6.255720e-02
2.000000e+02	4.700000e+02	5.847140e-02
2.000000e+02	4.800000e+02	5.369860e-02
2.000000e+02	4.900000e+02	4.278420e-02
2.000000e+02	5.000000e+02	4.186660e-02
2.000000e+02	5.100000e+02	5.450820e-02
2.000000e+02	5.200000e+02	4.934930e-02
2.000000e+02	5.300000e+02	3.439180e-02
2.000000e+02	5.400000e+02	4.044590e-02
2.000000e+02	5.500000e+02	3.716310e-02
2.000000e+02	5.600000e+02	3.876670e-02
2.000000e+02	5.700000e+02	3.117090e-02
2.000000e+02	5.800000e+02	3.437550e-02
2.000000e+02	5.900000e+02	5.444940e-02
2.000000e+02	6.000000e+02	4.306050e-02
2.000000e+02	6.100000e+02	3.711280e-02
2.000000e+02	6.200000e+02	2.610850e-02
2.000000e+02	6.300000e+02	1.395770e-02
2.000000e+02	6.400000e+02	2.084610e-02
2.000000e+02	6.500000e+02	2.151610e-02
2.000000e+02	6.600000e+02	2.065250e-02
2.000000e+02	6.700000e+02	1.567700e-02
2.000000e+02	6.800000e+02	1.536440e-02
2.000000e+02	6.900000e+02	1.335150e-02
2.000000e+02	7.000000e+02	1.187440e-02
2.000000e+02	7.100000e+02	1.287260e-02
2.000000e+02	7.200000e+02	8.640090e-03
2.000000e+02	7.300000e+02	9.787940e-03
2.000000e+02	7.400000e+02	9.237710e-03
2.000000e+02	7.500000e+02	9.329500e-03
2.000000e+02	7.600000e+02	1.303890e-02
2.000000e+02	7.700000e+02	1.041150e-02
2.000000e+02	7.800000e+02	9.817660e-03
2.000000e+02	7.900000e+02	7.887160e-03
2.000000e+02	8.000000e+02	7.373100e-03
2.100000e+02	3.100000e+02	1.099630e-01
2.100000e+02	3.200000e+02	1.580270e-01
2.100000e+02	3.300000e+02	2.312760e-01
2.100000e+02	3.400000e+02	9.847030e-02
2.100000e+02	3.500000e+02	7.124750e-02
2.100000e+02	3.600000e+02	1.028480e-01
2.100000e+02	3.700000e+02	8.165920e-02
2.100000e+02	3.800000e+02	6.807870e-02
2.100000e+02	3.900000e+02	7.362690e-02
2.100000e+02	4.000000e+02	1.079320e-01
2.100000e+02	4.100000e+02	1.039530e-01
2.100000e+02	4.200000e+02	1.132690e-01
2.100000e+02	4.300000e+02	1.490130e-01
2.100000e+02	4.400000e+02	1.625930e-01
2.100000e+02	4.500000e+02	1.446080e-01
2.100000e+02	4.600000e+02	1.049250e-01
2.100000e+02	4.700000e+02	5.328730e-02
2.100000e+02	4.800000e+02	4.003610e-02
2.100000e+02	4.900000e+02	3.747130e-02
2.100000e+02	5.000000e+02	3.993670e-02
2.100000e+02	5.100000e+02	4.040820e-02
2.100000e+02	5.200000e+02	4.918450e-02
2.100000e+02	5.300000e+02	6.236930e-02
2.100000e+02	5.400000e+02	4.557200e-02
2.100000e+02	5.500000e+02	3.681910e-02
2.100000e+02	5.600000e+02	4.515650e-02
2.100000e+02	5.700000e+02	3.589510e-02
2.100000e+02	5.800000e+02	4.108560e-02
2.100000e+02	5.900000e+02	3.095330e-02
2.100000e+02	6.000000e+02	4.543050e-02
2.100000e+02	6.100000e+02	5.187290e-02
2.100000e+02	6.200000e+02	3.625140e-02
2.100000e+02	6.300000e+02	1.977780e-02
2.100000e+02	6.400000e+02	1.651230e-02
2.100000e+02	6.500000e+02	1.600010e-02
2.100000e+02	6.600000e+02	2.434730e-02
2.100000e+02	6.700000e+02	2.944870e-02
2.100000e+02	6.800000e+02	2.363990e-02
2.100000e+02	6.900000e+02	1.548890e-02
2.100000e+02	7.000000e+02	1.717690e-02
2.100000e+02	7.100000e+02	1.339520e-02
2.100000e+02	7.200000e+02	1.254330e-02
2.100000e+02	7.300000e+02	1.353850e-02
2.100000e+02	7.400000e+02	8.990980e-03
2.100000e+02	7.500000e+02	1.045690e-02
2.100000e+02	7.600000e+02	1.099980e-02
2.100000e+02	7.700000e+02	1.068460e-02
2.100000e+02	7.800000e+02	1.407060e-02
2.100000e+02	7.900000e+02	1.304400e-02
2.100000e+02	8.000000e+02	1.024520e-02
2.200000e+02	3.200000e+02	9.739060e-02
2.200000e+02	3.300000e+02	1.560930e-01
2.200000e+02	3.400000e+02	1.705660e-01
2.200000e+02	3.500000e+02	1.226640e-01
2.200000e+02	3.600000e+02	9.454910e-02
2.200000e+02	3.700000e+02	1.099890e-01
2.200000e+02	3.800000e+02	6.564730e-02
2.200000e+02	3.900000e+02	5.640400e-02
2.200000e+02	4.000000e+02	4.913940e-02
2.200000e+02	4.100000e+02	9.508700e-02
2.200000e+02	4.200000e+02	1.123290e-01
2.200000e+02	4.300000e+02	1.086700e-01
2.200000e+02	4.400000e+02	1.120210e-01
2.200000e+02	4.500000e+02	1.127050e-01
2.200000e+02	4.600000e+02	1.088150e-01
2.200000e+02	4.700000e+02	7.002560e-02
2.200000e+02	4.800000e+02	4.506270e-02
2.200000e+02	4.900000e+02	4.401730e-02
2.200000e+02	5.000000e+02	3.528350e-02
2.200000e+02	5.100000e+02	4.475920e-02
2.200000e+02	5.200000e+02	3.528840e-02
2.200000e+02	5.300000e+02	4.285840e-02
2.200000e+02	5.400000e+02	5.169830e-02
2.200000e+02	5.500000e+02	4.236190e-02
2.200000e+02	5.600000e+02	3.246760e-02
2.200000e+02	5.700000e+02	4.536710e-02
2.200000e+02	5.800000e+02	4.506530e-02
2.200000e+02	5.900000e+02	4.898100e-02
2.200000e+02	6.000000e+02	3.103940e-02
2.200000e+02	6.100000e+02	4.914610e-02
2.200000e+02	6.200000e+02	5.888700e-02
2.200000e+02	6.300000e+02	5.182660e-02
2.200000e+02	6.400000e+02	3.518160e-02
2.200000e+02	6.500000e+02	2.329760e-02
2.200000e+02	6.600000e+02	1.430070e-02
2.200000e+02	6.700000e+02	2.694140e-02
2.200000e+02	6.800000e+02	2.575970e-02
2.200000e+02	6.900000e+02	2.804650e-02
2.200000e+02	7.000000e+02	2.337610e-02
2.200000e+02	7.100000e+02	1.948110e-02
2.200000e+02	7.200000e+02	1.803310e-02
2.200000e+02	7.300000e+02	1.307170e-02
2.200000e+02	7.400000e+02	1.180120e-02
2.200000e+02	7.500000e+02	9.529470e-03
2.200000e+02	7.600000e+02	6.769950e-03
2.200000e+02	7.700000e+02	9.193580e-03
2.200000e+02	7.800000e+02	9.332860e-03
2.200000e+02	7.900000e+02	9.880700e-03
2.200000e+02	8.000000e+02	1.335740e-02
2.300000e+02	3.300000e+02	8.153830e-02
2.300000e+02	3.400000e+02	1.509320e-01
2.300000e+02	3.500000e+02	1.579910e-01
2.300000e+02	3.600000e+02	1.473070e-01
2.300000e+02	3.700000e+02	9.511940e-02
2.300000e+02	3.800000e+02	1.022210e-01
2.300000e+02	3.900000e+02	5.092670e-02
2.300000e+02	4.000000e+02	5.530070e-02
2.300000e+02	4.100000e+02	5.190260e-02
2.300000e+02	4.200000e+02	6.622010e-02
2.300000e+02	4.300000e+02	9.097450e-02
2.300000e+02	4.400000e+02	1.048660e-01
2.300000e+02	4.500000e+02	1.124680e-01
2.300000e+02	4.600000e+02	1.082720e-01
2.300000e+02	4.700000e+02	1.123680e-01
2.300000e+02	4.800000e+02	7.126140e-02
2.300000e+02	4.900000e+02	4.182730e-02
2.300000e+02	5.000000e+02	3.661330e-02
2.300000e+02	5.100000e+02	4.660200e-02
2.300000e+02	5.200000e+02	5.663920e-02
2.300000e+02	5.300000e+02	5.589410e-02
2.300000e+02	5.400000e+02	5.410590e-02
2.300000e+02	5.500000e+02	5.016150e-02
2.300000e+02	5.600000e+02	3.753050e-02
2.300000e+02	5.700000e+02	3.469480e-02
2.300000e+02	5.800000e+02	4.514990e-02
2.300000e+02	5.900000e+02	4.464270e-02
2.300000e+02	6.000000e+02	3.776620e-02
2.300000e+02	6.100000e+02	4.347560e-02
2.300000e+02	6.200000e+02	2.981580e-02
2.300000e+02	6.300000e+02	4.819800e-02
2.300000e+02	6.400000e+02	4.991570e-02
2.300000e+02	6.500000e+02	3.568940e-02
2.300000e+02	6.600000e+02	2.875550e-02
2.300000e+02	6.700000e+02	1.786100e-02
2.300000e+02	6.800000e+02	1.281290e-02
2.300000e+02	6.900000e+02	2.094830e-02
2.300000e+02	7.000000e+02	1.741770e-02
2.300000e+02	7.100000e+02	1.986640e-02
2.300000e+02	7.200000e+02	1.823060e-02
2.300000e+02	7.300000e+02	1.512000e-02
2.300000e+02	7.400000e+02	1.559070e-02
2.300000e+02	7.500000e+02	1.102920e-02
2.300000e+02	7.600000e+02	9.349800e-03
2.300000e+02	7.700000e+02	6.985570e-03
2.300000e+02	7.800000e+02	6.205040e-03
2.300000e+02	7.900000e+02	1.008670e-02
2.300000e+02	8.000000e+02	1.119620e-02
2.400000e+02	3.400000e+02	8.423730e-02
2.400000e+02	3.500000e+02	1.181500e-01
2.400000e+02	3.600000e+02	1.248350e-01
2.400000e+02	3.700000e+02	1.255430e-01
2.400000e+02	3.800000e+02	7.614000e-02
2.400000e+02	3.900000e+02	8.883360e-02
2.400000e+02	4.000000e+02	5.365770e-02
2.400000e+02	4.100000e+02	6.688700e-02
2.400000e+02	4.200000e+02	8.768250e-02
2.400000e+02	4.300000e+02	9.091800e-02
2.400000e+02	4.400000e+02	5.182700e-02
2.400000e+02	4.500000e+02	5.766170e-02
2.400000e+02	4.600000e+02	7.375160e-02
2.400000e+02	4.700000e+02	6.731440e-02
2.400000e+02	4.800000e+02	8.862340e-02
2.400000e+02	4.900000e+02	6.052700e-02
2.400000e+02	5.000000e+02	4.906090e-02
2.400000e+02	5.100000e+02	4.398910e-02
2.400000e+02	5.200000e+02	4.994670e-02
2.400000e+02	5.300000e+02	5.362780e-02
2.400000e+02	5.400000e+02	6.683300e-02
2.400000e+02	5.500000e+02	5.659280e-02
2.400000e+02	5.600000e+02	5.078010e-02
2.400000e+02	5.700000e+02	3.801660e-02
2.400000e+02	5.800000e+02	2.940240e-02
2.400000e+02	5.900000e+02	2.953150e-02
2.400000e+02	6.000000e+02	5.009110e-02
2.400000e+02	6.100000e+02	4.137330e-02
2.400000e+02	6.200000e+02	4.283800e-02
2.400000e+02	6.300000e+02	2.795120e-02
2.400000e+02	6.400000e+02	3.254990e-02
2.400000e+02	6.500000e+02	4.831760e-02
2.400000e+02	6.600000e+02	3.994070e-02
2.400000e+02	6.700000e+02	3.258910e-02
2.400000e+02	6.800000e+02	2.045310e-02
2.400000e+02	6.900000e+02	1.254780e-02
2.400000e+02	7.000000e+02	1.734090e-02
2.400000e+02	7.100000e+02	1.597070e-02
2.400000e+02	7.200000e+02	1.653860e-02
2.400000e+02	7.300000e+02	1.990730e-02
2.400000e+02	7.400000e+02	1.436250e-02
2.400000e+02	7.500000e+02	1.444360e-02
2.400000e+02	7.600000e+02	1.575650e-02
2.400000e+02	7.700000e+02	9.243180e-03
2.400000e+02	7.800000e+02	8.365610e-03
2.400000e+02	7.900000e+02	7.440890e-03
2.400000e+02	8.000000e+02	7.468430e-03
2.500000e+02	3.500000e+02	8.040520e-02
2.500000e+02	3.600000e+02	1.301650e-01
2.500000e+02	3.700000e+02	1.292630e-01
2.500000e+02	3.800000e+02	1.323010e-01
2.500000e+02	3.900000e+02	8.487520e-02
2.500000e+02	4.000000e+02	8.733560e-02
2.500000e+02	4.100000e+02	6.118260e-02
2.500000e+02	4.200000e+02	5.510430e-02
2.500000e+02	4.300000e+02	6.742010e-02
2.500000e+02	4.400000e+02	5.610730e-02
2.500000e+02	4.500000e+02	6.072750e-02
2.500000e+02	4.600000e+02	6.001270e-02
2.500000e+02	4.700000e+02	5.881980e-02
2.500000e+02	4.800000e+02	6.161280e-02
2.500000e+02	4.900000e+02	9.174150e-02
2.500000e+02	5.000000e+02	7.476500e-02
2.500000e+02	5.100000e+02	6.568140e-02
2.500000e+02	5.200000e+02	5.485430e-02
2.500000e+02	5.300000e+02	5.713680e-02
2.500000e+02	5.400000e+02	4.757720e-02
2.500000e+02	5.500000e+02	7.105510e-02
2.500000e+02	5.600000e+02	5.687980e-02
2.500000e+02	5.700000e+02	5.023400e-02
2.500000e+02	5.800000e+02	2.958720e-02
2.500000e+02	5.900000e+02	2.350140e-02
2.500000e+02	6.000000e+02	2.082560e-02
2.500000e+02	6.100000e+02	2.709830e-02
2.500000e+02	6.200000e+02	2.884680e-02
2.500000e+02	6.300000e+02	2.446590e-02
2.500000e+02	6.400000e+02	2.467370e-02
2.500000e+02	6.500000e+02	2.402810e-02
2.500000e+02	6.600000e+02	4.193860e-02
2.500000e+02	6.700000e+02	4.117690e-02
2.500000e+02	6.800000e+02	3.347010e-02
2.500000e+02	6.900000e+02	3.509230e-02
2.500000e+02	7.000000e+02	1.709810e-02
2.500000e+02	7.100000e+02	1.224380e-02
2.500000e+02	7.200000e+02	1.848000e-02
2.500000e+02	7.300000e+02	1.388780e-02
2.500000e+02	7.400000e+02	1.565240e-02
2.500000e+02	7.500000e+02	1.918260e-02
2.500000e+02	7.600000e+02	1.745490e-02
2.500000e+02	7.700000e+02	1.860600e-02
2.500000e+02	7.800000e+02	1.495510e-02
2.500000e+02	7.900000e+02	1.109230e-02
2.500000e+02	8.000000e+02	9.205720e-03
2.600000e+02	3.600000e+02	8.050110e-02
2.600000e+02	3.700000e+02	1.065330e-01
2.600000e+02	3.800000e+02	1.070510e-01
2.600000e+02	3.900000e+02	9.233630e-02
2.600000e+02	4.000000e+02	9.928790e-02
2.600000e+02	4.100000e+02	1.097260e-01
2.600000e+02	4.200000e+02	6.925970e-02
2.600000e+02	4.300000e+02	5.057870e-02
2.600000e+02	4.400000e+02	6.807050e-02
2.600000e+02	4.500000e+02	5.447350e-02
2.600000e+02	4.600000e+02	4.103440e-02
2.600000e+02	4.700000e+02	4.379610e-02
2.600000e+02	4.800000e+02	5.945690e-02
2.600000e+02	4.900000e+02	5.350030e-02
2.600000e+02	5.000000e+02	5.411510e-02
2.600000e+02	5.100000e+02	5.157290e-02
2.600000e+02	5.200000e+02	4.367730e-02
2.600000e+02	5.300000e+02	3.811480e-02
2.600000e+02	5.400000e+02	4.247960e-02
2.600000e+02	5.500000e+02	5.570500e-02
2.600000e+02	5.600000e+02	7.323360e-02
2.600000e+02	5.700000e+02	6.486320e-02
2.600000e+02	5.800000e+02	6.123580e-02
2.600000e+02	5.900000e+02	4.344240e-02
2.600000e+02	6.000000e+02	2.836160e-02
2.600000e+02	6.100000e+02	2.527210e-02
2.600000e+02	6.200000e+02	2.369390e-02
2.600000e+02	6.300000e+02	2.416260e-02
2.600000e+02	6.400000e+02	2.373790e-02
2.600000e+02	6.500000e+02	2.871180e-02
2.600000e+02	6.600000e+02	2.370130e-02
2.600000e+02	6.700000e+02	2.987700e-02
2.600000e+02	6.800000e+02	4.163770e-02
2.600000e+02	6.900000e+02	4.129650e-02
2.600000e+02	7.000000e+02	2.722610e-02
2.600000e+02	7.100000e+02	2.133280e-02
2.600000e+02	7.200000e+02	1.473080e-02
2.600000e+02	7.300000e+02	1.162710e-02
2.600000e+02	7.400000e+02	1.244400e-02
2.600000e+02	7.500000e+02	1.269050e-02
2.600000e+02	7.600000e+02	1.303360e-02
2.600000e+02	7.700000e+02	2.160230e-02
2.600000e+02	7.800000e+02	1.840700e-02
2.600000e+02	7.900000e+02	1.795810e-02
2.600000e+02	8.000000e+02	1.667390e-02
2.700000e+02	3.700000e+02	1.127900e-01
2.700000e+02	3.800000e+02	8.672690e-02
2.700000e+02	3.900000e+02	7.799250e-02
2.700000e+02	4.000000e+02	6.875210e-02
2.700000e+02	4.100000e+02	8.220480e-02
2.700000e+02	4.200000e+02	9.878800e-02
2.700000e+02	4.300000e+02	8.142490e-02
2.700000e+02	4.400000e+02	6.067690e-02
2.700000e+02	4.500000e+02	6.428950e-02
2.700000e+02	4.600000e+02	6.315570e-02
2.700000e+02	4.700000e+02	3.885420e-02
2.700000e+02	4.800000e+02	3.746970e-02
2.700000e+02	4.900000e+02	5.004250e-02
2.700000e+02	5.000000e+02	4.080210e-02
2.700000e+02	5.100000e+02	4.017040e-02
2.700000e+02	5.200000e+02	4.110040e-02
2.700000e+02	5.300000e+02	3.274390e-02
2.700000e+02	5.400000e+02	3.159570e-02
2.700000e+02	5.500000e+02	3.321010e-02
2.700000e+02	5.600000e+02	5.140230e-02
2.700000e+02	5.700000e+02	5.860000e-02
2.700000e+02	5.800000e+02	7.916150e-02
2.700000e+02	5.900000e+02	7.047110e-02
2.700000e+02	6.000000e+02	5.903280e-02
2.700000e+02	6.100000e+02	3.805370e-02
2.700000e+02	6.200000e+02	2.793660e-02
2.700000e+02	6.300000e+02	2.664880e-02
2.700000e+02	6.400000e+02	2.157340e-02
2.700000e+02	6.500000e+02	2.002770e-02
2.700000e+02	6.600000e+02	1.767440e-02
2.700000e+02	6.700000e+02	2.132680e-02
2.700000e+02	6.800000e+02	2.515000e-02
2.700000e+02	6.900000e+02	3.475290e-02
2.700000e+02	7.000000e+02	3.311590e-02
2.700000e+02	7.100000e+02	2.769260e-02
2.700000e+02	7.200000e+02	3.131840e-02
2.700000e+02	7.300000e+02	1.471680e-02
2.700000e+02	7.400000e+02	1.321980e-02
2.700000e+02	7.500000e+02	1.503530e-02
2.700000e+02	7.600000e+02	1.307210e-02
2.700000e+02	7.700000e+02	1.690820e-02
2.700000e+02	7.800000e+02	2.095190e-02
2.700000e+02	7.900000e+02	2.446070e-02
2.700000e+02	8.000000e+02	2.447930e-02
2.800000e+02	3.800000e+02	1.099060e-01
2.800000e+02	3.900000e+02	1.210860e-01
2.800000e+02	4.000000e+02	8.182790e-02
2.800000e+02	4.100000e+02	6.873690e-02
2.800000e+02	4.200000e+02	7.133660e-02
2.800000e+02	4.300000e+02	7.131710e-02
2.800000e+02	4.400000e+02	5.120800e-02
2.800000e+02	4.500000e+02	4.855280e-02
2.800000e+02	4.600000e+02	6.019820e-02
2.800000e+02	4.700000e+02	4.930860e-02
2.800000e+02	4.800000e+02	3.608500e-02
2.800000e+02	4.900000e+02	4.437210e-02
2.800000e+02	5.000000e+02	6.595280e-02
2.800000e+02	5.100000e+02	6.527300e-02
2.800000e+02	5.200000e+02	5.530690e-02
2.800000e+02	5.300000e+02	6.026790e-02
2.800000e+02	5.400000e+02	3.896750e-02
2.800000e+02	5.500000e+02	3.853850e-02
2.800000e+02	5.600000e+02	3.188050e-02
2.800000e+02	5.700000e+02	4.648410e-02
2.800000e+02	5.800000e+02	5.982940e-02
2.800000e+02	5.900000e+02	7.295830e-02
2.800000e+02	6.000000e+02	6.989120e-02
2.800000e+02	6.100000e+02	4.034560e-02
2.800000e+02	6.200000e+02	4.042070e-02
2.800000e+02	6.300000e+02	2.913740e-02
2.800000e+02	6.400000e+02	3.097860e-02
2.800000e+02	6.500000e+02	2.077880e-02
2.800000e+02	6.600000e+02	1.841280e-02
2.800000e+02	6.700000e+02	1.725760e-02
2.800000e+02	6.800000e+02	2.461270e-02
2.800000e+02	6.900000e+02	2.587030e-02
2.800000e+02	7.000000e+02	2.629090e-02
2.800000e+02	7.100000e+02	2.186600e-02
2.800000e+02	7.200000e+02	2.789870e-02
2.800000e+02	7.300000e+02	2.101250e-02
2.800000e+02	7.400000e+02	1.567630e-02
2.800000e+02	7.500000e+02	1.480220e-02
2.800000e+02	7.600000e+02	1.370720e-02
2.800000e+02	7.700000e+02	1.375380e-02
2.800000e+02	7.800000e+02	1.693670e-02
2.800000e+02	7.900000e+02	1.615150e-02
2.800000e+02	8.000000e+02	1.549750e-02
2.900000e+02	3.900000e+02	1.041570e-01
2.900000e+02	4.000000e+02	1.032200e-01
2.900000e+02	4.100000e+02	6.451900e-02
2.900000e+02	4.200000e+02	7.678440e-02
2.900000e+02	4.300000e+02	7.536630e-02
2.900000e+02	4.400000e+02	6.313560e-02
2.900000e+02	4.500000e+02	5.115060e-02
2.900000e+02	4.600000e+02	4.983920e-02
2.900000e+02	4.700000e+02	5.507680e-02
2.900000e+02	4.800000e+02	5.200450e-02
2.900000e+02	4.900000e+02	3.401990e-02
2.900000e+02	5.000000e+02	5.002590e-02
2.900000e+02	5.100000e+02	8.128010e-02
2.900000e+02	5.200000e+02	7.637810e-02
2.900000e+02	5.300000e+02	4.831810e-02
2.900000e+02	5.400000e+02	5.418880e-02
2.900000e+02	5.500000e+02	3.293980e-02
2.900000e+02	5.600000e+02	2.935020e-02
2.900000e+02	5.700000e+02	3.512740e-02
2.900000e+02	5.800000e+02	5.457260e-02
2.900000e+02	5.900000e+02	5.466860e-02
2.900000e+02	6.000000e+02	7.894430e-02
2.900000e+02	6.100000e+02	7.602430e-02
2.900000e+02	6.200000e+02	6.291490e-02
2.900000e+02	6.300000e+02	5.267080e-02
2.900000e+02	6.400000e+02	3.607540e-02
2.900000e+02	6.500000e+02	2.641280e-02
2.900000e+02	6.600000e+02	1.841280e-02
2.900000e+02	6.700000e+02	1.565710e-02
2.900000e+02	6.800000e+02	2.278540e-02
2.900000e+02	6.900000e+02	2.776030e-02
2.900000e+02	7.000000e+02	2.248870e-02
2.900000e+02	7.100000e+02	1.906080e-02
2.900000e+02	7.200000e+02	1.648000e-02
2.900000e+02	7.300000e+02	1.615320e-02
2.900000e+02	7.400000e+02	1.689080e-02
2.900000e+02	7.500000e+02	2.041800e-02
2.900000e+02	7.600000e+02	1.326850e-02
2.900000e+02	7.700000e+02	1.158590e-02
2.900000e+02	7.800000e+02	1.016360e-02
2.900000e+02	7.900000e+02	9.533550e-03
2.900000e+02	8.000000e+02	9.924510e-03
3.000000e+02	4.000000e+02	9.034000e-02
3.000000e+02	4.100000e+02	1.158390e-01
3.000000e+02	4.200000e+02	7.749870e-02
3.000000e+02	4.300000e+02	8.699860e-02
3.000000e+02	4.400000e+02	5.957760e-02
3.000000e+02	4.500000e+02	4.552700e-02
3.000000e+02	4.600000e+02	4.482770e-02
3.000000e+02	4.700000e+02	4.928060e-02
3.000000e+02	4.800000e+02	5.599030e-02
3.000000e+02	4.900000e+02	6.979410e-02
3.000000e+02	5.000000e+02	5.078280e-02
3.000000e+02	5.100000e+02	6.262020e-02
3.000000e+02	5.200000e+02	7.249900e-02
3.000000e+02	5.300000e+02	6.269000e-02
3.000000e+02	5.400000e+02	4.346910e-02
3.000000e+02	5.500000e+02	4.360140e-02
3.000000e+02	5.600000e+02	2.858050e-02
3.000000e+02	5.700000e+02	2.548160e-02
3.000000e+02	5.800000e+02	3.364980e-02
3.000000e+02	5.900000e+02	4.429360e-02
3.000000e+02	6.000000e+02	4.850230e-02
3.000000e+02	6.100000e+02	6.564700e-02
3.000000e+02	6.200000e+02	6.299200e-02
3.000000e+02	6.300000e+02	5.263420e-02
3.000000e+02	6.400000e+02	4.081850e-02
3.000000e+02	6.500000e+02	2.877890e-02
3.000000e+02	6.600000e+02	2.366070e-02
3.000000e+02	6.700000e+02	2.104570e-02
3.000000e+02	6.800000e+02	1.994330e-02
3.000000e+02	6.900000e+02	1.750660e-02
3.000000e+02	7.000000e+02	1.777970e-02
3.000000e+02	7.100000e+02	2.192500e-02
3.000000e+02	7.200000e+02	1.685040e-02
3.000000e+02	7.300000e+02	1.235520e-02
3.000000e+02	7.400000e+02	1.080000e-02
3.000000e+02	7.500000e+02	2.062650e-02
3.000000e+02	7.600000e+02	1.948480e-02
3.000000e+02	7.700000e+02	1.434270e-02
3.000000e+02	7.800000e+02	1.010680e-02
3.000000e+02	7.900000e+02	8.017640e-03
3.000000e+02	8.000000e+02	7.904990e-03
3.100000e+02	4.100000e+02	1.160280e-01
3.100000e+02	4.200000e+02	1.138010e-01
3.100000e+02	4.300000e+02	7.376200e-02
3.100000e+02	4.400000e+02	8.790630e-02
3.100000e+02	4.500000e+02	5.469310e-02
3.100000e+02	4.600000e+02	3.969290e-02
3.100000e+02	4.700000e+02	4.341660e-02
3.100000e+02	4.800000e+02	4.759580e-02
3.100000e+02	4.900000e+02	6.292990e-02
3.100000e+02	5.000000e+02	7.773970e-02
3.100000e+02	5.100000e+02	6.242780e-02
3.100000e+02	5.200000e+02	5.512980e-02
3.100000e+02	5.300000e+02	5.951170e-02
3.100000e+02	5.400000e+02	4.895160e-02
3.100000e+02	5.500000e+02	4.009510e-02
3.100000e+02	5.600000e+02	4.369110e-02
3.100000e+02	5.700000e+02	3.105630e-02
3.100000e+02	5.800000e+02	2.987500e-02
3.100000e+02	5.900000e+02	2.476560e-02
3.100000e+02	6.000000e+02	3.519970e-02
3.100000e+02	6.100000e+02	3.576060e-02
3.100000e+02	6.200000e+02	5.273920e-02
3.100000e+02	6.300000e+02	5.749270e-02
3.100000e+02	6.400000e+02	4.915700e-02
3.100000e+02	6.500000e+02	3.915770e-02
3.100000e+02	6.600000e+02	2.630100e-02
3.100000e+02	6.700000e+02	2.503440e-02
3.100000e+02	6.800000e+02	2.438160e-02
3.100000e+02	6.900000e+02	1.826400e-02
3.100000e+02	7.000000e+02	1.740530e-02
3.100000e+02	7.100000e+02	1.913420e-02
3.100000e+02	7.200000e+02	2.149810e-02
3.100000e+02	7.300000e+02	1.716130e-02
3.100000e+02	7.400000e+02	1.345080e-02
3.100000e+02	7.500000e+02	1.066260e-02
3.100000e+02	7.600000e+02	1.648920e-02
3.100000e+02	7.700000e+02	1.812340e-02
3.100000e+02	7.800000e+02	1.937900e-02
3.100000e+02	7.900000e+02	1.497880e-02
3.100000e+02	8.000000e+02	1.102220e-02
3.200000e+02	4.200000e+02	1.487490e-01
3.200000e+02	4.300000e+02	1.144240e-01
3.200000e+02	4.400000e+02	8.290580e-02
3.200000e+02	4.500000e+02	7.386290e-02
3.200000e+02	4.600000e+02	5.082160e-02
3.200000e+02	4.700000e+02	5.000590e-02
3.200000e+02	4.800000e+02	4.175140e-02
3.200000e+02	4.900000e+02	5.453080e-02
3.200000e+02	5.000000e+02	7.230630e-02
3.200000e+02	5.100000e+02	8.039620e-02
3.200000e+02	5.200000e+02	5.597370e-02
3.200000e+02	5.300000e+02	4.767330e-02
3.200000e+02	5.400000e+02	5.933520e-02
3.200000e+02	5.500000e+02	4.269150e-02
3.200000e+02	5.600000e+02	3.990740e-02
3.200000e+02	5.700000e+02	3.888940e-02
3.200000e+02	5.800000e+02	3.280000e-02
3.200000e+02	5.900000e+02	2.755300e-02
3.200000e+02	6.000000e+02	2.325110e-02
3.200000e+02	6.100000e+02	2.522660e-02
3.200000e+02	6.200000e+02	2.631000e-02
3.200000e+02	6.300000e+02	3.922400e-02
3.200000e+02	6.400000e+02	4.285590e-02
3.200000e+02	6.500000e+02	4.263830e-02
3.200000e+02	6.600000e+02	3.247180e-02
3.200000e+02	6.700000e+02	3.073880e-02
3.200000e+02	6.800000e+02	2.821950e-02
3.200000e+02	6.900000e+02	2.374190e-02
3.200000e+02	7.000000e+02	1.933460e-02
3.200000e+02	7.100000e+02	1.809240e-02
3.200000e+02	7.200000e+02	1.787120e-02
3.200000e+02	7.300000e+02	1.956810e-02
3.200000e+02	7.400000e+02	1.737600e-02
3.200000e+02	7.500000e+02	1.139560e-02
3.200000e+02	7.600000e+02	9.482290e-03
3.200000e+02	7.700000e+02	1.140550e-02
3.200000e+02	7.800000e+02	1.668620e-02
3.200000e+02	7.900000e+02	1.933630e-02
3.200000e+02	8.000000e+02	1.799780e-02
3.300000e+02	4.300000e+02	1.188910e-01
3.300000e+02	4.400000e+02	1.298390e-01
3.300000e+02	4.500000e+02	7.863510e-02
3.300000e+02	4.600000e+02	6.378910e-02
3.300000e+02	4.700000e+02	5.467580e-02
3.300000e+02	4.800000e+02	3.708570e-02
3.300000e+02	4.900000e+02	4.039930e-02
3.300000e+02	5.000000e+02	5.227590e-02
3.300000e+02	5.100000e+02	4.491250e-02
3.300000e+02	5.200000e+02	4.635200e-02
3.300000e+02	5.300000e+02	5.180280e-02
3.300000e+02	5.400000e+02	4.896250e-02
3.300000e+02	5.500000e+02	5.698710e-02
3.300000e+02	5.600000e+02	4.456850e-02
3.300000e+02	5.700000e+02	4.107140e-02
3.300000e+02	5.800000e+02	3.141360e-02
3.300000e+02	5.900000e+02	3.249250e-02
3.300000e+02	6.000000e+02	2.902240e-02
3.300000e+02	6.100000e+02	2.470620e-02
3.300000e+02	6.200000e+02	2.675980e-02
3.300000e+02	6.300000e+02	3.320710e-02
3.300000e+02	6.400000e+02	3.435230e-02
3.300000e+02	6.500000e+02	4.165960e-02
3.300000e+02	6.600000e+02	4.296430e-02
3.300000e+02	6.700000e+02	3.341190e-02
3.300000e+02	6.800000e+02	3.642310e-02
3.300000e+02	6.900000e+02	3.272330e-02
3.300000e+02	7.000000e+02	3.251270e-02
3.300000e+02	7.100000e+02	2.434530e-02
3.300000e+02	7.200000e+02	2.404430e-02
3.300000e+02	7.300000e+02	1.909730e-02
3.300000e+02	7.400000e+02	1.502360e-02
3.300000e+02	7.500000e+02	1.594370e-02
3.300000e+02	7.600000e+02	1.327240e-02
3.300000e+02	7.700000e+02	9.447690e-03
3.300000e+02	7.800000e+02	9.661360e-03
3.300000e+02	7.900000e+02	1.696680e-02
3.300000e+02	8.000000e+02	1.865940e-02
3.400000e+02	4.400000e+02	1.189910e-01
3.400000e+02	4.500000e+02	1.319980e-01
3.400000e+02	4.600000e+02	6.858130e-02
3.400000e+02	4.700000e+02	6.085360e-02
3.400000e+02	4.800000e+02	4.900070e-02
3.400000e+02	4.900000e+02	3.953040e-02
3.400000e+02	5.000000e+02	4.072070e-02
3.400000e+02	5.100000e+02	4.552180e-02
3.400000e+02	5.200000e+02	3.705500e-02
3.400000e+02	5.300000e+02	4.179670e-02
3.400000e+02	5.400000e+02	5.048690e-02
3.400000e+02	5.500000e+02	5.700950e-02
3.400000e+02	5.600000e+02	4.770930e-02
3.400000e+02	5.700000e+02	4.694920e-02
3.400000e+02	5.800000e+02	4.318300e-02
3.400000e+02	5.900000e+02	3.117440e-02
3.400000e+02	6.000000e+02	2.623050e-02
3.400000e+02	6.100000e+02	2.446710e-02
3.400000e+02	6.200000e+02	1.996960e-02
3.400000e+02	6.300000e+02	2.201980e-02
3.400000e+02	6.400000e+02	2.723080e-02
3.400000e+02	6.500000e+02	3.382740e-02
3.400000e+02	6.600000e+02	3.935520e-02
3.400000e+02	6.700000e+02	3.039110e-02
3.400000e+02	6.800000e+02	2.313440e-02
3.400000e+02	6.900000e+02	2.896250e-02
3.400000e+02	7.000000e+02	2.627290e-02
3.400000e+02	7.100000e+02	3.232460e-02
3.400000e+02	7.200000e+02	2.864170e-02
3.400000e+02	7.300000e+02	2.254580e-02
3.400000e+02	7.400000e+02	2.383710e-02
3.400000e+02	7.500000e+02	2.072340e-02
3.400000e+02	7.600000e+02	1.566210e-02
3.400000e+02	7.700000e+02	1.403220e-02
3.400000e+02	7.800000e+02	9.162980e-03
3.400000e+02	7.900000e+02	8.961890e-03
3.400000e+02	8.000000e+02	1.439670e-02
3.500000e+02	4.500000e+02	1.156860e-01
3.500000e+02	4.600000e+02	9.700490e-02
3.500000e+02	4.700000e+02	5.234500e-02
3.500000e+02	4.800000e+02	5.627300e-02
3.500000e+02	4.900000e+02	4.509730e-02
3.500000e+02	5.000000e+02	2.991270e-02
3.500000e+02	5.100000e+02	3.193850e-02
3.500000e+02	5.200000e+02	4.885260e-02
3.500000e+02	5.300000e+02	3.926480e-02
3.500000e+02	5.400000e+02	4.346540e-02
3.500000e+02	5.500000e+02	6.022200e-02
3.500000e+02	5.600000e+02	6.583240e-02
3.500000e+02	5.700000e+02	5.719460e-02
3.500000e+02	5.800000e+02	4.279500e-02
3.500000e+02	5.900000e+02	3.071020e-02
3.500000e+02	6.000000e+02	2.794230e-02
3.500000e+02	6.100000e+02	2.378250e-02
3.500000e+02	6.200000e+02	2.303840e-02
3.500000e+02	6.300000e+02	2.136780e-02
3.500000e+02	6.400000e+02	2.265120e-02
3.500000e+02	6.500000e+02	2.733360e-02
3.500000e+02	6.600000e+02	3.364470e-02
3.500000e+02	6.700000e+02	3.562650e-02
3.500000e+02	6.800000e+02	3.280130e-02
3.500000e+02	6.900000e+02	2.085460e-02
3.500000e+02	7.000000e+02	2.200000e-02
3.500000e+02	7.100000e+02	2.129130e-02
3.500000e+02	7.200000e+02	2.789860e-02
3.500000e+02	7.300000e+02	2.119110e-02
3.500000e+02	7.400000e+02	1.758950e-02
3.500000e+02	7.500000e+02	1.654040e-02
3.500000e+02	7.600000e+02	1.890580e-02
3.500000e+02	7.700000e+02	1.406430e-02
3.500000e+02	7.800000e+02	1.315410e-02
3.500000e+02	7.900000e+02	1.021240e-02
3.500000e+02	8.000000e+02	1.011310e-02
3.600000e+02	4.600000e+02	8.916240e-02
3.600000e+02	4.700000e+02	9.792000e-02
3.600000e+02	4.800000e+02	4.106970e-02
3.600000e+02	4.900000e+02	5.551340e-02
3.600000e+02	5.000000e+02	5.215110e-02
3.600000e+02	5.100000e+02	2.534180e-02
3.600000e+02	5.200000e+02	2.367190e-02
3.600000e+02	5.300000e+02	2.499560e-02
3.600000e+02	5.400000e+02	2.985260e-02
3.600000e+02	5.500000e+02	3.522540e-02
3.600000e+02	5.600000e+02	5.981980e-02
3.600000e+02	5.700000e+02	7.157770e-02
3.600000e+02	5.800000e+02	6.395660e-02
3.600000e+02	5.900000e+02	4.988850e-02
3.600000e+02	6.000000e+02	3.320680e-02
3.600000e+02	6.100000e+02	2.613060e-02
3.600000e+02	6.200000e+02	2.765280e-02
3.600000e+02	6.300000e+02	2.434870e-02
3.600000e+02	6.400000e+02	2.922200e-02
3.600000e+02	6.500000e+02	3.181760e-02
3.600000e+02	6.600000e+02	3.092260e-02
3.600000e+02	6.700000e+02	2.911370e-02
3.600000e+02	6.800000e+02	2.829530e-02
3.600000e+02	6.900000e+02	2.396020e-02
3.600000e+02	7.000000e+02	1.846630e-02
3.600000e+02	7.100000e+02	2.022140e-02
3.600000e+02	7.200000e+02	2.599750e-02
3.600000e+02	7.300000e+02	2.709380e-02
3.600000e+02	7.400000e+02	2.410280e-02
3.600000e+02	7.500000e+02	2.092350e-02
3.600000e+02	7.600000e+02	1.984490e-02
3.600000e+02	7.700000e+02	2.658260e-02
3.600000e+02	7.800000e+02	1.997970e-02
3.600000e+02	7.900000e+02	1.669050e-02
3.600000e+02	8.000000e+02	1.595650e-02
3.700000e+02	4.700000e+02	6.802540e-02
3.700000e+02	4.800000e+02	9.407800e-02
3.700000e+02	4.900000e+02	6.125250e-02
3.700000e+02	5.000000e+02	6.207010e-02
3.700000e+02	5.100000e+02	6.502640e-02
3.700000e+02	5.200000e+02	3.284990e-02
3.700000e+02	5.300000e+02	2.722080e-02
3.700000e+02	5.400000e+02	2.292320e-02
3.700000e+02	5.500000e+02	2.769690e-02
3.700000e+02	5.600000e+02	3.763960e-02
3.700000e+02	5.700000e+02	6.515150e-02
3.700000e+02	5.800000e+02	7.176190e-02
3.700000e+02	5.900000e+02	6.003560e-02
3.700000e+02	6.000000e+02	4.525160e-02
3.700000e+02	6.100000e+02	3.210650e-02
3.700000e+02	6.200000e+02	2.724220e-02
3.700000e+02	6.300000e+02	2.942000e-02
3.700000e+02	6.400000e+02	2.430190e-02
3.700000e+02	6.500000e+02	2.734080e-02
3.700000e+02	6.600000e+02	2.371080e-02
3.700000e+02	6.700000e+02	2.539480e-02
3.700000e+02	6.800000e+02	2.730280e-02
3.700000e+02	6.900000e+02	2.480930e-02
3.700000e+02	7.000000e+02	2.150240e-02
3.700000e+02	7.100000e+02	1.822100e-02
3.700000e+02	7.200000e+02	1.744410e-02
3.700000e+02	7.300000e+02	2.092370e-02
3.700000e+02	7.400000e+02	2.052850e-02
3.700000e+02	7.500000e+02	1.975990e-02
3.700000e+02	7.600000e+02	1.720460e-02
3.700000e+02	7.700000e+02	2.135480e-02
3.700000e+02	7.800000e+02	2.072710e-02
3.700000e+02	7.900000e+02	1.925010e-02
3.700000e+02	8.000000e+02	1.639680e-02
3.800000e+02	4.800000e+02	7.157910e-02
3.800000e+02	4.900000e+02	6.446130e-02
3.800000e+02	5.000000e+02	5.535860e-02
3.800000e+02	5.100000e+02	5.704030e-02
3.800000e+02	5.200000e+02	6.848720e-02
3.800000e+02	5.300000e+02	3.214710e-02
3.800000e+02	5.400000e+02	2.578830e-02
3.800000e+02	5.500000e+02	2.346110e-02
3.800000e+02	5.600000e+02	2.164260e-02
3.800000e+02	5.700000e+02	3.026130e-02
3.800000e+02	5.800000e+02	5.487180e-02
3.800000e+02	5.900000e+02	5.731050e-02
3.800000e+02	6.000000e+02	6.270740e-02
3.800000e+02	6.100000e+02	4.433750e-02
3.800000e+02	6.200000e+02	2.993640e-02
3.800000e+02	6.300000e+02	2.400850e-02
3.800000e+02	6.400000e+02	2.200310e-02
3.800000e+02	6.500000e+02	2.118930e-02
3.800000e+02	6.600000e+02	2.411800e-02
3.800000e+02	6.700000e+02	2.280490e-02
3.800000e+02	6.800000e+02	2.811110e-02
3.800000e+02	6.900000e+02	3.266280e-02
3.800000e+02	7.000000e+02	3.226240e-02
3.800000e+02	7.100000e+02	2.614740e-02
3.800000e+02	7.200000e+02	2.705270e-02
3.800000e+02	7.300000e+02	2.035730e-02
3.800000e+02	7.400000e+02	3.037230e-02
3.800000e+02	7.500000e+02	2.099240e-02
3.800000e+02	7.600000e+02	2.624140e-02
3.800000e+02	7.700000e+02	2.529940e-02
3.800000e+02	7.800000e+02	2.097800e-02
3.800000e+02	7.900000e+02	1.772030e-02
3.800000e+02	8.000000e+02	1.992410e-02
3.900000e+02	4.900000e+02	7.273240e-02
3.900000e+02	5.000000e+02	6.189880e-02
3.900000e+02	5.100000e+02	5.521180e-02
3.900000e+02	5.200000e+02	4.938420e-02
3.900000e+02	5.300000e+02	5.190940e-02
3.900000e+02	5.400000e+02	3.941840e-02
3.900000e+02	5.500000e+02	3.245030e-02
3.900000e+02	5.600000e+02	2.791900e-02
3.900000e+02	5.700000e+02	2.524820e-02
3.900000e+02	5.800000e+02	3.227530e-02
3.900000e+02	5.900000e+02	4.417670e-02
3.900000e+02	6.000000e+02	4.351130e-02
3.900000e+02	6.100000e+02	4.701040e-02
3.900000e+02	6.200000e+02	3.691150e-02
3.900000e+02	6.300000e+02	2.263350e-02
3.900000e+02	6.400000e+02	2.037000e-02
3.900000e+02	6.500000e+02	2.462160e-02
3.900000e+02	6.600000e+02	2.620540e-02
3.900000e+02	6.700000e+02	2.711570e-02
3.900000e+02	6.800000e+02	2.614300e-02
3.900000e+02	6.900000e+02	3.094570e-02
3.900000e+02	7.000000e+02	3.315490e-02
3.900000e+02	7.100000e+02	3.410140e-02
3.900000e+02	7.200000e+02	2.404380e-02
3.900000e+02	7.300000e+02	2.185540e-02
3.900000e+02	7.400000e+02	1.728990e-02
3.900000e+02	7.500000e+02	2.684020e-02
3.900000e+02	7.600000e+02	2.149880e-02
3.900000e+02	7.700000e+02	2.350740e-02
3.900000e+02	7.800000e+02	2.008100e-02
3.900000e+02	7.900000e+02	1.830410e-02
3.900000e+02	8.000000e+02	1.672910e-02
4.000000e+02	5.000000e+02	7.255290e-02
4.000000e+02	5.100000e+02	5.480360e-02
4.000000e+02	5.200000e+02	5.071810e-02
4.000000e+02	5.300000e+02	4.687650e-02
4.000000e+02	5.400000e+02	5.209000e-02
4.000000e+02	5.500000e+02	3.094740e-02
4.000000e+02	5.600000e+02	2.205440e-02
4.000000e+02	5.700000e+02	2.008090e-02
4.000000e+02	5.800000e+02	2.073190e-02
4.000000e+02	5.900000e+02	3.318650e-02
4.000000e+02	6.000000e+02	4.402700e-02
4.000000e+02	6.100000e+02	3.856470e-02
4.000000e+02	6.200000e+02	4.936920e-02
4.000000e+02	6.300000e+02	4.001630e-02
4.000000e+02	6.400000e+02	2.710410e-02
4.000000e+02	6.500000e+02	2.211920e-02
4.000000e+02	6.600000e+02	2.899310e-02
4.000000e+02	6.700000e+02	3.393740e-02
4.000000e+02	6.800000e+02	3.407880e-02
4.000000e+02	6.900000e+02	3.206360e-02
4.000000e+02	7.000000e+02	3.175430e-02
4.000000e+02	7.100000e+02	2.736070e-02
4.000000e+02	7.200000e+02	3.393910e-02
4.000000e+02	7.300000e+02	2.241000e-02
4.000000e+02	7.400000e+02	2.259570e-02
4.000000e+02	7.500000e+02	1.698720e-02
4.000000e+02	7.600000e+02	2.173380e-02
4.000000e+02	7.700000e+02	2.621820e-02
4.000000e+02	7.800000e+02	2.458070e-02
4.000000e+02	7.900000e+02	2.240040e-02
4.000000e+02	8.000000e+02	1.656310e-02
4.100000e+02	5.100000e+02	6.537800e-02
4.100000e+02	5.200000e+02	4.771470e-02
4.100000e+02	5.300000e+02	4.465930e-02
4.100000e+02	5.400000e+02	4.225980e-02
4.100000e+02	5.500000e+02	4.675640e-02
4.100000e+02	5.600000e+02	2.998600e-02
4.100000e+02	5.700000e+02	2.309680e-02
4.100000e+02	5.800000e+02	2.033610e-02
4.100000e+02	5.900000e+02	1.898340e-02
4.100000e+02	6.000000e+02	3.118990e-02
4.100000e+02	6.100000e+02	3.859600e-02
4.100000e+02	6.200000e+02	3.238180e-02
4.100000e+02	6.300000e+02	3.999090e-02
4.100000e+02	6.400000e+02	2.586320e-02
4.100000e+02	6.500000e+02	2.251090e-02
4.100000e+02	6.600000e+02	1.987500e-02
4.100000e+02	6.700000e+02	2.577490e-02
4.100000e+02	6.800000e+02	3.887880e-02
4.100000e+02	6.900000e+02	4.066590e-02
4.100000e+02	7.000000e+02	3.432380e-02
4.100000e+02	7.100000e+02	3.573730e-02
4.100000e+02	7.200000e+02	3.276030e-02
4.100000e+02	7.300000e+02	3.665170e-02
4.100000e+02	7.400000e+02	3.003830e-02
4.100000e+02	7.500000e+02	2.892050e-02
4.100000e+02	7.600000e+02	2.610410e-02
4.100000e+02	7.700000e+02	2.664870e-02
4.100000e+02	7.800000e+02	2.953560e-02
4.100000e+02	7.900000e+02	2.547360e-02
4.100000e+02	8.000000e+02	2.615460e-02
4.200000e+02	5.200000e+02	5.966250e-02
4.200000e+02	5.300000e+02	3.931160e-02
4.200000e+02	5.400000e+02	4.059380e-02
4.200000e+02	5.500000e+02	5.932890e-02
4.200000e+02	5.600000e+02	5.487320e-02
4.200000e+02	5.700000e+02	2.848190e-02
4.200000e+02	5.800000e+02	2.015230e-02
4.200000e+02	5.900000e+02	1.804910e-02
4.200000e+02	6.000000e+02	1.606410e-02
4.200000e+02	6.100000e+02	3.011990e-02
4.200000e+02	6.200000e+02	2.698220e-02
4.200000e+02	6.300000e+02	3.092070e-02
4.200000e+02	6.400000e+02	3.569020e-02
4.200000e+02	6.500000e+02	2.585720e-02
4.200000e+02	6.600000e+02	1.984490e-02
4.200000e+02	6.700000e+02	1.949710e-02
4.200000e+02	6.800000e+02	2.663590e-02
4.200000e+02	6.900000e+02	3.661910e-02
4.200000e+02	7.000000e+02	3.657900e-02
4.200000e+02	7.100000e+02	3.172720e-02
4.200000e+02	7.200000e+02	3.583330e-02
4.200000e+02	7.300000e+02	3.843550e-02
4.200000e+02	7.400000e+02	4.010630e-02
4.200000e+02	7.500000e+02	2.953990e-02
4.200000e+02	7.600000e+02	2.490430e-02
4.200000e+02	7.700000e+02	2.690230e-02
4.200000e+02	7.800000e+02	2.101360e-02
4.200000e+02	7.900000e+02	2.723300e-02
4.200000e+02	8.000000e+02	1.988880e-02
4.300000e+02	5.300000e+02	6.018870e-02
4.300000e+02	5.400000e+02	3.227130e-02
4.300000e+02	5.500000e+02	3.185430e-02
4.300000e+02	5.600000e+02	4.941200e-02
4.300000e+02	5.700000e+02	4.179800e-02
4.300000e+02	5.800000e+02	2.796510e-02
4.300000e+02	5.900000e+02	2.047650e-02
4.300000e+02	6.000000e+02	2.280180e-02
4.300000e+02	6.100000e+02	2.005550e-02
4.300000e+02	6.200000e+02	3.353770e-02
4.300000e+02	6.300000e+02	3.123840e-02
4.300000e+02	6.400000e+02	2.952710e-02
4.300000e+02	6.500000e+02	3.583320e-02
4.300000e+02	6.600000e+02	2.889890e-02
4.300000e+02	6.700000e+02	2.421140e-02
4.300000e+02	6.800000e+02	2.054880e-02
4.300000e+02	6.900000e+02	2.362430e-02
4.300000e+02	7.000000e+02	3.326040e-02
4.300000e+02	7.100000e+02	3.097270e-02
4.300000e+02	7.200000e+02	3.113850e-02
4.300000e+02	7.300000e+02	3.119220e-02
4.300000e+02	7.400000e+02	3.916330e-02
4.300000e+02	7.500000e+02	3.505080e-02
4.300000e+02	7.600000e+02	3.425260e-02
4.300000e+02	7.700000e+02	2.376060e-02
4.300000e+02	7.800000e+02	2.186090e-02
4.300000e+02	7.900000e+02	1.935300e-02
4.300000e+02	8.000000e+02	2.480680e-02
4.400000e+02	5.400000e+02	6.108890e-02
4.400000e+02	5.500000e+02	3.567490e-02
4.400000e+02	5.600000e+02	3.426740e-02
4.400000e+02	5.700000e+02	5.440410e-02
4.400000e+02	5.800000e+02	5.180640e-02
4.400000e+02	5.900000e+02	3.210330e-02
4.400000e+02	6.000000e+02	2.266140e-02
4.400000e+02	6.100000e+02	2.491260e-02
4.400000e+02	6.200000e+02	1.972170e-02
4.400000e+02	6.300000e+02	3.080220e-02
4.400000e+02	6.400000e+02	3.651460e-02
4.400000e+02	6.500000e+02	3.188910e-02
4.400000e+02	6.600000e+02	3.171310e-02
4.400000e+02	6.700000e+02	2.513900e-02
4.400000e+02	6.800000e+02	1.852850e-02
4.400000e+02	6.900000e+02	1.886680e-02
4.400000e+02	7.000000e+02	1.464320e-02
4.400000e+02	7.100000e+02	2.871310e-02
4.400000e+02	7.200000e+02	3.060260e-02
4.400000e+02	7.300000e+02	3.319400e-02
4.400000e+02	7.400000e+02	2.513440e-02
4.400000e+02	7.500000e+02	3.881740e-02
4.400000e+02	7.600000e+02	2.532440e-02
4.400000e+02	7.700000e+02	3.002250e-02
4.400000e+02	7.800000e+02	1.818660e-02
4.400000e+02	7.900000e+02	2.169240e-02
4.400000e+02	8.000000e+02	1.639150e-02
4.500000e+02	5.500000e+02	5.145360e-02
4.500000e+02	5.600000e+02	3.268900e-02
4.500000e+02	5.700000e+02	3.600690e-02
4.500000e+02	5.800000e+02	5.403790e-02
4.500000e+02	5.900000e+02	4.358370e-02
4.500000e+02	6.000000e+02	3.477610e-02
4.500000e+02	6.100000e+02	2.493080e-02
4.500000e+02	6.200000e+02	2.549760e-02
4.500000e+02	6.300000e+02	1.864990e-02
4.500000e+02	6.400000e+02	2.448090e-02
4.500000e+02	6.500000e+02	2.499470e-02
4.500000e+02	6.600000e+02	2.063830e-02
4.500000e+02	6.700000e+02	2.239200e-02
4.500000e+02	6.800000e+02	2.048260e-02
4.500000e+02	6.900000e+02	1.764950e-02
4.500000e+02	7.000000e+02	1.877670e-02
4.500000e+02	7.100000e+02	1.158790e-02
4.500000e+02	7.200000e+02	2.434760e-02
4.500000e+02	7.300000e+02	3.191510e-02
4.500000e+02	7.400000e+02	3.284460e-02
4.500000e+02	7.500000e+02	2.709840e-02
4.500000e+02	7.600000e+02	3.776790e-02
4.500000e+02	7.700000e+02	2.818150e-02
4.500000e+02	7.800000e+02	2.890260e-02
4.500000e+02	7.900000e+02	1.965560e-02
4.500000e+02	8.000000e+02	2.143650e-02
4.600000e+02	5.600000e+02	4.171730e-02
4.600000e+02	5.700000e+02	2.919270e-02
4.600000e+02	5.800000e+02	2.893290e-02
4.600000e+02	5.900000e+02	4.899920e-02
4.600000e+02	6.000000e+02	3.540380e-02
4.600000e+02	6.100000e+02	3.342260e-02
4.600000e+02	6.200000e+02	2.573440e-02
4.600000e+02	6.300000e+02	2.238750e-02
4.600000e+02	6.400000e+02	1.982030e-02
4.600000e+02	6.500000e+02	2.493690e-02
4.600000e+02	6.600000e+02	2.523780e-02
4.600000e+02	6.700000e+02	2.305140e-02
4.600000e+02	6.800000e+02	2.201580e-02
4.600000e+02	6.900000e+02	2.347340e-02
4.600000e+02	7.000000e+02	1.916020e-02
4.600000e+02	7.100000e+02	2.101530e-02
4.600000e+02	7.200000e+02	1.320240e-02
4.600000e+02	7.300000e+02	2.069470e-02
4.600000e+02	7.400000e+02	2.747560e-02
4.600000e+02	7.500000e+02	2.924040e-02
4.600000e+02	7.600000e+02	2.331610e-02
4.600000e+02	7.700000e+02	2.695320e-02
4.600000e+02	7.800000e+02	2.089710e-02
4.600000e+02	7.900000e+02	2.236120e-02
4.600000e+02	8.000000e+02	1.397430e-02
4.700000e+02	5.700000e+02	5.217500e-02
4.700000e+02	5.800000e+02	3.403040e-02
4.700000e+02	5.900000e+02	3.089190e-02
4.700000e+02	6.000000e+02	3.598600e-02
4.700000e+02	6.100000e+02	3.027340e-02
4.700000e+02	6.200000e+02	2.951650e-02
4.700000e+02	6.300000e+02	3.350150e-02
4.700000e+02	6.400000e+02	2.962270e-02
4.700000e+02	6.500000e+02	1.967240e-02
4.700000e+02	6.600000e+02	2.135340e-02
4.700000e+02	6.700000e+02	2.232710e-02
4.700000e+02	6.800000e+02	1.717230e-02
4.700000e+02	6.900000e+02	1.791640e-02
4.700000e+02	7.000000e+02	1.982400e-02
4.700000e+02	7.100000e+02	1.869540e-02
4.700000e+02	7.200000e+02	2.037910e-02
4.700000e+02	7.300000e+02	1.171800e-02
4.700000e+02	7.400000e+02	1.734060e-02
4.700000e+02	7.500000e+02	2.334880e-02
4.700000e+02	7.600000e+02	2.555030e-02
4.700000e+02	7.700000e+02	1.817280e-02
4.700000e+02	7.800000e+02	2.134950e-02
4.700000e+02	7.900000e+02	2.307440e-02
4.700000e+02	8.000000e+02	2.054470e-02
4.800000e+02	5.800000e+02	4.814810e-02
4.800000e+02	5.900000e+02	2.772540e-02
4.800000e+02	6.000000e+02	3.124640e-02
4.800000e+02	6.100000e+02	3.704560e-02
4.800000e+02	6.200000e+02	2.573150e-02
4.800000e+02	6.300000e+02	3.057300e-02
4.800000e+02	6.400000e+02	4.178070e-02
4.800000e+02	6.500000e+02	2.935530e-02
4.800000e+02	6.600000e+02	2.074570e-02
4.800000e+02	6.700000e+02	2.243510e-02
4.800000e+02	6.800000e+02	2.388110e-02
4.800000e+02	6.900000e+02	1.792540e-02
4.800000e+02	7.000000e+02	1.580520e-02
4.800000e+02	7.100000e+02	1.781410e-02
4.800000e+02	7.200000e+02	1.984070e-02
4.800000e+02	7.300000e+02	1.849460e-02
4.800000e+02	7.400000e+02	1.210530e-02
4.800000e+02	7.500000e+02	1.591260e-02
4.800000e+02	7.600000e+02	2.054190e-02
4.800000e+02	7.700000e+02	2.128660e-02
4.800000e+02	7.800000e+02	1.681030e-02
4.800000e+02	7.900000e+02	1.747100e-02
4.800000e+02	8.000000e+02	2.019770e-02
4.900000e+02	5.900000e+02	3.169620e-02
4.900000e+02	6.000000e+02	2.253710e-02
4.900000e+02	6.100000e+02	2.383220e-02
4.900000e+02	6.200000e+02	3.882800e-02
4.900000e+02	6.300000e+02	2.456130e-02
4.900000e+02	6.400000e+02	3.132830e-02
4.900000e+02	6.500000e+02	4.521500e-02
4.900000e+02	6.600000e+02	3.377550e-02
4.900000e+02	6.700000e+02	2.623480e-02
4.900000e+02	6.800000e+02	2.485690e-02
4.900000e+02	6.900000e+02	2.745310e-02
4.900000e+02	7.000000e+02	1.818830e-02
4.900000e+02	7.100000e+02	1.397350e-02
4.900000e+02	7.200000e+02	1.376050e-02
4.900000e+02	7.300000e+02	1.631120e-02
4.900000e+02	7.400000e+02	1.775450e-02
4.900000e+02	7.500000e+02	1.315460e-02
4.900000e+02	7.600000e+02	1.593220e-02
4.900000e+02	7.700000e+02	2.302930e-02
4.900000e+02	7.800000e+02	2.977930e-02
4.900000e+02	7.900000e+02	2.078920e-02
4.900000e+02	8.000000e+02	1.600780e-02
5.000000e+02	6.000000e+02	3.483420e-02
5.000000e+02	6.100000e+02	1.927220e-02
5.000000e+02	6.200000e+02	2.258870e-02
5.000000e+02	6.300000e+02	3.342110e-02
5.000000e+02	6.400000e+02	2.441660e-02
5.000000e+02	6.500000e+02	4.033310e-02
5.000000e+02	6.600000e+02	4.631840e-02
5.000000e+02	6.700000e+02	3.332640e-02
5.000000e+02	6.800000e+02	2.494850e-02
5.000000e+02	6.900000e+02	2.241460e-02
5.000000e+02	7.000000e+02	2.789430e-02
5.000000e+02	7.100000e+02	2.198590e-02
5.000000e+02	7.200000e+02	1.559060e-02
5.000000e+02	7.300000e+02	1.412060e-02
5.000000e+02	7.400000e+02	1.784540e-02
5.000000e+02	7.500000e+02	1.811440e-02
5.000000e+02	7.600000e+02	1.380340e-02
5.000000e+02	7.700000e+02	1.325350e-02
5.000000e+02	7.800000e+02	1.971630e-02
5.000000e+02	7.900000e+02	2.442220e-02
5.000000e+02	8.000000e+02	1.855380e-02
5.100000e+02	6.100000e+02	2.924810e-02
5.100000e+02	6.200000e+02	1.950130e-02
5.100000e+02	6.300000e+02	1.932620e-02
5.100000e+02	6.400000e+02	3.786980e-02
5.100000e+02	6.500000e+02	2.271540e-02
5.100000e+02	6.600000e+02	2.716700e-02
5.100000e+02	6.700000e+02	3.673450e-02
5.100000e+02	6.800000e+02	3.325540e-02
5.100000e+02	6.900000e+02	2.634010e-02
5.100000e+02	7.000000e+02	2.438530e-02
5.100000e+02	7.100000e+02	3.341150e-02
5.100000e+02	7.200000e+02	2.571310e-02
5.100000e+02	7.300000e+02	1.916930e-02
5.100000e+02	7.400000e+02	1.804890e-02
5.100000e+02	7.500000e+02	1.996240e-02
5.100000e+02	7.600000e+02	1.715420e-02
5.100000e+02	7.700000e+02	1.294250e-02
5.100000e+02	7.800000e+02	1.239040e-02
5.100000e+02	7.900000e+02	1.573060e-02
5.100000e+02	8.000000e+02	2.059810e-02
5.200000e+02	6.200000e+02	2.489950e-02
5.200000e+02	6.300000e+02	1.948800e-02
5.200000e+02	6.400000e+02	1.951250e-02
5.200000e+02	6.500000e+02	3.820410e-02
5.200000e+02	6.600000e+02	2.473870e-02
5.200000e+02	6.700000e+02	2.144590e-02
5.200000e+02	6.800000e+02	3.559780e-02
5.200000e+02	6.900000e+02	3.846870e-02
5.200000e+02	7.000000e+02	2.956200e-02
5.200000e+02	7.100000e+02	2.535580e-02
5.200000e+02	7.200000e+02	2.936760e-02
5.200000e+02	7.300000e+02	2.452300e-02
5.200000e+02	7.400000e+02	2.179560e-02
5.200000e+02	7.500000e+02	1.759090e-02
5.200000e+02	7.600000e+02	1.893390e-02
5.200000e+02	7.700000e+02	1.607470e-02
5.200000e+02	7.800000e+02	1.093870e-02
5.200000e+02	7.900000e+02	1.017540e-02
5.200000e+02	8.000000e+02	1.336040e-02
5.300000e+02	6.300000e+02	2.419340e-02
5.300000e+02	6.400000e+02	1.654250e-02
5.300000e+02	6.500000e+02	1.702700e-02
5.300000e+02	6.600000e+02	3.100210e-02
5.300000e+02	6.700000e+02	2.430280e-02
5.300000e+02	6.800000e+02	2.064730e-02
5.300000e+02	6.900000e+02	3.462870e-02
5.300000e+02	7.000000e+02	3.218350e-02
5.300000e+02	7.100000e+02	2.124060e-02
5.300000e+02	7.200000e+02	1.781970e-02
5.300000e+02	7.300000e+02	2.692770e-02
5.300000e+02	7.400000e+02	2.329390e-02
5.300000e+02	7.500000e+02	2.275600e-02
5.300000e+02	7.600000e+02	2.087170e-02
5.300000e+02	7.700000e+02	2.169330e-02
5.300000e+02	7.800000e+02	1.927080e-02
5.300000e+02	7.900000e+02	1.338380e-02
5.300000e+02	8.000000e+02	1.010420e-02
5.400000e+02	6.400000e+02	2.935570e-02
5.400000e+02	6.500000e+02	1.992820e-02
5.400000e+02	6.600000e+02	1.829100e-02
5.400000e+02	6.700000e+02	3.092470e-02
5.400000e+02	6.800000e+02	2.549000e-02
5.400000e+02	6.900000e+02	2.049350e-02
5.400000e+02	7.000000e+02	3.550400e-02
5.400000e+02	7.100000e+02	3.707610e-02
5.400000e+02	7.200000e+02	2.032280e-02
5.400000e+02	7.300000e+02	1.828140e-02
5.400000e+02	7.400000e+02	2.634930e-02
5.400000e+02	7.500000e+02	2.307160e-02
5.400000e+02	7.600000e+02	2.103660e-02
5.400000e+02	7.700000e+02	1.490040e-02
5.400000e+02	7.800000e+02	1.379390e-02
5.400000e+02	7.900000e+02	1.419360e-02
5.400000e+02	8.000000e+02	1.071520e-02
5.500000e+02	6.500000e+02	3.116770e-02
5.500000e+02	6.600000e+02	2.392210e-02
5.500000e+02	6.700000e+02	1.908670e-02
5.500000e+02	6.800000e+02	2.611500e-02
5.500000e+02	6.900000e+02	2.737130e-02
5.500000e+02	7.000000e+02	2.037550e-02
5.500000e+02	7.100000e+02	3.484110e-02
5.500000e+02	7.200000e+02	3.282790e-02
5.500000e+02	7.300000e+02	1.817370e-02
5.500000e+02	7.400000e+02	1.394460e-02
5.500000e+02	7.500000e+02	1.928730e-02
5.500000e+02	7.600000e+02	1.947310e-02
5.500000e+02	7.700000e+02	1.874940e-02
5.500000e+02	7.800000e+02	1.271650e-02
5.500000e+02	7.900000e+02	1.066340e-02
5.500000e+02	8.000000e+02	1.405440e-02
5.600000e+02	6.600000e+02	3.169740e-02
5.600000e+02	6.700000e+02	1.886850e-02
5.600000e+02	6.800000e+02	1.630830e-02
5.600000e+02	6.900000e+02	1.996020e-02
5.600000e+02	7.000000e+02	2.035470e-02
5.600000e+02	7.100000e+02	2.012630e-02
5.600000e+02	7.200000e+02	3.425360e-02
5.600000e+02	7.300000e+02	3.419910e-02
5.600000e+02	7.400000e+02	1.765130e-02
5.600000e+02	7.500000e+02	1.397100e-02
5.600000e+02	7.600000e+02	2.063390e-02
5.600000e+02	7.700000e+02	2.404880e-02
5.600000e+02	7.800000e+02	2.254670e-02
5.600000e+02	7.900000e+02	1.651610e-02
5.600000e+02	8.000000e+02	1.329160e-02
5.700000e+02	6.700000e+02	2.409540e-02
5.700000e+02	6.800000e+02	2.130220e-02
5.700000e+02	6.900000e+02	1.772010e-02
5.700000e+02	7.000000e+02	2.021550e-02
5.700000e+02	7.100000e+02	2.571580e-02
5.700000e+02	7.200000e+02	2.180610e-02
5.700000e+02	7.300000e+02	3.415980e-02
5.700000e+02	7.400000e+02	2.912000e-02
5.700000e+02	7.500000e+02	1.861630e-02
5.700000e+02	7.600000e+02	1.458440e-02
5.700000e+02	7.700000e+02	2.256400e-02
5.700000e+02	7.800000e+02	2.419130e-02
5.700000e+02	7.900000e+02	2.264870e-02
5.700000e+02	8.000000e+02	1.691520e-02
5.800000e+02	6.800000e+02	2.179310e-02
5.800000e+02	6.900000e+02	2.043860e-02
5.800000e+02	7.000000e+02	1.890060e-02
5.800000e+02	7.100000e+02	1.765740e-02
5.800000e+02	7.200000e+02	1.872220e-02
5.800000e+02	7.300000e+02	1.922690e-02
5.800000e+02	7.400000e+02	3.565060e-02
5.800000e+02	7.500000e+02	2.870730e-02
5.800000e+02	7.600000e+02	1.810820e-02
5.800000e+02	7.700000e+02	1.352830e-02
5.800000e+02	7.800000e+02	2.052670e-02
5.800000e+02	7.900000e+02	1.795310e-02
5.800000e+02	8.000000e+02	2.236570e-02
5.900000e+02	6.900000e+02	2.030870e-02
5.900000e+02	7.000000e+02	2.216160e-02
5.900000e+02	7.100000e+02	1.825920e-02
5.900000e+02	7.200000e+02	1.526310e-02
5.900000e+02	7.300000e+02	1.911820e-02
5.900000e+02	7.400000e+02	2.334840e-02
5.900000e+02	7.500000e+02	4.457520e-02
5.900000e+02	7.600000e+02	3.121930e-02
5.900000e+02	7.700000e+02	1.923150e-02
5.900000e+02	7.800000e+02	1.442230e-02
5.900000e+02	7.900000e+02	1.880740e-02
5.900000e+02	8.000000e+02	1.517410e-02
6.000000e+02	7.000000e+02	1.762300e-02
6.000000e+02	7.100000e+02	1.855050e-02
6.000000e+02	7.200000e+02	1.712760e-02
6.000000e+02	7.300000e+02	1.963990e-02
6.000000e+02	7.400000e+02	2.235050e-02
6.000000e+02	7.500000e+02	2.083740e-02
6.000000e+02	7.600000e+02	4.063970e-02
6.000000e+02	7.700000e+02	2.460550e-02
6.000000e+02	7.800000e+02	1.929710e-02
6.000000e+02	7.900000e+02	1.955230e-02
6.000000e+02	8.000000e+02	2.223940e-02
6.100000e+02	7.100000e+02	1.774430e-02
6.100000e+02	7.200000e+02	2.103590e-02
6.100000e+02	7.300000e+02	1.307250e-02
6.100000e+02	7.400000e+02	1.868120e-02
6.100000e+02	7.500000e+02	2.413100e-02
6.100000e+02	7.600000e+02	1.918850e-02
6.100000e+02	7.700000e+02	2.962880e-02
6.100000e+02	7.800000e+02	2.093690e-02
6.100000e+02	7.900000e+02	1.577010e-02
6.100000e+02	8.000000e+02	1.766980e-02
6.200000e+02	7.200000e+02	2.155480e-02
6.200000e+02	7.300000e+02	2.190930e-02
6.200000e+02	7.400000e+02	1.138720e-02
6.200000e+02	7.500000e+02	1.590420e-02
6.200000e+02	7.600000e+02	2.296800e-02
6.200000e+02	7.700000e+02	2.326000e-02
6.200000e+02	7.800000e+02	3.398420e-02
6.200000e+02	7.900000e+02	2.185430e-02
6.200000e+02	8.000000e+02	1.538780e-02
6.300000e+02	7.300000e+02	2.415260e-02
6.300000e+02	7.400000e+02	2.597160e-02
6.300000e+02	7.500000e+02	1.150630e-02
6.300000e+02	7.600000e+02	1.552090e-02
6.300000e+02	7.700000e+02	2.256690e-02
6.300000e+02	7.800000e+02	2.252930e-02
6.300000e+02	7.900000e+02	2.812590e-02
6.300000e+02	8.000000e+02	1.919610e-02
6.400000e+02	7.400000e+02	2.428270e-02
6.400000e+02	7.500000e+02	2.673650e-02
6.400000e+02	7.600000e+02	1.134500e-02
6.400000e+02	7.700000e+02	1.143710e-02
6.400000e+02	7.800000e+02	1.929550e-02
6.400000e+02	7.900000e+02	1.866570e-02
6.400000e+02	8.000000e+02	2.919820e-02
6.500000e+02	7.500000e+02	1.849750e-02
6.500000e+02	7.600000e+02	2.296340e-02
6.500000e+02	7.700000e+02	1.063390e-02
6.500000e+02	7.800000e+02	1.254250e-02
6.500000e+02	7.900000e+02	2.012870e-02
6.500000e+02	8.000000e+02	1.949780e-02
6.600000e+02	7.600000e+02	1.875510e-02
6.600000e+02	7.700000e+02	2.050060e-02
6.600000e+02	7.800000e+02	1.000740e-02
6.600000e+02	7.900000e+02	1.267460e-02
6.600000e+02	8.000000e+02	1.877000e-02
6.700000e+02	7.700000e+02	2.087150e-02
6.700000e+02	7.800000e+02	1.953160e-02
6.700000e+02	7.900000e+02	9.922750e-03
6.700000e+02	8.000000e+02	1.375240e-02
6.800000e+02	7.800000e+02	1.645980e-02
6.800000e+02	7.900000e+02	1.807500e-02
6.800000e+02	8.000000e+02	1.048050e-02
6.900000e+02	7.900000e+02	2.070420e-02
6.900000e+02	8.000000e+02	1.831100e-02
7.000000e+02	8.000000e+02	1.961010e-02
