######: paper: 201105639
######: table_doi: 10.17182/hepdata.95826.v1/t7
######: name: Cross-section limits gluon-gluon fusion in llbb
######: description: Upper bounds at 95% CL on the production cross-section times the branching ratio B(A->ZH)xB(H->bb) in pb for a narrow width A boson produced via gluon-gluon fusion.
######: For each signal point, characterised by the mass pair (mA, mH), two limits are provided, the observed and the expected.
######: data_file: limits_ggA_narrow_width.yaml
######: keyword reactions: p p --> HIGGS | HIGGS --> Z0 HIGGS | Z0 --> E+ E- | Z0 --> MU+ MU- | HIGGS --> BQ BQBAR
######: keyword observables: cls
######: keyword cmenergies: 13000.0
######: keyword phrases: cross-section limits | Higgs boson production | 2HDM | bb associated production
######: Limit,Observed
######: SQRT(S) [GeV],13000
######: LUMINOSITY [fb$^{-1}$],139
######: mH [GeV],mA [GeV],Upper limit on  sigma(ggA) x B(A->ZH) x B(H->bb)  at 95% CL [pb]
1.300000e+02	2.300000e+02	2.111370e-01
1.300000e+02	2.400000e+02	1.676490e-01
1.300000e+02	2.500000e+02	1.689460e-01
1.300000e+02	2.600000e+02	9.950790e-02
1.300000e+02	2.700000e+02	1.011980e-01
1.300000e+02	2.800000e+02	1.212110e-01
1.300000e+02	2.900000e+02	1.271730e-01
1.300000e+02	3.000000e+02	1.059150e-01
1.300000e+02	3.100000e+02	8.380610e-02
1.300000e+02	3.200000e+02	1.215110e-01
1.300000e+02	3.300000e+02	1.087850e-01
1.300000e+02	3.400000e+02	1.376790e-01
1.300000e+02	3.500000e+02	1.032920e-01
1.300000e+02	3.600000e+02	1.353450e-01
1.300000e+02	3.700000e+02	1.673650e-01
1.300000e+02	3.800000e+02	1.205840e-01
1.300000e+02	3.900000e+02	1.101040e-01
1.300000e+02	4.000000e+02	7.792210e-02
1.300000e+02	4.100000e+02	8.338690e-02
1.300000e+02	4.200000e+02	7.310620e-02
1.300000e+02	4.300000e+02	8.157420e-02
1.300000e+02	4.400000e+02	8.367760e-02
1.300000e+02	4.500000e+02	6.871400e-02
1.300000e+02	4.600000e+02	5.125640e-02
1.300000e+02	4.700000e+02	7.300190e-02
1.300000e+02	4.800000e+02	6.994800e-02
1.300000e+02	4.900000e+02	8.849830e-02
1.300000e+02	5.000000e+02	7.653720e-02
1.300000e+02	5.100000e+02	6.952770e-02
1.300000e+02	5.200000e+02	5.357590e-02
1.300000e+02	5.300000e+02	3.945520e-02
1.300000e+02	5.400000e+02	3.400020e-02
1.300000e+02	5.500000e+02	3.145220e-02
1.300000e+02	5.600000e+02	2.320380e-02
1.300000e+02	5.700000e+02	2.529530e-02
1.300000e+02	5.800000e+02	2.488650e-02
1.300000e+02	5.900000e+02	2.310190e-02
1.300000e+02	6.000000e+02	2.558730e-02
1.300000e+02	6.100000e+02	3.057130e-02
1.300000e+02	6.200000e+02	3.444920e-02
1.300000e+02	6.300000e+02	3.205260e-02
1.300000e+02	6.400000e+02	3.286510e-02
1.300000e+02	6.500000e+02	3.029350e-02
1.300000e+02	6.600000e+02	3.237490e-02
1.300000e+02	6.700000e+02	2.504260e-02
1.300000e+02	6.800000e+02	2.620850e-02
1.300000e+02	6.900000e+02	2.937360e-02
1.300000e+02	7.000000e+02	2.294950e-02
1.300000e+02	7.100000e+02	2.027060e-02
1.300000e+02	7.200000e+02	2.008040e-02
1.300000e+02	7.300000e+02	1.932310e-02
1.300000e+02	7.400000e+02	1.450250e-02
1.300000e+02	7.500000e+02	1.297900e-02
1.300000e+02	7.600000e+02	1.373150e-02
1.300000e+02	7.700000e+02	1.471950e-02
1.300000e+02	7.800000e+02	1.239340e-02
1.300000e+02	7.900000e+02	1.132200e-02
1.300000e+02	8.000000e+02	1.131290e-02
1.400000e+02	2.400000e+02	1.612240e-01
1.400000e+02	2.500000e+02	1.515220e-01
1.400000e+02	2.600000e+02	1.499190e-01
1.400000e+02	2.700000e+02	7.525160e-02
1.400000e+02	2.800000e+02	8.893750e-02
1.400000e+02	2.900000e+02	1.183760e-01
1.400000e+02	3.000000e+02	8.932340e-02
1.400000e+02	3.100000e+02	8.600790e-02
1.400000e+02	3.200000e+02	9.079670e-02
1.400000e+02	3.300000e+02	1.197220e-01
1.400000e+02	3.400000e+02	1.068770e-01
1.400000e+02	3.500000e+02	1.319620e-01
1.400000e+02	3.600000e+02	1.474010e-01
1.400000e+02	3.700000e+02	1.389840e-01
1.400000e+02	3.800000e+02	1.486500e-01
1.400000e+02	3.900000e+02	1.432080e-01
1.400000e+02	4.000000e+02	1.433260e-01
1.400000e+02	4.100000e+02	9.551380e-02
1.400000e+02	4.200000e+02	7.316400e-02
1.400000e+02	4.300000e+02	8.851530e-02
1.400000e+02	4.400000e+02	6.948480e-02
1.400000e+02	4.500000e+02	7.183350e-02
1.400000e+02	4.600000e+02	6.729210e-02
1.400000e+02	4.700000e+02	4.248530e-02
1.400000e+02	4.800000e+02	5.157670e-02
1.400000e+02	4.900000e+02	6.984400e-02
1.400000e+02	5.000000e+02	6.230650e-02
1.400000e+02	5.100000e+02	8.424970e-02
1.400000e+02	5.200000e+02	7.621320e-02
1.400000e+02	5.300000e+02	7.544530e-02
1.400000e+02	5.400000e+02	5.538470e-02
1.400000e+02	5.500000e+02	4.100250e-02
1.400000e+02	5.600000e+02	3.813200e-02
1.400000e+02	5.700000e+02	3.021430e-02
1.400000e+02	5.800000e+02	1.815630e-02
1.400000e+02	5.900000e+02	2.311340e-02
1.400000e+02	6.000000e+02	1.746620e-02
1.400000e+02	6.100000e+02	2.085740e-02
1.400000e+02	6.200000e+02	2.312130e-02
1.400000e+02	6.300000e+02	2.408590e-02
1.400000e+02	6.400000e+02	2.815040e-02
1.400000e+02	6.500000e+02	2.921330e-02
1.400000e+02	6.600000e+02	2.694900e-02
1.400000e+02	6.700000e+02	2.723410e-02
1.400000e+02	6.800000e+02	2.750330e-02
1.400000e+02	6.900000e+02	2.537510e-02
1.400000e+02	7.000000e+02	1.900190e-02
1.400000e+02	7.100000e+02	2.133970e-02
1.400000e+02	7.200000e+02	1.868520e-02
1.400000e+02	7.300000e+02	1.684810e-02
1.400000e+02	7.400000e+02	1.268110e-02
1.400000e+02	7.500000e+02	1.104230e-02
1.400000e+02	7.600000e+02	1.201210e-02
1.400000e+02	7.700000e+02	1.017220e-02
1.400000e+02	7.800000e+02	9.497510e-03
1.400000e+02	7.900000e+02	1.014220e-02
1.400000e+02	8.000000e+02	9.313110e-03
1.500000e+02	2.500000e+02	1.651280e-01
1.500000e+02	2.600000e+02	1.261290e-01
1.500000e+02	2.700000e+02	1.496070e-01
1.500000e+02	2.800000e+02	6.771020e-02
1.500000e+02	2.900000e+02	7.218410e-02
1.500000e+02	3.000000e+02	8.219650e-02
1.500000e+02	3.100000e+02	7.649130e-02
1.500000e+02	3.200000e+02	7.078540e-02
1.500000e+02	3.300000e+02	1.027330e-01
1.500000e+02	3.400000e+02	1.063830e-01
1.500000e+02	3.500000e+02	1.449750e-01
1.500000e+02	3.600000e+02	1.500540e-01
1.500000e+02	3.700000e+02	1.933550e-01
1.500000e+02	3.800000e+02	1.599420e-01
1.500000e+02	3.900000e+02	1.353480e-01
1.500000e+02	4.000000e+02	1.368150e-01
1.500000e+02	4.100000e+02	8.307090e-02
1.500000e+02	4.200000e+02	9.732550e-02
1.500000e+02	4.300000e+02	7.967750e-02
1.500000e+02	4.400000e+02	6.440880e-02
1.500000e+02	4.500000e+02	6.302560e-02
1.500000e+02	4.600000e+02	5.580460e-02
1.500000e+02	4.700000e+02	5.488290e-02
1.500000e+02	4.800000e+02	4.860910e-02
1.500000e+02	4.900000e+02	3.859740e-02
1.500000e+02	5.000000e+02	4.643830e-02
1.500000e+02	5.100000e+02	5.560180e-02
1.500000e+02	5.200000e+02	5.399700e-02
1.500000e+02	5.300000e+02	7.138930e-02
1.500000e+02	5.400000e+02	5.302440e-02
1.500000e+02	5.500000e+02	4.939120e-02
1.500000e+02	5.600000e+02	3.332140e-02
1.500000e+02	5.700000e+02	2.527560e-02
1.500000e+02	5.800000e+02	2.448650e-02
1.500000e+02	5.900000e+02	1.970720e-02
1.500000e+02	6.000000e+02	1.607960e-02
1.500000e+02	6.100000e+02	1.927190e-02
1.500000e+02	6.200000e+02	1.927570e-02
1.500000e+02	6.300000e+02	1.740980e-02
1.500000e+02	6.400000e+02	1.661530e-02
1.500000e+02	6.500000e+02	2.265960e-02
1.500000e+02	6.600000e+02	2.699250e-02
1.500000e+02	6.700000e+02	2.760400e-02
1.500000e+02	6.800000e+02	2.942640e-02
1.500000e+02	6.900000e+02	2.664840e-02
1.500000e+02	7.000000e+02	2.317950e-02
1.500000e+02	7.100000e+02	2.690390e-02
1.500000e+02	7.200000e+02	2.915610e-02
1.500000e+02	7.300000e+02	2.433060e-02
1.500000e+02	7.400000e+02	2.539500e-02
1.500000e+02	7.500000e+02	2.029060e-02
1.500000e+02	7.600000e+02	1.876840e-02
1.500000e+02	7.700000e+02	1.618920e-02
1.500000e+02	7.800000e+02	1.596870e-02
1.500000e+02	7.900000e+02	1.472330e-02
1.500000e+02	8.000000e+02	1.153230e-02
1.600000e+02	2.600000e+02	1.691110e-01
1.600000e+02	2.700000e+02	1.292020e-01
1.600000e+02	2.800000e+02	1.316170e-01
1.600000e+02	2.900000e+02	6.856190e-02
1.600000e+02	3.000000e+02	8.326160e-02
1.600000e+02	3.100000e+02	8.700710e-02
1.600000e+02	3.200000e+02	7.110550e-02
1.600000e+02	3.300000e+02	7.624120e-02
1.600000e+02	3.400000e+02	1.110090e-01
1.600000e+02	3.500000e+02	9.830210e-02
1.600000e+02	3.600000e+02	1.726890e-01
1.600000e+02	3.700000e+02	1.733220e-01
1.600000e+02	3.800000e+02	2.107470e-01
1.600000e+02	3.900000e+02	1.574060e-01
1.600000e+02	4.000000e+02	1.427580e-01
1.600000e+02	4.100000e+02	1.253110e-01
1.600000e+02	4.200000e+02	9.646490e-02
1.600000e+02	4.300000e+02	9.379270e-02
1.600000e+02	4.400000e+02	7.295000e-02
1.600000e+02	4.500000e+02	6.255190e-02
1.600000e+02	4.600000e+02	5.980840e-02
1.600000e+02	4.700000e+02	4.754190e-02
1.600000e+02	4.800000e+02	4.625200e-02
1.600000e+02	4.900000e+02	4.253180e-02
1.600000e+02	5.000000e+02	3.320780e-02
1.600000e+02	5.100000e+02	3.698760e-02
1.600000e+02	5.200000e+02	4.433440e-02
1.600000e+02	5.300000e+02	4.790370e-02
1.600000e+02	5.400000e+02	4.857660e-02
1.600000e+02	5.500000e+02	4.702320e-02
1.600000e+02	5.600000e+02	3.969860e-02
1.600000e+02	5.700000e+02	3.605600e-02
1.600000e+02	5.800000e+02	3.062030e-02
1.600000e+02	5.900000e+02	2.333770e-02
1.600000e+02	6.000000e+02	1.993690e-02
1.600000e+02	6.100000e+02	1.733570e-02
1.600000e+02	6.200000e+02	1.257880e-02
1.600000e+02	6.300000e+02	1.278080e-02
1.600000e+02	6.400000e+02	1.245990e-02
1.600000e+02	6.500000e+02	1.145660e-02
1.600000e+02	6.600000e+02	1.513850e-02
1.600000e+02	6.700000e+02	1.590340e-02
1.600000e+02	6.800000e+02	1.872800e-02
1.600000e+02	6.900000e+02	2.500550e-02
1.600000e+02	7.000000e+02	2.375790e-02
1.600000e+02	7.100000e+02	2.171170e-02
1.600000e+02	7.200000e+02	2.361030e-02
1.600000e+02	7.300000e+02	2.046240e-02
1.600000e+02	7.400000e+02	2.041920e-02
1.600000e+02	7.500000e+02	1.660830e-02
1.600000e+02	7.600000e+02	1.636890e-02
1.600000e+02	7.700000e+02	1.747430e-02
1.600000e+02	7.800000e+02	1.452980e-02
1.600000e+02	7.900000e+02	1.554130e-02
1.600000e+02	8.000000e+02	1.194530e-02
1.700000e+02	2.700000e+02	1.109150e-01
1.700000e+02	2.800000e+02	1.204230e-01
1.700000e+02	2.900000e+02	1.596960e-01
1.700000e+02	3.000000e+02	7.708250e-02
1.700000e+02	3.100000e+02	8.551830e-02
1.700000e+02	3.200000e+02	1.001840e-01
1.700000e+02	3.300000e+02	8.570960e-02
1.700000e+02	3.400000e+02	5.993490e-02
1.700000e+02	3.500000e+02	8.627370e-02
1.700000e+02	3.600000e+02	1.311140e-01
1.700000e+02	3.700000e+02	1.628500e-01
1.700000e+02	3.800000e+02	1.434290e-01
1.700000e+02	3.900000e+02	1.432820e-01
1.700000e+02	4.000000e+02	1.237830e-01
1.700000e+02	4.100000e+02	1.071260e-01
1.700000e+02	4.200000e+02	9.435920e-02
1.700000e+02	4.300000e+02	9.046990e-02
1.700000e+02	4.400000e+02	7.815550e-02
1.700000e+02	4.500000e+02	8.172820e-02
1.700000e+02	4.600000e+02	9.774500e-02
1.700000e+02	4.700000e+02	7.480270e-02
1.700000e+02	4.800000e+02	6.237220e-02
1.700000e+02	4.900000e+02	5.265520e-02
1.700000e+02	5.000000e+02	4.000890e-02
1.700000e+02	5.100000e+02	3.205090e-02
1.700000e+02	5.200000e+02	3.145970e-02
1.700000e+02	5.300000e+02	2.981610e-02
1.700000e+02	5.400000e+02	4.598150e-02
1.700000e+02	5.500000e+02	4.535790e-02
1.700000e+02	5.600000e+02	4.523500e-02
1.700000e+02	5.700000e+02	4.064600e-02
1.700000e+02	5.800000e+02	3.728470e-02
1.700000e+02	5.900000e+02	3.109780e-02
1.700000e+02	6.000000e+02	3.016610e-02
1.700000e+02	6.100000e+02	2.354640e-02
1.700000e+02	6.200000e+02	2.229790e-02
1.700000e+02	6.300000e+02	1.932280e-02
1.700000e+02	6.400000e+02	1.273670e-02
1.700000e+02	6.500000e+02	1.379650e-02
1.700000e+02	6.600000e+02	1.286220e-02
1.700000e+02	6.700000e+02	1.147740e-02
1.700000e+02	6.800000e+02	1.257000e-02
1.700000e+02	6.900000e+02	1.483090e-02
1.700000e+02	7.000000e+02	1.672890e-02
1.700000e+02	7.100000e+02	1.866450e-02
1.700000e+02	7.200000e+02	1.910060e-02
1.700000e+02	7.300000e+02	1.812920e-02
1.700000e+02	7.400000e+02	1.811670e-02
1.700000e+02	7.500000e+02	1.612840e-02
1.700000e+02	7.600000e+02	1.830910e-02
1.700000e+02	7.700000e+02	1.399460e-02
1.700000e+02	7.800000e+02	1.161080e-02
1.700000e+02	7.900000e+02	1.388200e-02
1.700000e+02	8.000000e+02	1.258650e-02
1.800000e+02	2.800000e+02	1.351690e-01
1.800000e+02	2.900000e+02	8.778770e-02
1.800000e+02	3.000000e+02	1.677620e-01
1.800000e+02	3.100000e+02	5.950820e-02
1.800000e+02	3.200000e+02	6.513330e-02
1.800000e+02	3.300000e+02	1.245920e-01
1.800000e+02	3.400000e+02	8.150970e-02
1.800000e+02	3.500000e+02	6.251950e-02
1.800000e+02	3.600000e+02	7.950100e-02
1.800000e+02	3.700000e+02	1.220540e-01
1.800000e+02	3.800000e+02	1.379480e-01
1.800000e+02	3.900000e+02	1.664610e-01
1.800000e+02	4.000000e+02	1.425640e-01
1.800000e+02	4.100000e+02	1.662310e-01
1.800000e+02	4.200000e+02	9.044660e-02
1.800000e+02	4.300000e+02	8.638330e-02
1.800000e+02	4.400000e+02	8.172450e-02
1.800000e+02	4.500000e+02	7.798210e-02
1.800000e+02	4.600000e+02	8.353320e-02
1.800000e+02	4.700000e+02	6.033130e-02
1.800000e+02	4.800000e+02	5.774830e-02
1.800000e+02	4.900000e+02	5.797850e-02
1.800000e+02	5.000000e+02	4.566440e-02
1.800000e+02	5.100000e+02	4.261810e-02
1.800000e+02	5.200000e+02	3.478930e-02
1.800000e+02	5.300000e+02	3.288370e-02
1.800000e+02	5.400000e+02	3.386910e-02
1.800000e+02	5.500000e+02	3.259370e-02
1.800000e+02	5.600000e+02	4.512620e-02
1.800000e+02	5.700000e+02	3.436940e-02
1.800000e+02	5.800000e+02	3.983330e-02
1.800000e+02	5.900000e+02	4.064380e-02
1.800000e+02	6.000000e+02	3.344030e-02
1.800000e+02	6.100000e+02	3.132320e-02
1.800000e+02	6.200000e+02	2.903090e-02
1.800000e+02	6.300000e+02	1.747110e-02
1.800000e+02	6.400000e+02	1.899890e-02
1.800000e+02	6.500000e+02	1.539780e-02
1.800000e+02	6.600000e+02	1.321470e-02
1.800000e+02	6.700000e+02	1.185740e-02
1.800000e+02	6.800000e+02	1.156650e-02
1.800000e+02	6.900000e+02	1.128880e-02
1.800000e+02	7.000000e+02	1.394370e-02
1.800000e+02	7.100000e+02	1.163400e-02
1.800000e+02	7.200000e+02	1.167490e-02
1.800000e+02	7.300000e+02	1.293480e-02
1.800000e+02	7.400000e+02	1.204170e-02
1.800000e+02	7.500000e+02	1.173700e-02
1.800000e+02	7.600000e+02	1.160070e-02
1.800000e+02	7.700000e+02	1.219640e-02
1.800000e+02	7.800000e+02	1.380430e-02
1.800000e+02	7.900000e+02	1.480850e-02
1.800000e+02	8.000000e+02	1.454060e-02
1.900000e+02	2.900000e+02	1.184020e-01
1.900000e+02	3.000000e+02	9.526290e-02
1.900000e+02	3.100000e+02	1.616650e-01
1.900000e+02	3.200000e+02	6.832260e-02
1.900000e+02	3.300000e+02	5.596690e-02
1.900000e+02	3.400000e+02	1.286990e-01
1.900000e+02	3.500000e+02	9.436280e-02
1.900000e+02	3.600000e+02	6.981350e-02
1.900000e+02	3.700000e+02	9.807670e-02
1.900000e+02	3.800000e+02	9.463700e-02
1.900000e+02	3.900000e+02	1.467350e-01
1.900000e+02	4.000000e+02	1.895320e-01
1.900000e+02	4.100000e+02	1.721900e-01
1.900000e+02	4.200000e+02	1.895590e-01
1.900000e+02	4.300000e+02	1.106900e-01
1.900000e+02	4.400000e+02	7.792600e-02
1.900000e+02	4.500000e+02	8.540880e-02
1.900000e+02	4.600000e+02	5.551720e-02
1.900000e+02	4.700000e+02	5.507450e-02
1.900000e+02	4.800000e+02	4.045520e-02
1.900000e+02	4.900000e+02	5.427870e-02
1.900000e+02	5.000000e+02	5.065360e-02
1.900000e+02	5.100000e+02	3.571680e-02
1.900000e+02	5.200000e+02	4.435690e-02
1.900000e+02	5.300000e+02	3.531180e-02
1.900000e+02	5.400000e+02	3.132030e-02
1.900000e+02	5.500000e+02	3.750020e-02
1.900000e+02	5.600000e+02	3.090560e-02
1.900000e+02	5.700000e+02	3.408890e-02
1.900000e+02	5.800000e+02	3.800640e-02
1.900000e+02	5.900000e+02	3.680470e-02
1.900000e+02	6.000000e+02	4.149850e-02
1.900000e+02	6.100000e+02	3.530690e-02
1.900000e+02	6.200000e+02	3.100840e-02
1.900000e+02	6.300000e+02	3.079360e-02
1.900000e+02	6.400000e+02	2.721930e-02
1.900000e+02	6.500000e+02	1.892940e-02
1.900000e+02	6.600000e+02	1.510820e-02
1.900000e+02	6.700000e+02	1.373290e-02
1.900000e+02	6.800000e+02	1.058270e-02
1.900000e+02	6.900000e+02	9.179820e-03
1.900000e+02	7.000000e+02	9.791450e-03
1.900000e+02	7.100000e+02	8.964060e-03
1.900000e+02	7.200000e+02	1.100820e-02
1.900000e+02	7.300000e+02	9.928280e-03
1.900000e+02	7.400000e+02	1.001720e-02
1.900000e+02	7.500000e+02	1.154200e-02
1.900000e+02	7.600000e+02	1.059070e-02
1.900000e+02	7.700000e+02	1.043510e-02
1.900000e+02	7.800000e+02	9.766660e-03
1.900000e+02	7.900000e+02	1.005950e-02
1.900000e+02	8.000000e+02	1.040590e-02
2.000000e+02	3.000000e+02	9.773470e-02
2.000000e+02	3.100000e+02	8.403700e-02
2.000000e+02	3.200000e+02	1.419440e-01
2.000000e+02	3.300000e+02	5.747860e-02
2.000000e+02	3.400000e+02	4.949390e-02
2.000000e+02	3.500000e+02	9.896040e-02
2.000000e+02	3.600000e+02	9.466530e-02
2.000000e+02	3.700000e+02	7.433480e-02
2.000000e+02	3.800000e+02	8.519990e-02
2.000000e+02	3.900000e+02	7.936920e-02
2.000000e+02	4.000000e+02	1.119300e-01
2.000000e+02	4.100000e+02	1.503400e-01
2.000000e+02	4.200000e+02	1.586970e-01
2.000000e+02	4.300000e+02	1.667490e-01
2.000000e+02	4.400000e+02	1.196410e-01
2.000000e+02	4.500000e+02	6.968260e-02
2.000000e+02	4.600000e+02	7.932490e-02
2.000000e+02	4.700000e+02	6.000810e-02
2.000000e+02	4.800000e+02	6.606380e-02
2.000000e+02	4.900000e+02	6.002370e-02
2.000000e+02	5.000000e+02	5.328410e-02
2.000000e+02	5.100000e+02	5.175970e-02
2.000000e+02	5.200000e+02	4.999950e-02
2.000000e+02	5.300000e+02	3.738580e-02
2.000000e+02	5.400000e+02	4.038240e-02
2.000000e+02	5.500000e+02	3.704800e-02
2.000000e+02	5.600000e+02	3.057450e-02
2.000000e+02	5.700000e+02	3.708500e-02
2.000000e+02	5.800000e+02	2.711080e-02
2.000000e+02	5.900000e+02	4.521210e-02
2.000000e+02	6.000000e+02	3.437160e-02
2.000000e+02	6.100000e+02	3.808210e-02
2.000000e+02	6.200000e+02	3.863650e-02
2.000000e+02	6.300000e+02	3.700310e-02
2.000000e+02	6.400000e+02	3.707830e-02
2.000000e+02	6.500000e+02	3.591940e-02
2.000000e+02	6.600000e+02	3.077950e-02
2.000000e+02	6.700000e+02	3.037390e-02
2.000000e+02	6.800000e+02	1.563870e-02
2.000000e+02	6.900000e+02	1.272000e-02
2.000000e+02	7.000000e+02	1.021550e-02
2.000000e+02	7.100000e+02	8.883990e-03
2.000000e+02	7.200000e+02	9.184610e-03
2.000000e+02	7.300000e+02	8.935620e-03
2.000000e+02	7.400000e+02	1.041130e-02
2.000000e+02	7.500000e+02	9.850720e-03
2.000000e+02	7.600000e+02	1.056640e-02
2.000000e+02	7.700000e+02	1.195680e-02
2.000000e+02	7.800000e+02	9.247370e-03
2.000000e+02	7.900000e+02	8.670130e-03
2.000000e+02	8.000000e+02	7.948770e-03
2.100000e+02	3.100000e+02	7.170640e-02
2.100000e+02	3.200000e+02	7.609350e-02
2.100000e+02	3.300000e+02	1.424200e-01
2.100000e+02	3.400000e+02	6.881980e-02
2.100000e+02	3.500000e+02	5.635490e-02
2.100000e+02	3.600000e+02	7.982920e-02
2.100000e+02	3.700000e+02	9.218540e-02
2.100000e+02	3.800000e+02	7.731020e-02
2.100000e+02	3.900000e+02	8.484470e-02
2.100000e+02	4.000000e+02	1.164360e-01
2.100000e+02	4.100000e+02	1.511080e-01
2.100000e+02	4.200000e+02	1.678810e-01
2.100000e+02	4.300000e+02	1.839480e-01
2.100000e+02	4.400000e+02	1.675290e-01
2.100000e+02	4.500000e+02	1.509820e-01
2.100000e+02	4.600000e+02	6.276020e-02
2.100000e+02	4.700000e+02	5.490160e-02
2.100000e+02	4.800000e+02	4.050800e-02
2.100000e+02	4.900000e+02	4.706410e-02
2.100000e+02	5.000000e+02	5.825840e-02
2.100000e+02	5.100000e+02	4.786730e-02
2.100000e+02	5.200000e+02	6.302390e-02
2.100000e+02	5.300000e+02	4.835520e-02
2.100000e+02	5.400000e+02	3.471290e-02
2.100000e+02	5.500000e+02	4.622930e-02
2.100000e+02	5.600000e+02	3.690860e-02
2.100000e+02	5.700000e+02	3.233050e-02
2.100000e+02	5.800000e+02	3.439770e-02
2.100000e+02	5.900000e+02	3.418050e-02
2.100000e+02	6.000000e+02	3.017450e-02
2.100000e+02	6.100000e+02	3.297710e-02
2.100000e+02	6.200000e+02	2.266940e-02
2.100000e+02	6.300000e+02	2.411310e-02
2.100000e+02	6.400000e+02	2.212470e-02
2.100000e+02	6.500000e+02	2.722240e-02
2.100000e+02	6.600000e+02	3.210630e-02
2.100000e+02	6.700000e+02	3.378110e-02
2.100000e+02	6.800000e+02	2.810950e-02
2.100000e+02	6.900000e+02	3.048140e-02
2.100000e+02	7.000000e+02	1.727670e-02
2.100000e+02	7.100000e+02	1.052950e-02
2.100000e+02	7.200000e+02	9.371330e-03
2.100000e+02	7.300000e+02	8.783710e-03
2.100000e+02	7.400000e+02	8.375020e-03
2.100000e+02	7.500000e+02	8.300420e-03
2.100000e+02	7.600000e+02	9.628900e-03
2.100000e+02	7.700000e+02	1.035390e-02
2.100000e+02	7.800000e+02	1.043860e-02
2.100000e+02	7.900000e+02	1.120330e-02
2.100000e+02	8.000000e+02	9.569020e-03
2.200000e+02	3.200000e+02	6.072010e-02
2.200000e+02	3.300000e+02	7.383520e-02
2.200000e+02	3.400000e+02	1.384780e-01
2.200000e+02	3.500000e+02	6.954920e-02
2.200000e+02	3.600000e+02	6.141070e-02
2.200000e+02	3.700000e+02	7.611640e-02
2.200000e+02	3.800000e+02	6.715410e-02
2.200000e+02	3.900000e+02	6.838470e-02
2.200000e+02	4.000000e+02	7.902230e-02
2.200000e+02	4.100000e+02	9.010070e-02
2.200000e+02	4.200000e+02	1.437440e-01
2.200000e+02	4.300000e+02	1.495010e-01
2.200000e+02	4.400000e+02	1.656980e-01
2.200000e+02	4.500000e+02	1.369490e-01
2.200000e+02	4.600000e+02	1.393220e-01
2.200000e+02	4.700000e+02	8.195990e-02
2.200000e+02	4.800000e+02	5.567570e-02
2.200000e+02	4.900000e+02	5.451080e-02
2.200000e+02	5.000000e+02	5.560100e-02
2.200000e+02	5.100000e+02	6.555220e-02
2.200000e+02	5.200000e+02	5.945220e-02
2.200000e+02	5.300000e+02	6.397060e-02
2.200000e+02	5.400000e+02	6.160340e-02
2.200000e+02	5.500000e+02	4.830760e-02
2.200000e+02	5.600000e+02	3.661950e-02
2.200000e+02	5.700000e+02	4.506060e-02
2.200000e+02	5.800000e+02	3.167590e-02
2.200000e+02	5.900000e+02	3.194100e-02
2.200000e+02	6.000000e+02	3.637810e-02
2.200000e+02	6.100000e+02	2.678190e-02
2.200000e+02	6.200000e+02	3.027420e-02
2.200000e+02	6.300000e+02	1.988830e-02
2.200000e+02	6.400000e+02	1.933490e-02
2.200000e+02	6.500000e+02	1.777670e-02
2.200000e+02	6.600000e+02	1.938520e-02
2.200000e+02	6.700000e+02	2.115480e-02
2.200000e+02	6.800000e+02	2.351370e-02
2.200000e+02	6.900000e+02	2.368590e-02
2.200000e+02	7.000000e+02	2.016710e-02
2.200000e+02	7.100000e+02	2.029360e-02
2.200000e+02	7.200000e+02	1.674110e-02
2.200000e+02	7.300000e+02	9.512650e-03
2.200000e+02	7.400000e+02	7.567090e-03
2.200000e+02	7.500000e+02	7.329640e-03
2.200000e+02	7.600000e+02	6.801760e-03
2.200000e+02	7.700000e+02	8.187980e-03
2.200000e+02	7.800000e+02	8.315560e-03
2.200000e+02	7.900000e+02	9.104580e-03
2.200000e+02	8.000000e+02	1.009540e-02
2.300000e+02	3.300000e+02	6.477040e-02
2.300000e+02	3.400000e+02	7.795530e-02
2.300000e+02	3.500000e+02	1.098010e-01
2.300000e+02	3.600000e+02	7.467840e-02
2.300000e+02	3.700000e+02	7.151860e-02
2.300000e+02	3.800000e+02	8.578840e-02
2.300000e+02	3.900000e+02	5.693660e-02
2.300000e+02	4.000000e+02	6.248070e-02
2.300000e+02	4.100000e+02	6.158570e-02
2.300000e+02	4.200000e+02	7.235080e-02
2.300000e+02	4.300000e+02	1.199210e-01
2.300000e+02	4.400000e+02	1.187220e-01
2.300000e+02	4.500000e+02	1.283000e-01
2.300000e+02	4.600000e+02	1.144250e-01
2.300000e+02	4.700000e+02	1.084740e-01
2.300000e+02	4.800000e+02	6.053730e-02
2.300000e+02	4.900000e+02	4.650910e-02
2.300000e+02	5.000000e+02	6.238610e-02
2.300000e+02	5.100000e+02	5.129580e-02
2.300000e+02	5.200000e+02	6.296860e-02
2.300000e+02	5.300000e+02	6.792360e-02
2.300000e+02	5.400000e+02	6.744850e-02
2.300000e+02	5.500000e+02	5.812470e-02
2.300000e+02	5.600000e+02	4.911400e-02
2.300000e+02	5.700000e+02	3.448760e-02
2.300000e+02	5.800000e+02	4.507690e-02
2.300000e+02	5.900000e+02	3.864010e-02
2.300000e+02	6.000000e+02	3.670090e-02
2.300000e+02	6.100000e+02	3.394210e-02
2.300000e+02	6.200000e+02	3.208930e-02
2.300000e+02	6.300000e+02	2.670810e-02
2.300000e+02	6.400000e+02	2.787180e-02
2.300000e+02	6.500000e+02	1.586570e-02
2.300000e+02	6.600000e+02	1.717790e-02
2.300000e+02	6.700000e+02	1.443320e-02
2.300000e+02	6.800000e+02	1.952190e-02
2.300000e+02	6.900000e+02	2.007670e-02
2.300000e+02	7.000000e+02	2.176470e-02
2.300000e+02	7.100000e+02	2.050800e-02
2.300000e+02	7.200000e+02	2.183150e-02
2.300000e+02	7.300000e+02	1.714810e-02
2.300000e+02	7.400000e+02	1.526610e-02
2.300000e+02	7.500000e+02	1.192450e-02
2.300000e+02	7.600000e+02	7.081420e-03
2.300000e+02	7.700000e+02	7.437030e-03
2.300000e+02	7.800000e+02	7.663710e-03
2.300000e+02	7.900000e+02	8.311280e-03
2.300000e+02	8.000000e+02	8.700470e-03
2.400000e+02	3.400000e+02	5.175860e-02
2.400000e+02	3.500000e+02	6.415370e-02
2.400000e+02	3.600000e+02	9.379230e-02
2.400000e+02	3.700000e+02	9.899380e-02
2.400000e+02	3.800000e+02	6.829780e-02
2.400000e+02	3.900000e+02	7.052190e-02
2.400000e+02	4.000000e+02	5.686790e-02
2.400000e+02	4.100000e+02	7.958490e-02
2.400000e+02	4.200000e+02	8.946220e-02
2.400000e+02	4.300000e+02	6.648580e-02
2.400000e+02	4.400000e+02	7.912370e-02
2.400000e+02	4.500000e+02	7.659230e-02
2.400000e+02	4.600000e+02	9.702750e-02
2.400000e+02	4.700000e+02	8.910250e-02
2.400000e+02	4.800000e+02	8.334180e-02
2.400000e+02	4.900000e+02	6.374070e-02
2.400000e+02	5.000000e+02	3.503740e-02
2.400000e+02	5.100000e+02	4.383130e-02
2.400000e+02	5.200000e+02	3.557090e-02
2.400000e+02	5.300000e+02	4.812420e-02
2.400000e+02	5.400000e+02	6.198280e-02
2.400000e+02	5.500000e+02	5.642450e-02
2.400000e+02	5.600000e+02	6.015650e-02
2.400000e+02	5.700000e+02	5.048920e-02
2.400000e+02	5.800000e+02	4.655230e-02
2.400000e+02	5.900000e+02	4.569850e-02
2.400000e+02	6.000000e+02	4.841420e-02
2.400000e+02	6.100000e+02	4.148410e-02
2.400000e+02	6.200000e+02	3.585890e-02
2.400000e+02	6.300000e+02	3.292130e-02
2.400000e+02	6.400000e+02	2.518040e-02
2.400000e+02	6.500000e+02	2.654190e-02
2.400000e+02	6.600000e+02	1.774840e-02
2.400000e+02	6.700000e+02	1.879030e-02
2.400000e+02	6.800000e+02	2.032170e-02
2.400000e+02	6.900000e+02	1.375110e-02
2.400000e+02	7.000000e+02	2.040380e-02
2.400000e+02	7.100000e+02	2.200310e-02
2.400000e+02	7.200000e+02	1.995650e-02
2.400000e+02	7.300000e+02	1.916770e-02
2.400000e+02	7.400000e+02	2.031690e-02
2.400000e+02	7.500000e+02	1.419170e-02
2.400000e+02	7.600000e+02	1.364360e-02
2.400000e+02	7.700000e+02	1.164070e-02
2.400000e+02	7.800000e+02	1.144160e-02
2.400000e+02	7.900000e+02	9.804310e-03
2.400000e+02	8.000000e+02	7.006680e-03
2.500000e+02	3.500000e+02	6.375490e-02
2.500000e+02	3.600000e+02	6.508240e-02
2.500000e+02	3.700000e+02	1.067180e-01
2.500000e+02	3.800000e+02	9.201260e-02
2.500000e+02	3.900000e+02	6.189230e-02
2.500000e+02	4.000000e+02	7.416940e-02
2.500000e+02	4.100000e+02	5.538700e-02
2.500000e+02	4.200000e+02	7.689100e-02
2.500000e+02	4.300000e+02	8.110190e-02
2.500000e+02	4.400000e+02	6.653470e-02
2.500000e+02	4.500000e+02	6.330410e-02
2.500000e+02	4.600000e+02	5.843520e-02
2.500000e+02	4.700000e+02	7.720100e-02
2.500000e+02	4.800000e+02	7.990150e-02
2.500000e+02	4.900000e+02	8.446550e-02
2.500000e+02	5.000000e+02	7.870540e-02
2.500000e+02	5.100000e+02	5.586470e-02
2.500000e+02	5.200000e+02	4.794840e-02
2.500000e+02	5.300000e+02	3.509980e-02
2.500000e+02	5.400000e+02	4.336930e-02
2.500000e+02	5.500000e+02	5.483910e-02
2.500000e+02	5.600000e+02	5.335600e-02
2.500000e+02	5.700000e+02	5.595360e-02
2.500000e+02	5.800000e+02	4.250230e-02
2.500000e+02	5.900000e+02	4.142040e-02
2.500000e+02	6.000000e+02	2.913770e-02
2.500000e+02	6.100000e+02	3.755190e-02
2.500000e+02	6.200000e+02	3.445080e-02
2.500000e+02	6.300000e+02	3.461090e-02
2.500000e+02	6.400000e+02	2.985920e-02
2.500000e+02	6.500000e+02	2.848500e-02
2.500000e+02	6.600000e+02	3.069820e-02
2.500000e+02	6.700000e+02	3.172510e-02
2.500000e+02	6.800000e+02	1.921990e-02
2.500000e+02	6.900000e+02	2.175180e-02
2.500000e+02	7.000000e+02	1.891020e-02
2.500000e+02	7.100000e+02	1.301550e-02
2.500000e+02	7.200000e+02	1.660020e-02
2.500000e+02	7.300000e+02	1.767260e-02
2.500000e+02	7.400000e+02	1.787220e-02
2.500000e+02	7.500000e+02	1.860150e-02
2.500000e+02	7.600000e+02	1.680920e-02
2.500000e+02	7.700000e+02	1.427180e-02
2.500000e+02	7.800000e+02	1.319410e-02
2.500000e+02	7.900000e+02	1.165900e-02
2.500000e+02	8.000000e+02	1.007290e-02
2.600000e+02	3.600000e+02	5.738720e-02
2.600000e+02	3.700000e+02	6.110910e-02
2.600000e+02	3.800000e+02	9.069780e-02
2.600000e+02	3.900000e+02	8.555910e-02
2.600000e+02	4.000000e+02	6.424050e-02
2.600000e+02	4.100000e+02	1.023030e-01
2.600000e+02	4.200000e+02	6.579500e-02
2.600000e+02	4.300000e+02	7.885960e-02
2.600000e+02	4.400000e+02	7.838900e-02
2.600000e+02	4.500000e+02	6.530030e-02
2.600000e+02	4.600000e+02	4.794170e-02
2.600000e+02	4.700000e+02	5.017840e-02
2.600000e+02	4.800000e+02	6.240430e-02
2.600000e+02	4.900000e+02	6.785340e-02
2.600000e+02	5.000000e+02	4.691170e-02
2.600000e+02	5.100000e+02	4.969170e-02
2.600000e+02	5.200000e+02	3.947940e-02
2.600000e+02	5.300000e+02	2.905760e-02
2.600000e+02	5.400000e+02	3.262780e-02
2.600000e+02	5.500000e+02	3.912620e-02
2.600000e+02	5.600000e+02	4.993180e-02
2.600000e+02	5.700000e+02	6.414650e-02
2.600000e+02	5.800000e+02	6.504660e-02
2.600000e+02	5.900000e+02	5.532300e-02
2.600000e+02	6.000000e+02	5.293890e-02
2.600000e+02	6.100000e+02	4.191520e-02
2.600000e+02	6.200000e+02	4.268620e-02
2.600000e+02	6.300000e+02	3.784170e-02
2.600000e+02	6.400000e+02	3.572790e-02
2.600000e+02	6.500000e+02	2.774870e-02
2.600000e+02	6.600000e+02	2.988360e-02
2.600000e+02	6.700000e+02	2.472840e-02
2.600000e+02	6.800000e+02	2.365630e-02
2.600000e+02	6.900000e+02	1.647120e-02
2.600000e+02	7.000000e+02	1.693370e-02
2.600000e+02	7.100000e+02	1.752110e-02
2.600000e+02	7.200000e+02	1.320530e-02
2.600000e+02	7.300000e+02	1.480800e-02
2.600000e+02	7.400000e+02	1.683560e-02
2.600000e+02	7.500000e+02	1.636830e-02
2.600000e+02	7.600000e+02	1.658100e-02
2.600000e+02	7.700000e+02	1.719370e-02
2.600000e+02	7.800000e+02	1.515580e-02
2.600000e+02	7.900000e+02	1.445100e-02
2.600000e+02	8.000000e+02	1.513540e-02
2.700000e+02	3.700000e+02	5.750910e-02
2.700000e+02	3.800000e+02	6.416240e-02
2.700000e+02	3.900000e+02	7.236410e-02
2.700000e+02	4.000000e+02	7.114650e-02
2.700000e+02	4.100000e+02	7.580700e-02
2.700000e+02	4.200000e+02	1.151170e-01
2.700000e+02	4.300000e+02	1.110980e-01
2.700000e+02	4.400000e+02	1.274080e-01
2.700000e+02	4.500000e+02	9.211160e-02
2.700000e+02	4.600000e+02	9.355390e-02
2.700000e+02	4.700000e+02	4.203040e-02
2.700000e+02	4.800000e+02	5.573400e-02
2.700000e+02	4.900000e+02	5.132040e-02
2.700000e+02	5.000000e+02	5.818290e-02
2.700000e+02	5.100000e+02	4.220730e-02
2.700000e+02	5.200000e+02	3.937110e-02
2.700000e+02	5.300000e+02	2.596620e-02
2.700000e+02	5.400000e+02	2.046130e-02
2.700000e+02	5.500000e+02	2.624470e-02
2.700000e+02	5.600000e+02	2.912190e-02
2.700000e+02	5.700000e+02	3.756450e-02
2.700000e+02	5.800000e+02	6.499140e-02
2.700000e+02	5.900000e+02	6.665780e-02
2.700000e+02	6.000000e+02	6.411910e-02
2.700000e+02	6.100000e+02	5.783430e-02
2.700000e+02	6.200000e+02	5.541770e-02
2.700000e+02	6.300000e+02	4.029030e-02
2.700000e+02	6.400000e+02	3.756810e-02
2.700000e+02	6.500000e+02	3.250440e-02
2.700000e+02	6.600000e+02	2.704230e-02
2.700000e+02	6.700000e+02	2.635880e-02
2.700000e+02	6.800000e+02	2.869500e-02
2.700000e+02	6.900000e+02	2.940980e-02
2.700000e+02	7.000000e+02	2.480280e-02
2.700000e+02	7.100000e+02	1.866380e-02
2.700000e+02	7.200000e+02	1.742170e-02
2.700000e+02	7.300000e+02	1.711190e-02
2.700000e+02	7.400000e+02	1.269390e-02
2.700000e+02	7.500000e+02	1.613480e-02
2.700000e+02	7.600000e+02	1.798730e-02
2.700000e+02	7.700000e+02	1.897630e-02
2.700000e+02	7.800000e+02	1.787720e-02
2.700000e+02	7.900000e+02	2.059360e-02
2.700000e+02	8.000000e+02	2.007320e-02
2.800000e+02	3.800000e+02	5.637110e-02
2.800000e+02	3.900000e+02	6.060560e-02
2.800000e+02	4.000000e+02	6.604620e-02
2.800000e+02	4.100000e+02	6.467290e-02
2.800000e+02	4.200000e+02	7.424290e-02
2.800000e+02	4.300000e+02	8.043850e-02
2.800000e+02	4.400000e+02	6.667260e-02
2.800000e+02	4.500000e+02	1.060000e-01
2.800000e+02	4.600000e+02	8.726690e-02
2.800000e+02	4.700000e+02	8.430630e-02
2.800000e+02	4.800000e+02	3.994830e-02
2.800000e+02	4.900000e+02	6.992360e-02
2.800000e+02	5.000000e+02	5.775340e-02
2.800000e+02	5.100000e+02	7.829540e-02
2.800000e+02	5.200000e+02	5.753190e-02
2.800000e+02	5.300000e+02	4.660460e-02
2.800000e+02	5.400000e+02	3.158130e-02
2.800000e+02	5.500000e+02	2.199390e-02
2.800000e+02	5.600000e+02	2.544550e-02
2.800000e+02	5.700000e+02	2.739730e-02
2.800000e+02	5.800000e+02	3.339430e-02
2.800000e+02	5.900000e+02	5.890630e-02
2.800000e+02	6.000000e+02	5.685850e-02
2.800000e+02	6.100000e+02	6.324740e-02
2.800000e+02	6.200000e+02	5.623790e-02
2.800000e+02	6.300000e+02	6.113480e-02
2.800000e+02	6.400000e+02	4.476110e-02
2.800000e+02	6.500000e+02	4.027640e-02
2.800000e+02	6.600000e+02	3.499280e-02
2.800000e+02	6.700000e+02	3.369240e-02
2.800000e+02	6.800000e+02	2.340370e-02
2.800000e+02	6.900000e+02	2.395720e-02
2.800000e+02	7.000000e+02	2.405070e-02
2.800000e+02	7.100000e+02	1.969920e-02
2.800000e+02	7.200000e+02	1.376260e-02
2.800000e+02	7.300000e+02	1.510790e-02
2.800000e+02	7.400000e+02	1.804260e-02
2.800000e+02	7.500000e+02	1.458300e-02
2.800000e+02	7.600000e+02	1.883530e-02
2.800000e+02	7.700000e+02	1.525540e-02
2.800000e+02	7.800000e+02	1.449360e-02
2.800000e+02	7.900000e+02	1.926810e-02
2.800000e+02	8.000000e+02	1.905400e-02
2.900000e+02	3.900000e+02	5.039330e-02
2.900000e+02	4.000000e+02	5.219880e-02
2.900000e+02	4.100000e+02	4.752550e-02
2.900000e+02	4.200000e+02	7.977430e-02
2.900000e+02	4.300000e+02	6.140720e-02
2.900000e+02	4.400000e+02	6.289830e-02
2.900000e+02	4.500000e+02	6.091480e-02
2.900000e+02	4.600000e+02	9.966860e-02
2.900000e+02	4.700000e+02	7.992610e-02
2.900000e+02	4.800000e+02	7.107750e-02
2.900000e+02	4.900000e+02	3.359430e-02
2.900000e+02	5.000000e+02	5.905030e-02
2.900000e+02	5.100000e+02	7.428130e-02
2.900000e+02	5.200000e+02	7.480880e-02
2.900000e+02	5.300000e+02	6.517010e-02
2.900000e+02	5.400000e+02	5.113450e-02
2.900000e+02	5.500000e+02	3.469670e-02
2.900000e+02	5.600000e+02	2.415250e-02
2.900000e+02	5.700000e+02	2.448370e-02
2.900000e+02	5.800000e+02	2.502740e-02
2.900000e+02	5.900000e+02	3.415910e-02
2.900000e+02	6.000000e+02	4.059800e-02
2.900000e+02	6.100000e+02	5.251700e-02
2.900000e+02	6.200000e+02	5.768060e-02
2.900000e+02	6.300000e+02	5.132350e-02
2.900000e+02	6.400000e+02	5.099370e-02
2.900000e+02	6.500000e+02	4.571030e-02
2.900000e+02	6.600000e+02	3.913900e-02
2.900000e+02	6.700000e+02	3.529630e-02
2.900000e+02	6.800000e+02	3.338250e-02
2.900000e+02	6.900000e+02	3.288680e-02
2.900000e+02	7.000000e+02	2.878720e-02
2.900000e+02	7.100000e+02	2.445840e-02
2.900000e+02	7.200000e+02	1.998220e-02
2.900000e+02	7.300000e+02	1.575890e-02
2.900000e+02	7.400000e+02	1.442280e-02
2.900000e+02	7.500000e+02	1.781160e-02
2.900000e+02	7.600000e+02	1.918700e-02
2.900000e+02	7.700000e+02	1.621440e-02
2.900000e+02	7.800000e+02	1.392130e-02
2.900000e+02	7.900000e+02	1.410650e-02
2.900000e+02	8.000000e+02	1.430610e-02
3.000000e+02	4.000000e+02	4.231560e-02
3.000000e+02	4.100000e+02	5.671500e-02
3.000000e+02	4.200000e+02	5.789150e-02
3.000000e+02	4.300000e+02	1.031450e-01
3.000000e+02	4.400000e+02	7.796550e-02
3.000000e+02	4.500000e+02	4.955120e-02
3.000000e+02	4.600000e+02	5.656260e-02
3.000000e+02	4.700000e+02	8.236720e-02
3.000000e+02	4.800000e+02	7.533280e-02
3.000000e+02	4.900000e+02	6.484620e-02
3.000000e+02	5.000000e+02	3.667710e-02
3.000000e+02	5.100000e+02	4.774450e-02
3.000000e+02	5.200000e+02	6.311160e-02
3.000000e+02	5.300000e+02	6.572550e-02
3.000000e+02	5.400000e+02	6.183370e-02
3.000000e+02	5.500000e+02	5.276520e-02
3.000000e+02	5.600000e+02	4.313560e-02
3.000000e+02	5.700000e+02	3.085380e-02
3.000000e+02	5.800000e+02	2.486450e-02
3.000000e+02	5.900000e+02	2.923050e-02
3.000000e+02	6.000000e+02	4.199730e-02
3.000000e+02	6.100000e+02	3.985060e-02
3.000000e+02	6.200000e+02	5.185810e-02
3.000000e+02	6.300000e+02	5.044830e-02
3.000000e+02	6.400000e+02	4.173440e-02
3.000000e+02	6.500000e+02	4.542920e-02
3.000000e+02	6.600000e+02	4.250410e-02
3.000000e+02	6.700000e+02	3.439700e-02
3.000000e+02	6.800000e+02	3.381970e-02
3.000000e+02	6.900000e+02	2.816300e-02
3.000000e+02	7.000000e+02	2.674960e-02
3.000000e+02	7.100000e+02	2.224040e-02
3.000000e+02	7.200000e+02	1.903050e-02
3.000000e+02	7.300000e+02	2.151050e-02
3.000000e+02	7.400000e+02	2.018470e-02
3.000000e+02	7.500000e+02	1.544380e-02
3.000000e+02	7.600000e+02	1.836800e-02
3.000000e+02	7.700000e+02	2.008900e-02
3.000000e+02	7.800000e+02	1.996540e-02
3.000000e+02	7.900000e+02	1.482810e-02
3.000000e+02	8.000000e+02	1.443530e-02
3.100000e+02	4.100000e+02	3.874270e-02
3.100000e+02	4.200000e+02	6.587570e-02
3.100000e+02	4.300000e+02	6.048350e-02
3.100000e+02	4.400000e+02	9.106970e-02
3.100000e+02	4.500000e+02	5.944680e-02
3.100000e+02	4.600000e+02	3.713500e-02
3.100000e+02	4.700000e+02	5.421360e-02
3.100000e+02	4.800000e+02	6.481310e-02
3.100000e+02	4.900000e+02	5.819540e-02
3.100000e+02	5.000000e+02	7.285620e-02
3.100000e+02	5.100000e+02	3.727160e-02
3.100000e+02	5.200000e+02	3.909820e-02
3.100000e+02	5.300000e+02	5.663570e-02
3.100000e+02	5.400000e+02	5.539640e-02
3.100000e+02	5.500000e+02	5.940020e-02
3.100000e+02	5.600000e+02	5.111760e-02
3.100000e+02	5.700000e+02	4.329280e-02
3.100000e+02	5.800000e+02	3.137690e-02
3.100000e+02	5.900000e+02	2.314810e-02
3.100000e+02	6.000000e+02	2.799580e-02
3.100000e+02	6.100000e+02	3.335840e-02
3.100000e+02	6.200000e+02	3.526790e-02
3.100000e+02	6.300000e+02	4.843200e-02
3.100000e+02	6.400000e+02	4.556660e-02
3.100000e+02	6.500000e+02	4.508870e-02
3.100000e+02	6.600000e+02	3.824910e-02
3.100000e+02	6.700000e+02	3.943010e-02
3.100000e+02	6.800000e+02	2.995200e-02
3.100000e+02	6.900000e+02	2.965680e-02
3.100000e+02	7.000000e+02	2.697000e-02
3.100000e+02	7.100000e+02	2.285060e-02
3.100000e+02	7.200000e+02	1.266480e-02
3.100000e+02	7.300000e+02	1.231370e-02
3.100000e+02	7.400000e+02	1.711410e-02
3.100000e+02	7.500000e+02	1.682810e-02
3.100000e+02	7.600000e+02	1.439850e-02
3.100000e+02	7.700000e+02	1.634350e-02
3.100000e+02	7.800000e+02	1.814020e-02
3.100000e+02	7.900000e+02	2.146430e-02
3.100000e+02	8.000000e+02	1.897030e-02
3.200000e+02	4.200000e+02	4.140150e-02
3.200000e+02	4.300000e+02	6.250810e-02
3.200000e+02	4.400000e+02	7.214360e-02
3.200000e+02	4.500000e+02	8.122700e-02
3.200000e+02	4.600000e+02	6.599470e-02
3.200000e+02	4.700000e+02	4.056150e-02
3.200000e+02	4.800000e+02	6.503880e-02
3.200000e+02	4.900000e+02	6.987590e-02
3.200000e+02	5.000000e+02	7.261650e-02
3.200000e+02	5.100000e+02	6.747330e-02
3.200000e+02	5.200000e+02	4.075710e-02
3.200000e+02	5.300000e+02	3.254320e-02
3.200000e+02	5.400000e+02	4.170090e-02
3.200000e+02	5.500000e+02	4.638070e-02
3.200000e+02	5.600000e+02	5.630280e-02
3.200000e+02	5.700000e+02	5.186960e-02
3.200000e+02	5.800000e+02	4.649500e-02
3.200000e+02	5.900000e+02	3.109370e-02
3.200000e+02	6.000000e+02	2.660070e-02
3.200000e+02	6.100000e+02	2.505250e-02
3.200000e+02	6.200000e+02	2.705870e-02
3.200000e+02	6.300000e+02	3.227400e-02
3.200000e+02	6.400000e+02	3.634310e-02
3.200000e+02	6.500000e+02	3.459330e-02
3.200000e+02	6.600000e+02	3.587330e-02
3.200000e+02	6.700000e+02	3.290770e-02
3.200000e+02	6.800000e+02	3.459740e-02
3.200000e+02	6.900000e+02	3.626530e-02
3.200000e+02	7.000000e+02	3.259550e-02
3.200000e+02	7.100000e+02	3.051910e-02
3.200000e+02	7.200000e+02	2.435240e-02
3.200000e+02	7.300000e+02	1.654110e-02
3.200000e+02	7.400000e+02	1.728540e-02
3.200000e+02	7.500000e+02	1.582200e-02
3.200000e+02	7.600000e+02	1.811670e-02
3.200000e+02	7.700000e+02	1.700120e-02
3.200000e+02	7.800000e+02	1.611970e-02
3.200000e+02	7.900000e+02	1.548570e-02
3.200000e+02	8.000000e+02	1.972440e-02
3.300000e+02	4.300000e+02	3.449810e-02
3.300000e+02	4.400000e+02	5.089160e-02
3.300000e+02	4.500000e+02	5.113410e-02
3.300000e+02	4.600000e+02	5.135350e-02
3.300000e+02	4.700000e+02	4.941750e-02
3.300000e+02	4.800000e+02	3.905590e-02
3.300000e+02	4.900000e+02	6.105840e-02
3.300000e+02	5.000000e+02	6.686860e-02
3.300000e+02	5.100000e+02	5.113630e-02
3.300000e+02	5.200000e+02	4.039520e-02
3.300000e+02	5.300000e+02	3.445300e-02
3.300000e+02	5.400000e+02	3.632380e-02
3.300000e+02	5.500000e+02	4.792880e-02
3.300000e+02	5.600000e+02	5.398100e-02
3.300000e+02	5.700000e+02	5.735930e-02
3.300000e+02	5.800000e+02	5.302930e-02
3.300000e+02	5.900000e+02	5.521670e-02
3.300000e+02	6.000000e+02	4.071880e-02
3.300000e+02	6.100000e+02	2.700810e-02
3.300000e+02	6.200000e+02	3.093130e-02
3.300000e+02	6.300000e+02	3.028220e-02
3.300000e+02	6.400000e+02	3.292710e-02
3.300000e+02	6.500000e+02	3.549050e-02
3.300000e+02	6.600000e+02	3.587430e-02
3.300000e+02	6.700000e+02	3.443830e-02
3.300000e+02	6.800000e+02	2.980480e-02
3.300000e+02	6.900000e+02	2.843240e-02
3.300000e+02	7.000000e+02	3.613520e-02
3.300000e+02	7.100000e+02	2.532020e-02
3.300000e+02	7.200000e+02	2.532730e-02
3.300000e+02	7.300000e+02	2.260770e-02
3.300000e+02	7.400000e+02	1.494170e-02
3.300000e+02	7.500000e+02	1.457870e-02
3.300000e+02	7.600000e+02	1.544140e-02
3.300000e+02	7.700000e+02	1.823210e-02
3.300000e+02	7.800000e+02	1.788990e-02
3.300000e+02	7.900000e+02	1.955600e-02
3.300000e+02	8.000000e+02	1.926270e-02
3.400000e+02	4.400000e+02	3.852230e-02
3.400000e+02	4.500000e+02	4.956340e-02
3.400000e+02	4.600000e+02	6.078160e-02
3.400000e+02	4.700000e+02	5.375480e-02
3.400000e+02	4.800000e+02	4.495510e-02
3.400000e+02	4.900000e+02	3.645850e-02
3.400000e+02	5.000000e+02	4.905980e-02
3.400000e+02	5.100000e+02	4.789870e-02
3.400000e+02	5.200000e+02	4.053690e-02
3.400000e+02	5.300000e+02	3.408620e-02
3.400000e+02	5.400000e+02	3.555940e-02
3.400000e+02	5.500000e+02	4.482960e-02
3.400000e+02	5.600000e+02	5.975880e-02
3.400000e+02	5.700000e+02	6.428600e-02
3.400000e+02	5.800000e+02	6.696640e-02
3.400000e+02	5.900000e+02	5.777100e-02
3.400000e+02	6.000000e+02	5.408260e-02
3.400000e+02	6.100000e+02	4.324360e-02
3.400000e+02	6.200000e+02	2.916650e-02
3.400000e+02	6.300000e+02	2.400750e-02
3.400000e+02	6.400000e+02	2.943640e-02
3.400000e+02	6.500000e+02	2.881450e-02
3.400000e+02	6.600000e+02	2.951300e-02
3.400000e+02	6.700000e+02	3.099570e-02
3.400000e+02	6.800000e+02	2.489420e-02
3.400000e+02	6.900000e+02	2.965440e-02
3.400000e+02	7.000000e+02	3.276750e-02
3.400000e+02	7.100000e+02	3.651440e-02
3.400000e+02	7.200000e+02	3.580550e-02
3.400000e+02	7.300000e+02	3.299890e-02
3.400000e+02	7.400000e+02	3.566750e-02
3.400000e+02	7.500000e+02	2.316430e-02
3.400000e+02	7.600000e+02	1.720930e-02
3.400000e+02	7.700000e+02	1.837170e-02
3.400000e+02	7.800000e+02	1.651870e-02
3.400000e+02	7.900000e+02	1.711030e-02
3.400000e+02	8.000000e+02	1.864890e-02
3.500000e+02	4.500000e+02	3.755530e-02
3.500000e+02	4.600000e+02	4.326930e-02
3.500000e+02	4.700000e+02	3.918790e-02
3.500000e+02	4.800000e+02	4.315200e-02
3.500000e+02	4.900000e+02	4.155650e-02
3.500000e+02	5.000000e+02	3.555060e-02
3.500000e+02	5.100000e+02	5.012340e-02
3.500000e+02	5.200000e+02	4.994510e-02
3.500000e+02	5.300000e+02	3.942960e-02
3.500000e+02	5.400000e+02	3.915710e-02
3.500000e+02	5.500000e+02	3.789030e-02
3.500000e+02	5.600000e+02	5.505830e-02
3.500000e+02	5.700000e+02	6.038550e-02
3.500000e+02	5.800000e+02	5.746070e-02
3.500000e+02	5.900000e+02	5.077920e-02
3.500000e+02	6.000000e+02	4.875160e-02
3.500000e+02	6.100000e+02	4.426600e-02
3.500000e+02	6.200000e+02	4.245220e-02
3.500000e+02	6.300000e+02	2.500020e-02
3.500000e+02	6.400000e+02	2.197410e-02
3.500000e+02	6.500000e+02	2.568090e-02
3.500000e+02	6.600000e+02	2.948480e-02
3.500000e+02	6.700000e+02	2.837830e-02
3.500000e+02	6.800000e+02	2.697950e-02
3.500000e+02	6.900000e+02	1.746970e-02
3.500000e+02	7.000000e+02	1.930490e-02
3.500000e+02	7.100000e+02	2.287150e-02
3.500000e+02	7.200000e+02	2.990990e-02
3.500000e+02	7.300000e+02	3.512050e-02
3.500000e+02	7.400000e+02	3.268770e-02
3.500000e+02	7.500000e+02	3.453440e-02
3.500000e+02	7.600000e+02	2.756690e-02
3.500000e+02	7.700000e+02	1.824880e-02
3.500000e+02	7.800000e+02	2.007100e-02
3.500000e+02	7.900000e+02	1.925290e-02
3.500000e+02	8.000000e+02	1.893410e-02
3.600000e+02	4.600000e+02	3.645840e-02
3.600000e+02	4.700000e+02	4.396630e-02
3.600000e+02	4.800000e+02	2.783970e-02
3.600000e+02	4.900000e+02	3.941900e-02
3.600000e+02	5.000000e+02	4.376590e-02
3.600000e+02	5.100000e+02	2.853820e-02
3.600000e+02	5.200000e+02	3.919970e-02
3.600000e+02	5.300000e+02	4.000240e-02
3.600000e+02	5.400000e+02	3.179580e-02
3.600000e+02	5.500000e+02	3.811470e-02
3.600000e+02	5.600000e+02	4.146650e-02
3.600000e+02	5.700000e+02	5.805840e-02
3.600000e+02	5.800000e+02	7.270800e-02
3.600000e+02	5.900000e+02	5.891010e-02
3.600000e+02	6.000000e+02	4.871230e-02
3.600000e+02	6.100000e+02	5.102580e-02
3.600000e+02	6.200000e+02	4.897760e-02
3.600000e+02	6.300000e+02	4.835360e-02
3.600000e+02	6.400000e+02	2.796330e-02
3.600000e+02	6.500000e+02	3.005810e-02
3.600000e+02	6.600000e+02	3.078660e-02
3.600000e+02	6.700000e+02	3.041320e-02
3.600000e+02	6.800000e+02	3.172460e-02
3.600000e+02	6.900000e+02	3.011250e-02
3.600000e+02	7.000000e+02	2.527250e-02
3.600000e+02	7.100000e+02	2.227710e-02
3.600000e+02	7.200000e+02	2.536600e-02
3.600000e+02	7.300000e+02	3.243460e-02
3.600000e+02	7.400000e+02	4.046950e-02
3.600000e+02	7.500000e+02	3.607980e-02
3.600000e+02	7.600000e+02	3.940980e-02
3.600000e+02	7.700000e+02	3.529670e-02
3.600000e+02	7.800000e+02	3.256170e-02
3.600000e+02	7.900000e+02	2.834080e-02
3.600000e+02	8.000000e+02	2.538480e-02
3.700000e+02	4.700000e+02	3.336280e-02
3.700000e+02	4.800000e+02	4.509500e-02
3.700000e+02	4.900000e+02	3.577670e-02
3.700000e+02	5.000000e+02	5.094150e-02
3.700000e+02	5.100000e+02	5.503040e-02
3.700000e+02	5.200000e+02	2.828970e-02
3.700000e+02	5.300000e+02	3.563230e-02
3.700000e+02	5.400000e+02	3.280700e-02
3.700000e+02	5.500000e+02	2.725830e-02
3.700000e+02	5.600000e+02	3.994640e-02
3.700000e+02	5.700000e+02	4.154020e-02
3.700000e+02	5.800000e+02	5.715760e-02
3.700000e+02	5.900000e+02	6.879780e-02
3.700000e+02	6.000000e+02	6.342980e-02
3.700000e+02	6.100000e+02	4.753350e-02
3.700000e+02	6.200000e+02	5.682470e-02
3.700000e+02	6.300000e+02	5.082200e-02
3.700000e+02	6.400000e+02	4.772390e-02
3.700000e+02	6.500000e+02	2.998880e-02
3.700000e+02	6.600000e+02	2.539630e-02
3.700000e+02	6.700000e+02	2.563070e-02
3.700000e+02	6.800000e+02	2.776960e-02
3.700000e+02	6.900000e+02	2.729450e-02
3.700000e+02	7.000000e+02	2.589180e-02
3.700000e+02	7.100000e+02	2.538200e-02
3.700000e+02	7.200000e+02	2.196550e-02
3.700000e+02	7.300000e+02	2.710890e-02
3.700000e+02	7.400000e+02	2.491160e-02
3.700000e+02	7.500000e+02	3.145260e-02
3.700000e+02	7.600000e+02	3.006250e-02
3.700000e+02	7.700000e+02	2.894430e-02
3.700000e+02	7.800000e+02	2.957840e-02
3.700000e+02	7.900000e+02	2.396660e-02
3.700000e+02	8.000000e+02	2.339450e-02
3.800000e+02	4.800000e+02	2.701250e-02
3.800000e+02	4.900000e+02	3.410370e-02
3.800000e+02	5.000000e+02	2.925810e-02
3.800000e+02	5.100000e+02	5.310150e-02
3.800000e+02	5.200000e+02	4.757140e-02
3.800000e+02	5.300000e+02	3.135620e-02
3.800000e+02	5.400000e+02	3.432360e-02
3.800000e+02	5.500000e+02	3.227740e-02
3.800000e+02	5.600000e+02	2.827760e-02
3.800000e+02	5.700000e+02	3.831200e-02
3.800000e+02	5.800000e+02	3.788390e-02
3.800000e+02	5.900000e+02	4.651720e-02
3.800000e+02	6.000000e+02	7.602700e-02
3.800000e+02	6.100000e+02	6.907630e-02
3.800000e+02	6.200000e+02	5.091220e-02
3.800000e+02	6.300000e+02	4.966550e-02
3.800000e+02	6.400000e+02	4.533210e-02
3.800000e+02	6.500000e+02	4.113770e-02
3.800000e+02	6.600000e+02	3.157360e-02
3.800000e+02	6.700000e+02	2.215520e-02
3.800000e+02	6.800000e+02	2.729340e-02
3.800000e+02	6.900000e+02	3.082300e-02
3.800000e+02	7.000000e+02	3.152340e-02
3.800000e+02	7.100000e+02	3.385190e-02
3.800000e+02	7.200000e+02	3.438710e-02
3.800000e+02	7.300000e+02	2.593960e-02
3.800000e+02	7.400000e+02	3.040460e-02
3.800000e+02	7.500000e+02	2.804490e-02
3.800000e+02	7.600000e+02	3.085630e-02
3.800000e+02	7.700000e+02	3.190690e-02
3.800000e+02	7.800000e+02	3.033490e-02
3.800000e+02	7.900000e+02	3.222360e-02
3.800000e+02	8.000000e+02	2.306560e-02
3.900000e+02	4.900000e+02	2.894460e-02
3.900000e+02	5.000000e+02	3.421300e-02
3.900000e+02	5.100000e+02	2.714220e-02
3.900000e+02	5.200000e+02	4.673090e-02
3.900000e+02	5.300000e+02	4.674210e-02
3.900000e+02	5.400000e+02	3.310850e-02
3.900000e+02	5.500000e+02	3.505270e-02
3.900000e+02	5.600000e+02	3.703700e-02
3.900000e+02	5.700000e+02	3.069220e-02
3.900000e+02	5.800000e+02	3.534760e-02
3.900000e+02	5.900000e+02	3.062440e-02
3.900000e+02	6.000000e+02	4.054350e-02
3.900000e+02	6.100000e+02	5.811380e-02
3.900000e+02	6.200000e+02	5.285880e-02
3.900000e+02	6.300000e+02	4.364250e-02
3.900000e+02	6.400000e+02	4.752170e-02
3.900000e+02	6.500000e+02	5.238860e-02
3.900000e+02	6.600000e+02	4.662660e-02
3.900000e+02	6.700000e+02	4.301040e-02
3.900000e+02	6.800000e+02	2.917020e-02
3.900000e+02	6.900000e+02	2.623960e-02
3.900000e+02	7.000000e+02	3.631400e-02
3.900000e+02	7.100000e+02	3.006560e-02
3.900000e+02	7.200000e+02	3.134860e-02
3.900000e+02	7.300000e+02	3.206180e-02
3.900000e+02	7.400000e+02	1.927680e-02
3.900000e+02	7.500000e+02	2.323800e-02
3.900000e+02	7.600000e+02	2.412730e-02
3.900000e+02	7.700000e+02	2.180810e-02
3.900000e+02	7.800000e+02	2.674240e-02
3.900000e+02	7.900000e+02	2.511170e-02
3.900000e+02	8.000000e+02	2.694110e-02
4.000000e+02	5.000000e+02	2.643870e-02
4.000000e+02	5.100000e+02	3.009670e-02
4.000000e+02	5.200000e+02	3.041070e-02
4.000000e+02	5.300000e+02	5.422520e-02
4.000000e+02	5.400000e+02	4.487740e-02
4.000000e+02	5.500000e+02	2.551830e-02
4.000000e+02	5.600000e+02	2.314630e-02
4.000000e+02	5.700000e+02	2.502450e-02
4.000000e+02	5.800000e+02	2.170810e-02
4.000000e+02	5.900000e+02	3.167250e-02
4.000000e+02	6.000000e+02	3.221000e-02
4.000000e+02	6.100000e+02	3.711630e-02
4.000000e+02	6.200000e+02	5.197340e-02
4.000000e+02	6.300000e+02	5.921540e-02
4.000000e+02	6.400000e+02	4.769430e-02
4.000000e+02	6.500000e+02	5.074920e-02
4.000000e+02	6.600000e+02	5.277740e-02
4.000000e+02	6.700000e+02	5.621720e-02
4.000000e+02	6.800000e+02	5.111830e-02
4.000000e+02	6.900000e+02	3.139490e-02
4.000000e+02	7.000000e+02	2.698440e-02
4.000000e+02	7.100000e+02	3.596750e-02
4.000000e+02	7.200000e+02	2.626530e-02
4.000000e+02	7.300000e+02	2.756710e-02
4.000000e+02	7.400000e+02	2.820790e-02
4.000000e+02	7.500000e+02	1.761230e-02
4.000000e+02	7.600000e+02	2.370430e-02
4.000000e+02	7.700000e+02	2.404970e-02
4.000000e+02	7.800000e+02	2.734680e-02
4.000000e+02	7.900000e+02	2.842250e-02
4.000000e+02	8.000000e+02	2.403080e-02
4.100000e+02	5.100000e+02	2.170610e-02
4.100000e+02	5.200000e+02	2.738860e-02
4.100000e+02	5.300000e+02	2.534070e-02
4.100000e+02	5.400000e+02	4.829820e-02
4.100000e+02	5.500000e+02	4.661050e-02
4.100000e+02	5.600000e+02	2.476250e-02
4.100000e+02	5.700000e+02	2.038300e-02
4.100000e+02	5.800000e+02	2.100710e-02
4.100000e+02	5.900000e+02	2.163120e-02
4.100000e+02	6.000000e+02	2.621270e-02
4.100000e+02	6.100000e+02	2.915450e-02
4.100000e+02	6.200000e+02	3.032640e-02
4.100000e+02	6.300000e+02	4.507380e-02
4.100000e+02	6.400000e+02	4.679920e-02
4.100000e+02	6.500000e+02	3.415280e-02
4.100000e+02	6.600000e+02	3.992410e-02
4.100000e+02	6.700000e+02	4.785890e-02
4.100000e+02	6.800000e+02	4.934580e-02
4.100000e+02	6.900000e+02	5.434390e-02
4.100000e+02	7.000000e+02	3.992290e-02
4.100000e+02	7.100000e+02	3.138600e-02
4.100000e+02	7.200000e+02	3.977130e-02
4.100000e+02	7.300000e+02	3.404880e-02
4.100000e+02	7.400000e+02	3.360920e-02
4.100000e+02	7.500000e+02	3.076700e-02
4.100000e+02	7.600000e+02	2.375800e-02
4.100000e+02	7.700000e+02	2.376050e-02
4.100000e+02	7.800000e+02	2.011770e-02
4.100000e+02	7.900000e+02	2.705150e-02
4.100000e+02	8.000000e+02	2.598120e-02
4.200000e+02	5.200000e+02	1.857150e-02
4.200000e+02	5.300000e+02	2.890500e-02
4.200000e+02	5.400000e+02	3.218420e-02
4.200000e+02	5.500000e+02	5.834860e-02
4.200000e+02	5.600000e+02	4.142150e-02
4.200000e+02	5.700000e+02	2.226750e-02
4.200000e+02	5.800000e+02	2.075210e-02
4.200000e+02	5.900000e+02	2.361770e-02
4.200000e+02	6.000000e+02	2.722520e-02
4.200000e+02	6.100000e+02	2.866870e-02
4.200000e+02	6.200000e+02	3.500520e-02
4.200000e+02	6.300000e+02	3.104790e-02
4.200000e+02	6.400000e+02	4.187240e-02
4.200000e+02	6.500000e+02	4.455640e-02
4.200000e+02	6.600000e+02	4.120520e-02
4.200000e+02	6.700000e+02	4.011670e-02
4.200000e+02	6.800000e+02	4.500310e-02
4.200000e+02	6.900000e+02	5.098890e-02
4.200000e+02	7.000000e+02	5.324140e-02
4.200000e+02	7.100000e+02	4.189640e-02
4.200000e+02	7.200000e+02	3.678200e-02
4.200000e+02	7.300000e+02	4.381290e-02
4.200000e+02	7.400000e+02	3.951650e-02
4.200000e+02	7.500000e+02	3.875510e-02
4.200000e+02	7.600000e+02	3.040470e-02
4.200000e+02	7.700000e+02	3.134280e-02
4.200000e+02	7.800000e+02	2.565960e-02
4.200000e+02	7.900000e+02	2.845550e-02
4.200000e+02	8.000000e+02	2.484110e-02
4.300000e+02	5.300000e+02	2.012530e-02
4.300000e+02	5.400000e+02	3.204770e-02
4.300000e+02	5.500000e+02	2.978820e-02
4.300000e+02	5.600000e+02	5.351180e-02
4.300000e+02	5.700000e+02	4.210660e-02
4.300000e+02	5.800000e+02	2.203670e-02
4.300000e+02	5.900000e+02	2.086490e-02
4.300000e+02	6.000000e+02	2.610840e-02
4.300000e+02	6.100000e+02	2.737010e-02
4.300000e+02	6.200000e+02	3.195380e-02
4.300000e+02	6.300000e+02	4.103460e-02
4.300000e+02	6.400000e+02	3.020730e-02
4.300000e+02	6.500000e+02	4.431120e-02
4.300000e+02	6.600000e+02	4.439510e-02
4.300000e+02	6.700000e+02	4.077340e-02
4.300000e+02	6.800000e+02	3.794810e-02
4.300000e+02	6.900000e+02	3.996320e-02
4.300000e+02	7.000000e+02	4.394050e-02
4.300000e+02	7.100000e+02	4.462880e-02
4.300000e+02	7.200000e+02	3.838310e-02
4.300000e+02	7.300000e+02	2.909350e-02
4.300000e+02	7.400000e+02	3.321620e-02
4.300000e+02	7.500000e+02	3.752200e-02
4.300000e+02	7.600000e+02	3.748800e-02
4.300000e+02	7.700000e+02	2.927990e-02
4.300000e+02	7.800000e+02	2.978220e-02
4.300000e+02	7.900000e+02	2.583480e-02
4.300000e+02	8.000000e+02	2.795530e-02
4.400000e+02	5.400000e+02	1.852180e-02
4.400000e+02	5.500000e+02	2.964670e-02
4.400000e+02	5.600000e+02	2.755610e-02
4.400000e+02	5.700000e+02	5.390930e-02
4.400000e+02	5.800000e+02	3.982510e-02
4.400000e+02	5.900000e+02	1.993340e-02
4.400000e+02	6.000000e+02	2.269190e-02
4.400000e+02	6.100000e+02	3.402180e-02
4.400000e+02	6.200000e+02	3.257690e-02
4.400000e+02	6.300000e+02	4.231560e-02
4.400000e+02	6.400000e+02	4.923240e-02
4.400000e+02	6.500000e+02	3.589470e-02
4.400000e+02	6.600000e+02	4.678500e-02
4.400000e+02	6.700000e+02	4.478420e-02
4.400000e+02	6.800000e+02	3.825590e-02
4.400000e+02	6.900000e+02	2.782910e-02
4.400000e+02	7.000000e+02	2.823950e-02
4.400000e+02	7.100000e+02	3.735130e-02
4.400000e+02	7.200000e+02	3.619980e-02
4.400000e+02	7.300000e+02	3.989210e-02
4.400000e+02	7.400000e+02	2.917260e-02
4.400000e+02	7.500000e+02	2.752410e-02
4.400000e+02	7.600000e+02	2.865570e-02
4.400000e+02	7.700000e+02	2.634840e-02
4.400000e+02	7.800000e+02	2.288460e-02
4.400000e+02	7.900000e+02	2.355760e-02
4.400000e+02	8.000000e+02	1.864810e-02
4.500000e+02	5.500000e+02	1.852200e-02
4.500000e+02	5.600000e+02	2.836560e-02
4.500000e+02	5.700000e+02	3.456300e-02
4.500000e+02	5.800000e+02	5.746390e-02
4.500000e+02	5.900000e+02	4.136300e-02
4.500000e+02	6.000000e+02	2.195210e-02
4.500000e+02	6.100000e+02	2.723690e-02
4.500000e+02	6.200000e+02	3.710780e-02
4.500000e+02	6.300000e+02	3.039230e-02
4.500000e+02	6.400000e+02	3.484550e-02
4.500000e+02	6.500000e+02	3.669590e-02
4.500000e+02	6.600000e+02	2.916490e-02
4.500000e+02	6.700000e+02	3.949590e-02
4.500000e+02	6.800000e+02	4.057740e-02
4.500000e+02	6.900000e+02	3.753540e-02
4.500000e+02	7.000000e+02	3.039180e-02
4.500000e+02	7.100000e+02	2.883630e-02
4.500000e+02	7.200000e+02	4.025840e-02
4.500000e+02	7.300000e+02	3.910530e-02
4.500000e+02	7.400000e+02	4.842060e-02
4.500000e+02	7.500000e+02	3.599050e-02
4.500000e+02	7.600000e+02	2.616400e-02
4.500000e+02	7.700000e+02	2.870270e-02
4.500000e+02	7.800000e+02	2.370740e-02
4.500000e+02	7.900000e+02	2.481210e-02
4.500000e+02	8.000000e+02	2.491760e-02
4.600000e+02	5.600000e+02	1.702600e-02
4.600000e+02	5.700000e+02	2.295190e-02
4.600000e+02	5.800000e+02	2.610600e-02
4.600000e+02	5.900000e+02	5.090060e-02
4.600000e+02	6.000000e+02	3.530500e-02
4.600000e+02	6.100000e+02	2.058440e-02
4.600000e+02	6.200000e+02	2.473400e-02
4.600000e+02	6.300000e+02	2.752060e-02
4.600000e+02	6.400000e+02	2.472480e-02
4.600000e+02	6.500000e+02	3.562260e-02
4.600000e+02	6.600000e+02	3.004900e-02
4.600000e+02	6.700000e+02	3.102420e-02
4.600000e+02	6.800000e+02	3.886880e-02
4.600000e+02	6.900000e+02	4.385260e-02
4.600000e+02	7.000000e+02	4.508250e-02
4.600000e+02	7.100000e+02	3.546390e-02
4.600000e+02	7.200000e+02	2.801760e-02
4.600000e+02	7.300000e+02	3.406060e-02
4.600000e+02	7.400000e+02	3.474110e-02
4.600000e+02	7.500000e+02	3.630620e-02
4.600000e+02	7.600000e+02	2.678670e-02
4.600000e+02	7.700000e+02	1.752600e-02
4.600000e+02	7.800000e+02	2.163560e-02
4.600000e+02	7.900000e+02	1.682830e-02
4.600000e+02	8.000000e+02	1.805930e-02
4.700000e+02	5.700000e+02	1.798130e-02
4.700000e+02	5.800000e+02	2.217800e-02
4.700000e+02	5.900000e+02	2.427030e-02
4.700000e+02	6.000000e+02	4.350130e-02
4.700000e+02	6.100000e+02	3.154140e-02
4.700000e+02	6.200000e+02	1.758850e-02
4.700000e+02	6.300000e+02	2.514330e-02
4.700000e+02	6.400000e+02	3.380740e-02
4.700000e+02	6.500000e+02	2.803620e-02
4.700000e+02	6.600000e+02	3.909490e-02
4.700000e+02	6.700000e+02	3.202970e-02
4.700000e+02	6.800000e+02	2.948270e-02
4.700000e+02	6.900000e+02	3.654230e-02
4.700000e+02	7.000000e+02	4.509130e-02
4.700000e+02	7.100000e+02	4.642290e-02
4.700000e+02	7.200000e+02	3.379070e-02
4.700000e+02	7.300000e+02	2.412380e-02
4.700000e+02	7.400000e+02	3.097880e-02
4.700000e+02	7.500000e+02	3.428450e-02
4.700000e+02	7.600000e+02	3.488660e-02
4.700000e+02	7.700000e+02	2.412170e-02
4.700000e+02	7.800000e+02	1.665930e-02
4.700000e+02	7.900000e+02	2.237660e-02
4.700000e+02	8.000000e+02	1.808250e-02
4.800000e+02	5.800000e+02	1.704670e-02
4.800000e+02	5.900000e+02	2.511730e-02
4.800000e+02	6.000000e+02	3.279740e-02
4.800000e+02	6.100000e+02	5.255700e-02
4.800000e+02	6.200000e+02	3.873770e-02
4.800000e+02	6.300000e+02	2.126580e-02
4.800000e+02	6.400000e+02	2.296510e-02
4.800000e+02	6.500000e+02	2.907550e-02
4.800000e+02	6.600000e+02	2.501560e-02
4.800000e+02	6.700000e+02	3.413520e-02
4.800000e+02	6.800000e+02	2.947190e-02
4.800000e+02	6.900000e+02	2.582310e-02
4.800000e+02	7.000000e+02	2.767960e-02
4.800000e+02	7.100000e+02	3.416750e-02
4.800000e+02	7.200000e+02	3.251470e-02
4.800000e+02	7.300000e+02	2.687110e-02
4.800000e+02	7.400000e+02	2.048000e-02
4.800000e+02	7.500000e+02	2.606540e-02
4.800000e+02	7.600000e+02	3.101460e-02
4.800000e+02	7.700000e+02	2.917540e-02
4.800000e+02	7.800000e+02	2.210130e-02
4.800000e+02	7.900000e+02	1.484170e-02
4.800000e+02	8.000000e+02	1.711380e-02
4.900000e+02	5.900000e+02	1.523630e-02
4.900000e+02	6.000000e+02	2.146870e-02
4.900000e+02	6.100000e+02	2.863740e-02
4.900000e+02	6.200000e+02	4.512460e-02
4.900000e+02	6.300000e+02	3.518980e-02
4.900000e+02	6.400000e+02	2.308230e-02
4.900000e+02	6.500000e+02	2.821440e-02
4.900000e+02	6.600000e+02	4.180040e-02
4.900000e+02	6.700000e+02	3.224340e-02
4.900000e+02	6.800000e+02	4.070320e-02
4.900000e+02	6.900000e+02	3.810780e-02
4.900000e+02	7.000000e+02	2.476550e-02
4.900000e+02	7.100000e+02	2.431570e-02
4.900000e+02	7.200000e+02	2.676120e-02
4.900000e+02	7.300000e+02	2.591180e-02
4.900000e+02	7.400000e+02	2.858390e-02
4.900000e+02	7.500000e+02	2.333960e-02
4.900000e+02	7.600000e+02	2.723180e-02
4.900000e+02	7.700000e+02	3.230710e-02
4.900000e+02	7.800000e+02	3.106280e-02
4.900000e+02	7.900000e+02	2.266280e-02
4.900000e+02	8.000000e+02	1.501860e-02
5.000000e+02	6.000000e+02	1.256680e-02
5.000000e+02	6.100000e+02	1.566770e-02
5.000000e+02	6.200000e+02	2.852400e-02
5.000000e+02	6.300000e+02	4.353170e-02
5.000000e+02	6.400000e+02	3.342990e-02
5.000000e+02	6.500000e+02	2.318050e-02
5.000000e+02	6.600000e+02	2.615160e-02
5.000000e+02	6.700000e+02	3.491500e-02
5.000000e+02	6.800000e+02	2.879220e-02
5.000000e+02	6.900000e+02	3.860040e-02
5.000000e+02	7.000000e+02	3.812650e-02
5.000000e+02	7.100000e+02	3.384940e-02
5.000000e+02	7.200000e+02	2.931260e-02
5.000000e+02	7.300000e+02	3.054810e-02
5.000000e+02	7.400000e+02	2.796550e-02
5.000000e+02	7.500000e+02	2.952130e-02
5.000000e+02	7.600000e+02	2.760080e-02
5.000000e+02	7.700000e+02	2.683220e-02
5.000000e+02	7.800000e+02	2.983890e-02
5.000000e+02	7.900000e+02	2.551980e-02
5.000000e+02	8.000000e+02	2.069820e-02
5.100000e+02	6.100000e+02	9.580340e-03
5.100000e+02	6.200000e+02	1.169490e-02
5.100000e+02	6.300000e+02	2.418980e-02
5.100000e+02	6.400000e+02	4.370980e-02
5.100000e+02	6.500000e+02	3.197220e-02
5.100000e+02	6.600000e+02	1.865750e-02
5.100000e+02	6.700000e+02	2.268350e-02
5.100000e+02	6.800000e+02	3.307000e-02
5.100000e+02	6.900000e+02	2.836010e-02
5.100000e+02	7.000000e+02	4.221630e-02
5.100000e+02	7.100000e+02	3.685980e-02
5.100000e+02	7.200000e+02	3.205230e-02
5.100000e+02	7.300000e+02	3.092810e-02
5.100000e+02	7.400000e+02	3.278750e-02
5.100000e+02	7.500000e+02	2.875490e-02
5.100000e+02	7.600000e+02	3.019490e-02
5.100000e+02	7.700000e+02	2.633050e-02
5.100000e+02	7.800000e+02	2.146040e-02
5.100000e+02	7.900000e+02	2.669010e-02
5.100000e+02	8.000000e+02	2.119310e-02
5.200000e+02	6.200000e+02	9.155460e-03
5.200000e+02	6.300000e+02	1.306480e-02
5.200000e+02	6.400000e+02	2.397550e-02
5.200000e+02	6.500000e+02	3.987830e-02
5.200000e+02	6.600000e+02	3.075050e-02
5.200000e+02	6.700000e+02	1.580770e-02
5.200000e+02	6.800000e+02	2.018690e-02
5.200000e+02	6.900000e+02	2.903050e-02
5.200000e+02	7.000000e+02	2.810270e-02
5.200000e+02	7.100000e+02	4.093060e-02
5.200000e+02	7.200000e+02	3.754850e-02
5.200000e+02	7.300000e+02	2.697650e-02
5.200000e+02	7.400000e+02	3.004190e-02
5.200000e+02	7.500000e+02	2.624040e-02
5.200000e+02	7.600000e+02	2.543750e-02
5.200000e+02	7.700000e+02	2.333320e-02
5.200000e+02	7.800000e+02	2.225180e-02
5.200000e+02	7.900000e+02	1.596630e-02
5.200000e+02	8.000000e+02	2.063070e-02
5.300000e+02	6.300000e+02	9.219380e-03
5.300000e+02	6.400000e+02	1.132020e-02
5.300000e+02	6.500000e+02	1.935270e-02
5.300000e+02	6.600000e+02	3.714950e-02
5.300000e+02	6.700000e+02	3.021120e-02
5.300000e+02	6.800000e+02	1.588130e-02
5.300000e+02	6.900000e+02	2.034470e-02
5.300000e+02	7.000000e+02	2.922670e-02
5.300000e+02	7.100000e+02	2.478130e-02
5.300000e+02	7.200000e+02	3.512820e-02
5.300000e+02	7.300000e+02	3.434970e-02
5.300000e+02	7.400000e+02	2.724750e-02
5.300000e+02	7.500000e+02	2.731050e-02
5.300000e+02	7.600000e+02	2.746870e-02
5.300000e+02	7.700000e+02	2.588090e-02
5.300000e+02	7.800000e+02	2.721080e-02
5.300000e+02	7.900000e+02	2.161680e-02
5.300000e+02	8.000000e+02	1.552930e-02
5.400000e+02	6.400000e+02	8.978320e-03
5.400000e+02	6.500000e+02	1.451980e-02
5.400000e+02	6.600000e+02	2.184800e-02
5.400000e+02	6.700000e+02	3.474280e-02
5.400000e+02	6.800000e+02	2.990540e-02
5.400000e+02	6.900000e+02	1.643490e-02
5.400000e+02	7.000000e+02	2.375680e-02
5.400000e+02	7.100000e+02	3.535740e-02
5.400000e+02	7.200000e+02	2.603980e-02
5.400000e+02	7.300000e+02	3.698100e-02
5.400000e+02	7.400000e+02	3.165420e-02
5.400000e+02	7.500000e+02	2.609630e-02
5.400000e+02	7.600000e+02	2.056090e-02
5.400000e+02	7.700000e+02	1.619070e-02
5.400000e+02	7.800000e+02	1.578010e-02
5.400000e+02	7.900000e+02	1.816490e-02
5.400000e+02	8.000000e+02	1.711560e-02
5.500000e+02	6.500000e+02	9.145600e-03
5.500000e+02	6.600000e+02	1.503080e-02
5.500000e+02	6.700000e+02	2.452070e-02
5.500000e+02	6.800000e+02	3.283460e-02
5.500000e+02	6.900000e+02	3.213250e-02
5.500000e+02	7.000000e+02	1.673630e-02
5.500000e+02	7.100000e+02	2.075060e-02
5.500000e+02	7.200000e+02	3.140170e-02
5.500000e+02	7.300000e+02	2.522880e-02
5.500000e+02	7.400000e+02	3.177010e-02
5.500000e+02	7.500000e+02	2.880350e-02
5.500000e+02	7.600000e+02	2.674450e-02
5.500000e+02	7.700000e+02	1.817320e-02
5.500000e+02	7.800000e+02	1.530920e-02
5.500000e+02	7.900000e+02	1.485230e-02
5.500000e+02	8.000000e+02	2.040350e-02
5.600000e+02	6.600000e+02	9.594900e-03
5.600000e+02	6.700000e+02	1.315300e-02
5.600000e+02	6.800000e+02	2.047130e-02
5.600000e+02	6.900000e+02	1.919780e-02
5.600000e+02	7.000000e+02	1.856680e-02
5.600000e+02	7.100000e+02	1.266770e-02
5.600000e+02	7.200000e+02	1.872270e-02
5.600000e+02	7.300000e+02	2.794510e-02
5.600000e+02	7.400000e+02	2.176370e-02
5.600000e+02	7.500000e+02	2.784510e-02
5.600000e+02	7.600000e+02	2.771210e-02
5.600000e+02	7.700000e+02	2.838710e-02
5.600000e+02	7.800000e+02	2.084840e-02
5.600000e+02	7.900000e+02	1.775650e-02
5.600000e+02	8.000000e+02	1.755580e-02
5.700000e+02	6.700000e+02	8.879010e-03
5.700000e+02	6.800000e+02	1.510100e-02
5.700000e+02	6.900000e+02	2.351300e-02
5.700000e+02	7.000000e+02	2.297960e-02
5.700000e+02	7.100000e+02	2.019250e-02
5.700000e+02	7.200000e+02	1.543970e-02
5.700000e+02	7.300000e+02	2.188660e-02
5.700000e+02	7.400000e+02	2.839750e-02
5.700000e+02	7.500000e+02	2.350740e-02
5.700000e+02	7.600000e+02	2.821120e-02
5.700000e+02	7.700000e+02	2.803780e-02
5.700000e+02	7.800000e+02	2.711820e-02
5.700000e+02	7.900000e+02	2.155970e-02
5.700000e+02	8.000000e+02	1.899150e-02
5.800000e+02	6.800000e+02	1.033730e-02
5.800000e+02	6.900000e+02	1.530350e-02
5.800000e+02	7.000000e+02	2.196640e-02
5.800000e+02	7.100000e+02	2.049020e-02
5.800000e+02	7.200000e+02	1.771210e-02
5.800000e+02	7.300000e+02	1.505090e-02
5.800000e+02	7.400000e+02	2.399810e-02
5.800000e+02	7.500000e+02	2.432450e-02
5.800000e+02	7.600000e+02	1.747800e-02
5.800000e+02	7.700000e+02	1.930100e-02
5.800000e+02	7.800000e+02	2.051150e-02
5.800000e+02	7.900000e+02	2.290380e-02
5.800000e+02	8.000000e+02	1.954270e-02
5.900000e+02	6.900000e+02	1.018550e-02
5.900000e+02	7.000000e+02	1.574470e-02
5.900000e+02	7.100000e+02	2.089600e-02
5.900000e+02	7.200000e+02	2.067590e-02
5.900000e+02	7.300000e+02	1.979730e-02
5.900000e+02	7.400000e+02	1.624960e-02
5.900000e+02	7.500000e+02	2.772770e-02
5.900000e+02	7.600000e+02	2.515240e-02
5.900000e+02	7.700000e+02	1.701900e-02
5.900000e+02	7.800000e+02	1.834500e-02
5.900000e+02	7.900000e+02	1.816350e-02
5.900000e+02	8.000000e+02	1.916130e-02
6.000000e+02	7.000000e+02	9.944290e-03
6.000000e+02	7.100000e+02	1.515060e-02
6.000000e+02	7.200000e+02	2.331010e-02
6.000000e+02	7.300000e+02	2.258970e-02
6.000000e+02	7.400000e+02	2.087710e-02
6.000000e+02	7.500000e+02	1.969040e-02
6.000000e+02	7.600000e+02	3.015750e-02
6.000000e+02	7.700000e+02	2.090700e-02
6.000000e+02	7.800000e+02	1.690980e-02
6.000000e+02	7.900000e+02	2.082440e-02
6.000000e+02	8.000000e+02	2.542410e-02
6.100000e+02	7.100000e+02	1.007960e-02
6.100000e+02	7.200000e+02	1.711040e-02
6.100000e+02	7.300000e+02	2.006350e-02
6.100000e+02	7.400000e+02	2.213890e-02
6.100000e+02	7.500000e+02	1.887900e-02
6.100000e+02	7.600000e+02	2.018360e-02
6.100000e+02	7.700000e+02	2.554400e-02
6.100000e+02	7.800000e+02	2.115500e-02
6.100000e+02	7.900000e+02	1.545240e-02
6.100000e+02	8.000000e+02	1.930720e-02
6.200000e+02	7.200000e+02	1.143370e-02
6.200000e+02	7.300000e+02	1.762890e-02
6.200000e+02	7.400000e+02	1.650290e-02
6.200000e+02	7.500000e+02	1.799150e-02
6.200000e+02	7.600000e+02	1.883380e-02
6.200000e+02	7.700000e+02	2.232800e-02
6.200000e+02	7.800000e+02	2.689400e-02
6.200000e+02	7.900000e+02	2.347290e-02
6.200000e+02	8.000000e+02	1.627250e-02
6.300000e+02	7.300000e+02	1.254120e-02
6.300000e+02	7.400000e+02	1.992070e-02
6.300000e+02	7.500000e+02	1.877450e-02
6.300000e+02	7.600000e+02	1.969750e-02
6.300000e+02	7.700000e+02	2.071200e-02
6.300000e+02	7.800000e+02	1.999430e-02
6.300000e+02	7.900000e+02	2.248480e-02
6.300000e+02	8.000000e+02	2.320670e-02
6.400000e+02	7.400000e+02	1.324710e-02
6.400000e+02	7.500000e+02	2.096660e-02
6.400000e+02	7.600000e+02	1.994700e-02
6.400000e+02	7.700000e+02	1.766870e-02
6.400000e+02	7.800000e+02	2.379030e-02
6.400000e+02	7.900000e+02	2.011750e-02
6.400000e+02	8.000000e+02	2.606140e-02
6.500000e+02	7.500000e+02	9.973250e-03
6.500000e+02	7.600000e+02	1.698430e-02
6.500000e+02	7.700000e+02	1.511900e-02
6.500000e+02	7.800000e+02	1.582030e-02
6.500000e+02	7.900000e+02	2.551840e-02
6.500000e+02	8.000000e+02	2.157370e-02
6.600000e+02	7.600000e+02	1.090610e-02
6.600000e+02	7.700000e+02	1.767040e-02
6.600000e+02	7.800000e+02	1.557310e-02
6.600000e+02	7.900000e+02	1.554660e-02
6.600000e+02	8.000000e+02	2.437870e-02
6.700000e+02	7.700000e+02	1.193350e-02
6.700000e+02	7.800000e+02	1.879920e-02
6.700000e+02	7.900000e+02	1.478380e-02
6.700000e+02	8.000000e+02	1.827880e-02
6.800000e+02	7.800000e+02	1.122200e-02
6.800000e+02	7.900000e+02	1.839950e-02
6.800000e+02	8.000000e+02	1.204350e-02
6.900000e+02	7.900000e+02	1.333450e-02
6.900000e+02	8.000000e+02	2.018050e-02
7.000000e+02	8.000000e+02	1.373020e-02
