######: paper: 201105639
######: table_doi: 10.17182/hepdata.95826.v1/t8
######: name: Cross-section limits b-associated production in llbb
######: description: Upper bounds at 95% CL on the production cross-section times the branching ratio B(A->ZH)xB(H->bb) in pb for a narrow width A boson produced via b-associated production. 
######: For each signal point, characterised by the mass pair (mA, mH), two limits are provided, the observed and the expected.
######: data_file: limits_bbA_narrow_width.yaml
######: keyword reactions: p p --> HIGGS | HIGGS --> Z0 HIGGS | Z0 --> E+ E- | Z0 --> MU+ MU- | HIGGS --> BQ BQBAR
######: keyword observables: cls
######: keyword cmenergies: 13000.0
######: keyword phrases: cross-section limits | Higgs boson production | 2HDM | b-associated production
######: Limit,Observed
######: SQRT(S) [GeV],13000
######: LUMINOSITY [fb$^{-1}$],139
######: mH [GeV],mA [GeV],Upper limit on  sigma(bbA) x B(A->ZH) x B(H->bb)  at 95% CL [pb]
130.0		230.0		0.211137
130.0		240.0		0.167649
130.0		250.0		0.168946
130.0		260.0		0.0995079
130.0		270.0		0.101198
130.0		280.0		0.121211
130.0		290.0		0.127173
130.0		300.0		0.105915
130.0		310.0		0.0838061
130.0		320.0		0.121511
130.0		330.0		0.108785
130.0		340.0		0.137679
130.0		350.0		0.103292
130.0		360.0		0.135345
130.0		370.0		0.167365
130.0		380.0		0.120584
130.0		390.0		0.110104
130.0		400.0		0.0779221
130.0		410.0		0.0833869
130.0		420.0		0.0731062
130.0		430.0		0.0815742
130.0		440.0		0.0836776
130.0		450.0		0.068714
130.0		460.0		0.0512564
130.0		470.0		0.0730019
130.0		480.0		0.069948
130.0		490.0		0.0884983
130.0		500.0		0.0765372
130.0		510.0		0.0695277
130.0		520.0		0.0535759
130.0		530.0		0.0394552
130.0		540.0		0.0340002
130.0		550.0		0.0314522
130.0		560.0		0.0232038
130.0		570.0		0.0252953
130.0		580.0		0.0248865
130.0		590.0		0.0231019
130.0		600.0		0.0255873
130.0		610.0		0.0305713
130.0		620.0		0.0344492
130.0		630.0		0.0320526
130.0		640.0		0.0328651
130.0		650.0		0.0302935
130.0		660.0		0.0323749
130.0		670.0		0.0250426
130.0		680.0		0.0262085
130.0		690.0		0.0293736
130.0		700.0		0.0229495
130.0		710.0		0.0202706
130.0		720.0		0.0200804
130.0		730.0		0.0193231
130.0		740.0		0.0145025
130.0		750.0		0.012979
130.0		760.0		0.0137315
130.0		770.0		0.0147195
130.0		780.0		0.0123934
130.0		790.0		0.011322
130.0		800.0		0.0113129
140.0		240.0		0.161224
140.0		250.0		0.151522
140.0		260.0		0.149919
140.0		270.0		0.0752516
140.0		280.0		0.0889375
140.0		290.0		0.118376
140.0		300.0		0.0893234
140.0		310.0		0.0860079
140.0		320.0		0.0907967
140.0		330.0		0.119722
140.0		340.0		0.106877
140.0		350.0		0.131962
140.0		360.0		0.147401
140.0		370.0		0.138984
140.0		380.0		0.14865
140.0		390.0		0.143208
140.0		400.0		0.143326
140.0		410.0		0.0955138
140.0		420.0		0.073164
140.0		430.0		0.0885153
140.0		440.0		0.0694848
140.0		450.0		0.0718335
140.0		460.0		0.0672921
140.0		470.0		0.0424853
140.0		480.0		0.0515767
140.0		490.0		0.069844
140.0		500.0		0.0623065
140.0		510.0		0.0842497
140.0		520.0		0.0762132
140.0		530.0		0.0754453
140.0		540.0		0.0553847
140.0		550.0		0.0410025
140.0		560.0		0.038132
140.0		570.0		0.0302143
140.0		580.0		0.0181563
140.0		590.0		0.0231134
140.0		600.0		0.0174662
140.0		610.0		0.0208574
140.0		620.0		0.0231213
140.0		630.0		0.0240859
140.0		640.0		0.0281504
140.0		650.0		0.0292133
140.0		660.0		0.026949
140.0		670.0		0.0272341
140.0		680.0		0.0275033
140.0		690.0		0.0253751
140.0		700.0		0.0190019
140.0		710.0		0.0213397
140.0		720.0		0.0186852
140.0		730.0		0.0168481
140.0		740.0		0.0126811
140.0		750.0		0.0110423
140.0		760.0		0.0120121
140.0		770.0		0.0101722
140.0		780.0		0.00949751
140.0		790.0		0.0101422
140.0		800.0		0.00931311
150.0		250.0		0.165128
150.0		260.0		0.126129
150.0		270.0		0.149607
150.0		280.0		0.0677102
150.0		290.0		0.0721841
150.0		300.0		0.0821965
150.0		310.0		0.0764913
150.0		320.0		0.0707854
150.0		330.0		0.102733
150.0		340.0		0.106383
150.0		350.0		0.144975
150.0		360.0		0.150054
150.0		370.0		0.193355
150.0		380.0		0.159942
150.0		390.0		0.135348
150.0		400.0		0.136815
150.0		410.0		0.0830709
150.0		420.0		0.0973255
150.0		430.0		0.0796775
150.0		440.0		0.0644088
150.0		450.0		0.0630256
150.0		460.0		0.0558046
150.0		470.0		0.0548829
150.0		480.0		0.0486091
150.0		490.0		0.0385974
150.0		500.0		0.0464383
150.0		510.0		0.0556018
150.0		520.0		0.053997
150.0		530.0		0.0713893
150.0		540.0		0.0530244
150.0		550.0		0.0493912
150.0		560.0		0.0333214
150.0		570.0		0.0252756
150.0		580.0		0.0244865
150.0		590.0		0.0197072
150.0		600.0		0.0160796
150.0		610.0		0.0192719
150.0		620.0		0.0192757
150.0		630.0		0.0174098
150.0		640.0		0.0166153
150.0		650.0		0.0226596
150.0		660.0		0.0269925
150.0		670.0		0.027604
150.0		680.0		0.0294264
150.0		690.0		0.0266484
150.0		700.0		0.0231795
150.0		710.0		0.0269039
150.0		720.0		0.0291561
150.0		730.0		0.0243306
150.0		740.0		0.025395
150.0		750.0		0.0202906
150.0		760.0		0.0187684
150.0		770.0		0.0161892
150.0		780.0		0.0159687
150.0		790.0		0.0147233
150.0		800.0		0.0115323
160.0		260.0		0.169111
160.0		270.0		0.129202
160.0		280.0		0.131617
160.0		290.0		0.0685619
160.0		300.0		0.0832616
160.0		310.0		0.0870071
160.0		320.0		0.0711055
160.0		330.0		0.0762412
160.0		340.0		0.111009
160.0		350.0		0.0983021
160.0		360.0		0.172689
160.0		370.0		0.173322
160.0		380.0		0.210747
160.0		390.0		0.157406
160.0		400.0		0.142758
160.0		410.0		0.125311
160.0		420.0		0.0964649
160.0		430.0		0.0937927
160.0		440.0		0.07295
160.0		450.0		0.0625519
160.0		460.0		0.0598084
160.0		470.0		0.0475419
160.0		480.0		0.046252
160.0		490.0		0.0425318
160.0		500.0		0.0332078
160.0		510.0		0.0369876
160.0		520.0		0.0443344
160.0		530.0		0.0479037
160.0		540.0		0.0485766
160.0		550.0		0.0470232
160.0		560.0		0.0396986
160.0		570.0		0.036056
160.0		580.0		0.0306203
160.0		590.0		0.0233377
160.0		600.0		0.0199369
160.0		610.0		0.0173357
160.0		620.0		0.0125788
160.0		630.0		0.0127808
160.0		640.0		0.0124599
160.0		650.0		0.0114566
160.0		660.0		0.0151385
160.0		670.0		0.0159034
160.0		680.0		0.018728
160.0		690.0		0.0250055
160.0		700.0		0.0237579
160.0		710.0		0.0217117
160.0		720.0		0.0236103
160.0		730.0		0.0204624
160.0		740.0		0.0204192
160.0		750.0		0.0166083
160.0		760.0		0.0163689
160.0		770.0		0.0174743
160.0		780.0		0.0145298
160.0		790.0		0.0155413
160.0		800.0		0.0119453
170.0		270.0		0.110915
170.0		280.0		0.120423
170.0		290.0		0.159696
170.0		300.0		0.0770825
170.0		310.0		0.0855183
170.0		320.0		0.100184
170.0		330.0		0.0857096
170.0		340.0		0.0599349
170.0		350.0		0.0862737
170.0		360.0		0.131114
170.0		370.0		0.16285
170.0		380.0		0.143429
170.0		390.0		0.143282
170.0		400.0		0.123783
170.0		410.0		0.107126
170.0		420.0		0.0943592
170.0		430.0		0.0904699
170.0		440.0		0.0781555
170.0		450.0		0.0817282
170.0		460.0		0.097745
170.0		470.0		0.0748027
170.0		480.0		0.0623722
170.0		490.0		0.0526552
170.0		500.0		0.0400089
170.0		510.0		0.0320509
170.0		520.0		0.0314597
170.0		530.0		0.0298161
170.0		540.0		0.0459815
170.0		550.0		0.0453579
170.0		560.0		0.045235
170.0		570.0		0.040646
170.0		580.0		0.0372847
170.0		590.0		0.0310978
170.0		600.0		0.0301661
170.0		610.0		0.0235464
170.0		620.0		0.0222979
170.0		630.0		0.0193228
170.0		640.0		0.0127367
170.0		650.0		0.0137965
170.0		660.0		0.0128622
170.0		670.0		0.0114774
170.0		680.0		0.01257
170.0		690.0		0.0148309
170.0		700.0		0.0167289
170.0		710.0		0.0186645
170.0		720.0		0.0191006
170.0		730.0		0.0181292
170.0		740.0		0.0181167
170.0		750.0		0.0161284
170.0		760.0		0.0183091
170.0		770.0		0.0139946
170.0		780.0		0.0116108
170.0		790.0		0.013882
170.0		800.0		0.0125865
180.0		280.0		0.135169
180.0		290.0		0.0877877
180.0		300.0		0.167762
180.0		310.0		0.0595082
180.0		320.0		0.0651333
180.0		330.0		0.124592
180.0		340.0		0.0815097
180.0		350.0		0.0625195
180.0		360.0		0.079501
180.0		370.0		0.122054
180.0		380.0		0.137948
180.0		390.0		0.166461
180.0		400.0		0.142564
180.0		410.0		0.166231
180.0		420.0		0.0904466
180.0		430.0		0.0863833
180.0		440.0		0.0817245
180.0		450.0		0.0779821
180.0		460.0		0.0835332
180.0		470.0		0.0603313
180.0		480.0		0.0577483
180.0		490.0		0.0579785
180.0		500.0		0.0456644
180.0		510.0		0.0426181
180.0		520.0		0.0347893
180.0		530.0		0.0328837
180.0		540.0		0.0338691
180.0		550.0		0.0325937
180.0		560.0		0.0451262
180.0		570.0		0.0343694
180.0		580.0		0.0398333
180.0		590.0		0.0406438
180.0		600.0		0.0334403
180.0		610.0		0.0313232
180.0		620.0		0.0290309
180.0		630.0		0.0174711
180.0		640.0		0.0189989
180.0		650.0		0.0153978
180.0		660.0		0.0132147
180.0		670.0		0.0118574
180.0		680.0		0.0115665
180.0		690.0		0.0112888
180.0		700.0		0.0139437
180.0		710.0		0.011634
180.0		720.0		0.0116749
180.0		730.0		0.0129348
180.0		740.0		0.0120417
180.0		750.0		0.011737
180.0		760.0		0.0116007
180.0		770.0		0.0121964
180.0		780.0		0.0138043
180.0		790.0		0.0148085
180.0		800.0		0.0145406
190.0		290.0		0.118402
190.0		300.0		0.0952629
190.0		310.0		0.161665
190.0		320.0		0.0683226
190.0		330.0		0.0559669
190.0		340.0		0.128699
190.0		350.0		0.0943628
190.0		360.0		0.0698135
190.0		370.0		0.0980767
190.0		380.0		0.094637
190.0		390.0		0.146735
190.0		400.0		0.189532
190.0		410.0		0.17219
190.0		420.0		0.189559
190.0		430.0		0.11069
190.0		440.0		0.077926
190.0		450.0		0.0854088
190.0		460.0		0.0555172
190.0		470.0		0.0550745
190.0		480.0		0.0404552
190.0		490.0		0.0542787
190.0		500.0		0.0506536
190.0		510.0		0.0357168
190.0		520.0		0.0443569
190.0		530.0		0.0353118
190.0		540.0		0.0313203
190.0		550.0		0.0375002
190.0		560.0		0.0309056
190.0		570.0		0.0340889
190.0		580.0		0.0380064
190.0		590.0		0.0368047
190.0		600.0		0.0414985
190.0		610.0		0.0353069
190.0		620.0		0.0310084
190.0		630.0		0.0307936
190.0		640.0		0.0272193
190.0		650.0		0.0189294
190.0		660.0		0.0151082
190.0		670.0		0.0137329
190.0		680.0		0.0105827
190.0		690.0		0.00917982
190.0		700.0		0.00979145
190.0		710.0		0.00896406
190.0		720.0		0.0110082
190.0		730.0		0.00992828
190.0		740.0		0.0100172
190.0		750.0		0.011542
190.0		760.0		0.0105907
190.0		770.0		0.0104351
190.0		780.0		0.00976666
190.0		790.0		0.0100595
190.0		800.0		0.0104059
200.0		300.0		0.0977347
200.0		310.0		0.084037
200.0		320.0		0.141944
200.0		330.0		0.0574786
200.0		340.0		0.0494939
200.0		350.0		0.0989604
200.0		360.0		0.0946653
200.0		370.0		0.0743348
200.0		380.0		0.0851999
200.0		390.0		0.0793692
200.0		400.0		0.11193
200.0		410.0		0.15034
200.0		420.0		0.158697
200.0		430.0		0.166749
200.0		440.0		0.119641
200.0		450.0		0.0696826
200.0		460.0		0.0793249
200.0		470.0		0.0600081
200.0		480.0		0.0660638
200.0		490.0		0.0600237
200.0		500.0		0.0532841
200.0		510.0		0.0517597
200.0		520.0		0.0499995
200.0		530.0		0.0373858
200.0		540.0		0.0403824
200.0		550.0		0.037048
200.0		560.0		0.0305745
200.0		570.0		0.037085
200.0		580.0		0.0271108
200.0		590.0		0.0452121
200.0		600.0		0.0343716
200.0		610.0		0.0380821
200.0		620.0		0.0386365
200.0		630.0		0.0370031
200.0		640.0		0.0370783
200.0		650.0		0.0359194
200.0		660.0		0.0307795
200.0		670.0		0.0303739
200.0		680.0		0.0156387
200.0		690.0		0.01272
200.0		700.0		0.0102155
200.0		710.0		0.00888399
200.0		720.0		0.00918461
200.0		730.0		0.00893562
200.0		740.0		0.0104113
200.0		750.0		0.00985072
200.0		760.0		0.0105664
200.0		770.0		0.0119568
200.0		780.0		0.00924737
200.0		790.0		0.00867013
200.0		800.0		0.00794877
210.0		310.0		0.0717064
210.0		320.0		0.0760935
210.0		330.0		0.14242
210.0		340.0		0.0688198
210.0		350.0		0.0563549
210.0		360.0		0.0798292
210.0		370.0		0.0921854
210.0		380.0		0.0773102
210.0		390.0		0.0848447
210.0		400.0		0.116436
210.0		410.0		0.151108
210.0		420.0		0.167881
210.0		430.0		0.183948
210.0		440.0		0.167529
210.0		450.0		0.150982
210.0		460.0		0.0627602
210.0		470.0		0.0549016
210.0		480.0		0.040508
210.0		490.0		0.0470641
210.0		500.0		0.0582584
210.0		510.0		0.0478673
210.0		520.0		0.0630239
210.0		530.0		0.0483552
210.0		540.0		0.0347129
210.0		550.0		0.0462293
210.0		560.0		0.0369086
210.0		570.0		0.0323305
210.0		580.0		0.0343977
210.0		590.0		0.0341805
210.0		600.0		0.0301745
210.0		610.0		0.0329771
210.0		620.0		0.0226694
210.0		630.0		0.0241131
210.0		640.0		0.0221247
210.0		650.0		0.0272224
210.0		660.0		0.0321063
210.0		670.0		0.0337811
210.0		680.0		0.0281095
210.0		690.0		0.0304814
210.0		700.0		0.0172767
210.0		710.0		0.0105295
210.0		720.0		0.00937133
210.0		730.0		0.00878371
210.0		740.0		0.00837502
210.0		750.0		0.00830042
210.0		760.0		0.0096289
210.0		770.0		0.0103539
210.0		780.0		0.0104386
210.0		790.0		0.0112033
210.0		800.0		0.00956902
220.0		320.0		0.0607201
220.0		330.0		0.0738352
220.0		340.0		0.138478
220.0		350.0		0.0695492
220.0		360.0		0.0614107
220.0		370.0		0.0761164
220.0		380.0		0.0671541
220.0		390.0		0.0683847
220.0		400.0		0.0790223
220.0		410.0		0.0901007
220.0		420.0		0.143744
220.0		430.0		0.149501
220.0		440.0		0.165698
220.0		450.0		0.136949
220.0		460.0		0.139322
220.0		470.0		0.0819599
220.0		480.0		0.0556757
220.0		490.0		0.0545108
220.0		500.0		0.055601
220.0		510.0		0.0655522
220.0		520.0		0.0594522
220.0		530.0		0.0639706
220.0		540.0		0.0616034
220.0		550.0		0.0483076
220.0		560.0		0.0366195
220.0		570.0		0.0450606
220.0		580.0		0.0316759
220.0		590.0		0.031941
220.0		600.0		0.0363781
220.0		610.0		0.0267819
220.0		620.0		0.0302742
220.0		630.0		0.0198883
220.0		640.0		0.0193349
220.0		650.0		0.0177767
220.0		660.0		0.0193852
220.0		670.0		0.0211548
220.0		680.0		0.0235137
220.0		690.0		0.0236859
220.0		700.0		0.0201671
220.0		710.0		0.0202936
220.0		720.0		0.0167411
220.0		730.0		0.00951265
220.0		740.0		0.00756709
220.0		750.0		0.00732964
220.0		760.0		0.00680176
220.0		770.0		0.00818798
220.0		780.0		0.00831556
220.0		790.0		0.00910458
220.0		800.0		0.0100954
230.0		330.0		0.0647704
230.0		340.0		0.0779553
230.0		350.0		0.109801
230.0		360.0		0.0746784
230.0		370.0		0.0715186
230.0		380.0		0.0857884
230.0		390.0		0.0569366
230.0		400.0		0.0624807
230.0		410.0		0.0615857
230.0		420.0		0.0723508
230.0		430.0		0.119921
230.0		440.0		0.118722
230.0		450.0		0.1283
230.0		460.0		0.114425
230.0		470.0		0.108474
230.0		480.0		0.0605373
230.0		490.0		0.0465091
230.0		500.0		0.0623861
230.0		510.0		0.0512958
230.0		520.0		0.0629686
230.0		530.0		0.0679236
230.0		540.0		0.0674485
230.0		550.0		0.0581247
230.0		560.0		0.049114
230.0		570.0		0.0344876
230.0		580.0		0.0450769
230.0		590.0		0.0386401
230.0		600.0		0.0367009
230.0		610.0		0.0339421
230.0		620.0		0.0320893
230.0		630.0		0.0267081
230.0		640.0		0.0278718
230.0		650.0		0.0158657
230.0		660.0		0.0171779
230.0		670.0		0.0144332
230.0		680.0		0.0195219
230.0		690.0		0.0200767
230.0		700.0		0.0217647
230.0		710.0		0.020508
230.0		720.0		0.0218315
230.0		730.0		0.0171481
230.0		740.0		0.0152661
230.0		750.0		0.0119245
230.0		760.0		0.00708142
230.0		770.0		0.00743703
230.0		780.0		0.00766371
230.0		790.0		0.00831128
230.0		800.0		0.00870047
240.0		340.0		0.0517586
240.0		350.0		0.0641537
240.0		360.0		0.0937923
240.0		370.0		0.0989938
240.0		380.0		0.0682978
240.0		390.0		0.0705219
240.0		400.0		0.0568679
240.0		410.0		0.0795849
240.0		420.0		0.0894622
240.0		430.0		0.0664858
240.0		440.0		0.0791237
240.0		450.0		0.0765923
240.0		460.0		0.0970275
240.0		470.0		0.0891025
240.0		480.0		0.0833418
240.0		490.0		0.0637407
240.0		500.0		0.0350374
240.0		510.0		0.0438313
240.0		520.0		0.0355709
240.0		530.0		0.0481242
240.0		540.0		0.0619828
240.0		550.0		0.0564245
240.0		560.0		0.0601565
240.0		570.0		0.0504892
240.0		580.0		0.0465523
240.0		590.0		0.0456985
240.0		600.0		0.0484142
240.0		610.0		0.0414841
240.0		620.0		0.0358589
240.0		630.0		0.0329213
240.0		640.0		0.0251804
240.0		650.0		0.0265419
240.0		660.0		0.0177484
240.0		670.0		0.0187903
240.0		680.0		0.0203217
240.0		690.0		0.0137511
240.0		700.0		0.0204038
240.0		710.0		0.0220031
240.0		720.0		0.0199565
240.0		730.0		0.0191677
240.0		740.0		0.0203169
240.0		750.0		0.0141917
240.0		760.0		0.0136436
240.0		770.0		0.0116407
240.0		780.0		0.0114416
240.0		790.0		0.00980431
240.0		800.0		0.00700668
250.0		350.0		0.0637549
250.0		360.0		0.0650824
250.0		370.0		0.106718
250.0		380.0		0.0920126
250.0		390.0		0.0618923
250.0		400.0		0.0741694
250.0		410.0		0.055387
250.0		420.0		0.076891
250.0		430.0		0.0811019
250.0		440.0		0.0665347
250.0		450.0		0.0633041
250.0		460.0		0.0584352
250.0		470.0		0.077201
250.0		480.0		0.0799015
250.0		490.0		0.0844655
250.0		500.0		0.0787054
250.0		510.0		0.0558647
250.0		520.0		0.0479484
250.0		530.0		0.0350998
250.0		540.0		0.0433693
250.0		550.0		0.0548391
250.0		560.0		0.053356
250.0		570.0		0.0559536
250.0		580.0		0.0425023
250.0		590.0		0.0414204
250.0		600.0		0.0291377
250.0		610.0		0.0375519
250.0		620.0		0.0344508
250.0		630.0		0.0346109
250.0		640.0		0.0298592
250.0		650.0		0.028485
250.0		660.0		0.0306982
250.0		670.0		0.0317251
250.0		680.0		0.0192199
250.0		690.0		0.0217518
250.0		700.0		0.0189102
250.0		710.0		0.0130155
250.0		720.0		0.0166002
250.0		730.0		0.0176726
250.0		740.0		0.0178722
250.0		750.0		0.0186015
250.0		760.0		0.0168092
250.0		770.0		0.0142718
250.0		780.0		0.0131941
250.0		790.0		0.011659
250.0		800.0		0.0100729
260.0		360.0		0.0573872
260.0		370.0		0.0611091
260.0		380.0		0.0906978
260.0		390.0		0.0855591
260.0		400.0		0.0642405
260.0		410.0		0.102303
260.0		420.0		0.065795
260.0		430.0		0.0788596
260.0		440.0		0.078389
260.0		450.0		0.0653003
260.0		460.0		0.0479417
260.0		470.0		0.0501784
260.0		480.0		0.0624043
260.0		490.0		0.0678534
260.0		500.0		0.0469117
260.0		510.0		0.0496917
260.0		520.0		0.0394794
260.0		530.0		0.0290576
260.0		540.0		0.0326278
260.0		550.0		0.0391262
260.0		560.0		0.0499318
260.0		570.0		0.0641465
260.0		580.0		0.0650466
260.0		590.0		0.055323
260.0		600.0		0.0529389
260.0		610.0		0.0419152
260.0		620.0		0.0426862
260.0		630.0		0.0378417
260.0		640.0		0.0357279
260.0		650.0		0.0277487
260.0		660.0		0.0298836
260.0		670.0		0.0247284
260.0		680.0		0.0236563
260.0		690.0		0.0164712
260.0		700.0		0.0169337
260.0		710.0		0.0175211
260.0		720.0		0.0132053
260.0		730.0		0.014808
260.0		740.0		0.0168356
260.0		750.0		0.0163683
260.0		760.0		0.016581
260.0		770.0		0.0171937
260.0		780.0		0.0151558
260.0		790.0		0.014451
260.0		800.0		0.0151354
270.0		370.0		0.0575091
270.0		380.0		0.0641624
270.0		390.0		0.0723641
270.0		400.0		0.0711465
270.0		410.0		0.075807
270.0		420.0		0.115117
270.0		430.0		0.111098
270.0		440.0		0.127408
270.0		450.0		0.0921116
270.0		460.0		0.0935539
270.0		470.0		0.0420304
270.0		480.0		0.055734
270.0		490.0		0.0513204
270.0		500.0		0.0581829
270.0		510.0		0.0422073
270.0		520.0		0.0393711
270.0		530.0		0.0259662
270.0		540.0		0.0204613
270.0		550.0		0.0262447
270.0		560.0		0.0291219
270.0		570.0		0.0375645
270.0		580.0		0.0649914
270.0		590.0		0.0666578
270.0		600.0		0.0641191
270.0		610.0		0.0578343
270.0		620.0		0.0554177
270.0		630.0		0.0402903
270.0		640.0		0.0375681
270.0		650.0		0.0325044
270.0		660.0		0.0270423
270.0		670.0		0.0263588
270.0		680.0		0.028695
270.0		690.0		0.0294098
270.0		700.0		0.0248028
270.0		710.0		0.0186638
270.0		720.0		0.0174217
270.0		730.0		0.0171119
270.0		740.0		0.0126939
270.0		750.0		0.0161348
270.0		760.0		0.0179873
270.0		770.0		0.0189763
270.0		780.0		0.0178772
270.0		790.0		0.0205936
270.0		800.0		0.0200732
280.0		380.0		0.0563711
280.0		390.0		0.0606056
280.0		400.0		0.0660462
280.0		410.0		0.0646729
280.0		420.0		0.0742429
280.0		430.0		0.0804385
280.0		440.0		0.0666726
280.0		450.0		0.106
280.0		460.0		0.0872669
280.0		470.0		0.0843063
280.0		480.0		0.0399483
280.0		490.0		0.0699236
280.0		500.0		0.0577534
280.0		510.0		0.0782954
280.0		520.0		0.0575319
280.0		530.0		0.0466046
280.0		540.0		0.0315813
280.0		550.0		0.0219939
280.0		560.0		0.0254455
280.0		570.0		0.0273973
280.0		580.0		0.0333943
280.0		590.0		0.0589063
280.0		600.0		0.0568585
280.0		610.0		0.0632474
280.0		620.0		0.0562379
280.0		630.0		0.0611348
280.0		640.0		0.0447611
280.0		650.0		0.0402764
280.0		660.0		0.0349928
280.0		670.0		0.0336924
280.0		680.0		0.0234037
280.0		690.0		0.0239572
280.0		700.0		0.0240507
280.0		710.0		0.0196992
280.0		720.0		0.0137626
280.0		730.0		0.0151079
280.0		740.0		0.0180426
280.0		750.0		0.014583
280.0		760.0		0.0188353
280.0		770.0		0.0152554
280.0		780.0		0.0144936
280.0		790.0		0.0192681
280.0		800.0		0.019054
290.0		390.0		0.0503933
290.0		400.0		0.0521988
290.0		410.0		0.0475255
290.0		420.0		0.0797743
290.0		430.0		0.0614072
290.0		440.0		0.0628983
290.0		450.0		0.0609148
290.0		460.0		0.0996686
290.0		470.0		0.0799261
290.0		480.0		0.0710775
290.0		490.0		0.0335943
290.0		500.0		0.0590503
290.0		510.0		0.0742813
290.0		520.0		0.0748088
290.0		530.0		0.0651701
290.0		540.0		0.0511345
290.0		550.0		0.0346967
290.0		560.0		0.0241525
290.0		570.0		0.0244837
290.0		580.0		0.0250274
290.0		590.0		0.0341591
290.0		600.0		0.040598
290.0		610.0		0.052517
290.0		620.0		0.0576806
290.0		630.0		0.0513235
290.0		640.0		0.0509937
290.0		650.0		0.0457103
290.0		660.0		0.039139
290.0		670.0		0.0352963
290.0		680.0		0.0333825
290.0		690.0		0.0328868
290.0		700.0		0.0287872
290.0		710.0		0.0244584
290.0		720.0		0.0199822
290.0		730.0		0.0157589
290.0		740.0		0.0144228
290.0		750.0		0.0178116
290.0		760.0		0.019187
290.0		770.0		0.0162144
290.0		780.0		0.0139213
290.0		790.0		0.0141065
290.0		800.0		0.0143061
300.0		400.0		0.0423156
300.0		410.0		0.056715
300.0		420.0		0.0578915
300.0		430.0		0.103145
300.0		440.0		0.0779655
300.0		450.0		0.0495512
300.0		460.0		0.0565626
300.0		470.0		0.0823672
300.0		480.0		0.0753328
300.0		490.0		0.0648462
300.0		500.0		0.0366771
300.0		510.0		0.0477445
300.0		520.0		0.0631116
300.0		530.0		0.0657255
300.0		540.0		0.0618337
300.0		550.0		0.0527652
300.0		560.0		0.0431356
300.0		570.0		0.0308538
300.0		580.0		0.0248645
300.0		590.0		0.0292305
300.0		600.0		0.0419973
300.0		610.0		0.0398506
300.0		620.0		0.0518581
300.0		630.0		0.0504483
300.0		640.0		0.0417344
300.0		650.0		0.0454292
300.0		660.0		0.0425041
300.0		670.0		0.034397
300.0		680.0		0.0338197
300.0		690.0		0.028163
300.0		700.0		0.0267496
300.0		710.0		0.0222404
300.0		720.0		0.0190305
300.0		730.0		0.0215105
300.0		740.0		0.0201847
300.0		750.0		0.0154438
300.0		760.0		0.018368
300.0		770.0		0.020089
300.0		780.0		0.0199654
300.0		790.0		0.0148281
300.0		800.0		0.0144353
310.0		410.0		0.0387427
310.0		420.0		0.0658757
310.0		430.0		0.0604835
310.0		440.0		0.0910697
310.0		450.0		0.0594468
310.0		460.0		0.037135
310.0		470.0		0.0542136
310.0		480.0		0.0648131
310.0		490.0		0.0581954
310.0		500.0		0.0728562
310.0		510.0		0.0372716
310.0		520.0		0.0390982
310.0		530.0		0.0566357
310.0		540.0		0.0553964
310.0		550.0		0.0594002
310.0		560.0		0.0511176
310.0		570.0		0.0432928
310.0		580.0		0.0313769
310.0		590.0		0.0231481
310.0		600.0		0.0279958
310.0		610.0		0.0333584
310.0		620.0		0.0352679
310.0		630.0		0.048432
310.0		640.0		0.0455666
310.0		650.0		0.0450887
310.0		660.0		0.0382491
310.0		670.0		0.0394301
310.0		680.0		0.029952
310.0		690.0		0.0296568
310.0		700.0		0.02697
310.0		710.0		0.0228506
310.0		720.0		0.0126648
310.0		730.0		0.0123137
310.0		740.0		0.0171141
310.0		750.0		0.0168281
310.0		760.0		0.0143985
310.0		770.0		0.0163435
310.0		780.0		0.0181402
310.0		790.0		0.0214643
310.0		800.0		0.0189703
320.0		420.0		0.0414015
320.0		430.0		0.0625081
320.0		440.0		0.0721436
320.0		450.0		0.081227
320.0		460.0		0.0659947
320.0		470.0		0.0405615
320.0		480.0		0.0650388
320.0		490.0		0.0698759
320.0		500.0		0.0726165
320.0		510.0		0.0674733
320.0		520.0		0.0407571
320.0		530.0		0.0325432
320.0		540.0		0.0417009
320.0		550.0		0.0463807
320.0		560.0		0.0563028
320.0		570.0		0.0518696
320.0		580.0		0.046495
320.0		590.0		0.0310937
320.0		600.0		0.0266007
320.0		610.0		0.0250525
320.0		620.0		0.0270587
320.0		630.0		0.032274
320.0		640.0		0.0363431
320.0		650.0		0.0345933
320.0		660.0		0.0358733
320.0		670.0		0.0329077
320.0		680.0		0.0345974
320.0		690.0		0.0362653
320.0		700.0		0.0325955
320.0		710.0		0.0305191
320.0		720.0		0.0243524
320.0		730.0		0.0165411
320.0		740.0		0.0172854
320.0		750.0		0.015822
320.0		760.0		0.0181167
320.0		770.0		0.0170012
320.0		780.0		0.0161197
320.0		790.0		0.0154857
320.0		800.0		0.0197244
330.0		430.0		0.0344981
330.0		440.0		0.0508916
330.0		450.0		0.0511341
330.0		460.0		0.0513535
330.0		470.0		0.0494175
330.0		480.0		0.0390559
330.0		490.0		0.0610584
330.0		500.0		0.0668686
330.0		510.0		0.0511363
330.0		520.0		0.0403952
330.0		530.0		0.034453
330.0		540.0		0.0363238
330.0		550.0		0.0479288
330.0		560.0		0.053981
330.0		570.0		0.0573593
330.0		580.0		0.0530293
330.0		590.0		0.0552167
330.0		600.0		0.0407188
330.0		610.0		0.0270081
330.0		620.0		0.0309313
330.0		630.0		0.0302822
330.0		640.0		0.0329271
330.0		650.0		0.0354905
330.0		660.0		0.0358743
330.0		670.0		0.0344383
330.0		680.0		0.0298048
330.0		690.0		0.0284324
330.0		700.0		0.0361352
330.0		710.0		0.0253202
330.0		720.0		0.0253273
330.0		730.0		0.0226077
330.0		740.0		0.0149417
330.0		750.0		0.0145787
330.0		760.0		0.0154414
330.0		770.0		0.0182321
330.0		780.0		0.0178899
330.0		790.0		0.019556
330.0		800.0		0.0192627
340.0		440.0		0.0385223
340.0		450.0		0.0495634
340.0		460.0		0.0607816
340.0		470.0		0.0537548
340.0		480.0		0.0449551
340.0		490.0		0.0364585
340.0		500.0		0.0490598
340.0		510.0		0.0478987
340.0		520.0		0.0405369
340.0		530.0		0.0340862
340.0		540.0		0.0355594
340.0		550.0		0.0448296
340.0		560.0		0.0597588
340.0		570.0		0.064286
340.0		580.0		0.0669664
340.0		590.0		0.057771
340.0		600.0		0.0540826
340.0		610.0		0.0432436
340.0		620.0		0.0291665
340.0		630.0		0.0240075
340.0		640.0		0.0294364
340.0		650.0		0.0288145
340.0		660.0		0.029513
340.0		670.0		0.0309957
340.0		680.0		0.0248942
340.0		690.0		0.0296544
340.0		700.0		0.0327675
340.0		710.0		0.0365144
340.0		720.0		0.0358055
340.0		730.0		0.0329989
340.0		740.0		0.0356675
340.0		750.0		0.0231643
340.0		760.0		0.0172093
340.0		770.0		0.0183717
340.0		780.0		0.0165187
340.0		790.0		0.0171103
340.0		800.0		0.0186489
350.0		450.0		0.0375553
350.0		460.0		0.0432693
350.0		470.0		0.0391879
350.0		480.0		0.043152
350.0		490.0		0.0415565
350.0		500.0		0.0355506
350.0		510.0		0.0501234
350.0		520.0		0.0499451
350.0		530.0		0.0394296
350.0		540.0		0.0391571
350.0		550.0		0.0378903
350.0		560.0		0.0550583
350.0		570.0		0.0603855
350.0		580.0		0.0574607
350.0		590.0		0.0507792
350.0		600.0		0.0487516
350.0		610.0		0.044266
350.0		620.0		0.0424522
350.0		630.0		0.0250002
350.0		640.0		0.0219741
350.0		650.0		0.0256809
350.0		660.0		0.0294848
350.0		670.0		0.0283783
350.0		680.0		0.0269795
350.0		690.0		0.0174697
350.0		700.0		0.0193049
350.0		710.0		0.0228715
350.0		720.0		0.0299099
350.0		730.0		0.0351205
350.0		740.0		0.0326877
350.0		750.0		0.0345344
350.0		760.0		0.0275669
350.0		770.0		0.0182488
350.0		780.0		0.020071
350.0		790.0		0.0192529
350.0		800.0		0.0189341
360.0		460.0		0.0364584
360.0		470.0		0.0439663
360.0		480.0		0.0278397
360.0		490.0		0.039419
360.0		500.0		0.0437659
360.0		510.0		0.0285382
360.0		520.0		0.0391997
360.0		530.0		0.0400024
360.0		540.0		0.0317958
360.0		550.0		0.0381147
360.0		560.0		0.0414665
360.0		570.0		0.0580584
360.0		580.0		0.072708
360.0		590.0		0.0589101
360.0		600.0		0.0487123
360.0		610.0		0.0510258
360.0		620.0		0.0489776
360.0		630.0		0.0483536
360.0		640.0		0.0279633
360.0		650.0		0.0300581
360.0		660.0		0.0307866
360.0		670.0		0.0304132
360.0		680.0		0.0317246
360.0		690.0		0.0301125
360.0		700.0		0.0252725
360.0		710.0		0.0222771
360.0		720.0		0.025366
360.0		730.0		0.0324346
360.0		740.0		0.0404695
360.0		750.0		0.0360798
360.0		760.0		0.0394098
360.0		770.0		0.0352967
360.0		780.0		0.0325617
360.0		790.0		0.0283408
360.0		800.0		0.0253848
370.0		470.0		0.0333628
370.0		480.0		0.045095
370.0		490.0		0.0357767
370.0		500.0		0.0509415
370.0		510.0		0.0550304
370.0		520.0		0.0282897
370.0		530.0		0.0356323
370.0		540.0		0.032807
370.0		550.0		0.0272583
370.0		560.0		0.0399464
370.0		570.0		0.0415402
370.0		580.0		0.0571576
370.0		590.0		0.0687978
370.0		600.0		0.0634298
370.0		610.0		0.0475335
370.0		620.0		0.0568247
370.0		630.0		0.050822
370.0		640.0		0.0477239
370.0		650.0		0.0299888
370.0		660.0		0.0253963
370.0		670.0		0.0256307
370.0		680.0		0.0277696
370.0		690.0		0.0272945
370.0		700.0		0.0258918
370.0		710.0		0.025382
370.0		720.0		0.0219655
370.0		730.0		0.0271089
370.0		740.0		0.0249116
370.0		750.0		0.0314526
370.0		760.0		0.0300625
370.0		770.0		0.0289443
370.0		780.0		0.0295784
370.0		790.0		0.0239666
370.0		800.0		0.0233945
380.0		480.0		0.0270125
380.0		490.0		0.0341037
380.0		500.0		0.0292581
380.0		510.0		0.0531015
380.0		520.0		0.0475714
380.0		530.0		0.0313562
380.0		540.0		0.0343236
380.0		550.0		0.0322774
380.0		560.0		0.0282776
380.0		570.0		0.038312
380.0		580.0		0.0378839
380.0		590.0		0.0465172
380.0		600.0		0.076027
380.0		610.0		0.0690763
380.0		620.0		0.0509122
380.0		630.0		0.0496655
380.0		640.0		0.0453321
380.0		650.0		0.0411377
380.0		660.0		0.0315736
380.0		670.0		0.0221552
380.0		680.0		0.0272934
380.0		690.0		0.030823
380.0		700.0		0.0315234
380.0		710.0		0.0338519
380.0		720.0		0.0343871
380.0		730.0		0.0259396
380.0		740.0		0.0304046
380.0		750.0		0.0280449
380.0		760.0		0.0308563
380.0		770.0		0.0319069
380.0		780.0		0.0303349
380.0		790.0		0.0322236
380.0		800.0		0.0230656
390.0		490.0		0.0289446
390.0		500.0		0.034213
390.0		510.0		0.0271422
390.0		520.0		0.0467309
390.0		530.0		0.0467421
390.0		540.0		0.0331085
390.0		550.0		0.0350527
390.0		560.0		0.037037
390.0		570.0		0.0306922
390.0		580.0		0.0353476
390.0		590.0		0.0306244
390.0		600.0		0.0405435
390.0		610.0		0.0581138
390.0		620.0		0.0528588
390.0		630.0		0.0436425
390.0		640.0		0.0475217
390.0		650.0		0.0523886
390.0		660.0		0.0466266
390.0		670.0		0.0430104
390.0		680.0		0.0291702
390.0		690.0		0.0262396
390.0		700.0		0.036314
390.0		710.0		0.0300656
390.0		720.0		0.0313486
390.0		730.0		0.0320618
390.0		740.0		0.0192768
390.0		750.0		0.023238
390.0		760.0		0.0241273
390.0		770.0		0.0218081
390.0		780.0		0.0267424
390.0		790.0		0.0251117
390.0		800.0		0.0269411
400.0		500.0		0.0264387
400.0		510.0		0.0300967
400.0		520.0		0.0304107
400.0		530.0		0.0542252
400.0		540.0		0.0448774
400.0		550.0		0.0255183
400.0		560.0		0.0231463
400.0		570.0		0.0250245
400.0		580.0		0.0217081
400.0		590.0		0.0316725
400.0		600.0		0.03221
400.0		610.0		0.0371163
400.0		620.0		0.0519734
400.0		630.0		0.0592154
400.0		640.0		0.0476943
400.0		650.0		0.0507492
400.0		660.0		0.0527774
400.0		670.0		0.0562172
400.0		680.0		0.0511183
400.0		690.0		0.0313949
400.0		700.0		0.0269844
400.0		710.0		0.0359675
400.0		720.0		0.0262653
400.0		730.0		0.0275671
400.0		740.0		0.0282079
400.0		750.0		0.0176123
400.0		760.0		0.0237043
400.0		770.0		0.0240497
400.0		780.0		0.0273468
400.0		790.0		0.0284225
400.0		800.0		0.0240308
410.0		510.0		0.0217061
410.0		520.0		0.0273886
410.0		530.0		0.0253407
410.0		540.0		0.0482982
410.0		550.0		0.0466105
410.0		560.0		0.0247625
410.0		570.0		0.020383
410.0		580.0		0.0210071
410.0		590.0		0.0216312
410.0		600.0		0.0262127
410.0		610.0		0.0291545
410.0		620.0		0.0303264
410.0		630.0		0.0450738
410.0		640.0		0.0467992
410.0		650.0		0.0341528
410.0		660.0		0.0399241
410.0		670.0		0.0478589
410.0		680.0		0.0493458
410.0		690.0		0.0543439
410.0		700.0		0.0399229
410.0		710.0		0.031386
410.0		720.0		0.0397713
410.0		730.0		0.0340488
410.0		740.0		0.0336092
410.0		750.0		0.030767
410.0		760.0		0.023758
410.0		770.0		0.0237605
410.0		780.0		0.0201177
410.0		790.0		0.0270515
410.0		800.0		0.0259812
420.0		520.0		0.0185715
420.0		530.0		0.028905
420.0		540.0		0.0321842
420.0		550.0		0.0583486
420.0		560.0		0.0414215
420.0		570.0		0.0222675
420.0		580.0		0.0207521
420.0		590.0		0.0236177
420.0		600.0		0.0272252
420.0		610.0		0.0286687
420.0		620.0		0.0350052
420.0		630.0		0.0310479
420.0		640.0		0.0418724
420.0		650.0		0.0445564
420.0		660.0		0.0412052
420.0		670.0		0.0401167
420.0		680.0		0.0450031
420.0		690.0		0.0509889
420.0		700.0		0.0532414
420.0		710.0		0.0418964
420.0		720.0		0.036782
420.0		730.0		0.0438129
420.0		740.0		0.0395165
420.0		750.0		0.0387551
420.0		760.0		0.0304047
420.0		770.0		0.0313428
420.0		780.0		0.0256596
420.0		790.0		0.0284555
420.0		800.0		0.0248411
430.0		530.0		0.0201253
430.0		540.0		0.0320477
430.0		550.0		0.0297882
430.0		560.0		0.0535118
430.0		570.0		0.0421066
430.0		580.0		0.0220367
430.0		590.0		0.0208649
430.0		600.0		0.0261084
430.0		610.0		0.0273701
430.0		620.0		0.0319538
430.0		630.0		0.0410346
430.0		640.0		0.0302073
430.0		650.0		0.0443112
430.0		660.0		0.0443951
430.0		670.0		0.0407734
430.0		680.0		0.0379481
430.0		690.0		0.0399632
430.0		700.0		0.0439405
430.0		710.0		0.0446288
430.0		720.0		0.0383831
430.0		730.0		0.0290935
430.0		740.0		0.0332162
430.0		750.0		0.037522
430.0		760.0		0.037488
430.0		770.0		0.0292799
430.0		780.0		0.0297822
430.0		790.0		0.0258348
430.0		800.0		0.0279553
440.0		540.0		0.0185218
440.0		550.0		0.0296467
440.0		560.0		0.0275561
440.0		570.0		0.0539093
440.0		580.0		0.0398251
440.0		590.0		0.0199334
440.0		600.0		0.0226919
440.0		610.0		0.0340218
440.0		620.0		0.0325769
440.0		630.0		0.0423156
440.0		640.0		0.0492324
440.0		650.0		0.0358947
440.0		660.0		0.046785
440.0		670.0		0.0447842
440.0		680.0		0.0382559
440.0		690.0		0.0278291
440.0		700.0		0.0282395
440.0		710.0		0.0373513
440.0		720.0		0.0361998
440.0		730.0		0.0398921
440.0		740.0		0.0291726
440.0		750.0		0.0275241
440.0		760.0		0.0286557
440.0		770.0		0.0263484
440.0		780.0		0.0228846
440.0		790.0		0.0235576
440.0		800.0		0.0186481
450.0		550.0		0.018522
450.0		560.0		0.0283656
450.0		570.0		0.034563
450.0		580.0		0.0574639
450.0		590.0		0.041363
450.0		600.0		0.0219521
450.0		610.0		0.0272369
450.0		620.0		0.0371078
450.0		630.0		0.0303923
450.0		640.0		0.0348455
450.0		650.0		0.0366959
450.0		660.0		0.0291649
450.0		670.0		0.0394959
450.0		680.0		0.0405774
450.0		690.0		0.0375354
450.0		700.0		0.0303918
450.0		710.0		0.0288363
450.0		720.0		0.0402584
450.0		730.0		0.0391053
450.0		740.0		0.0484206
450.0		750.0		0.0359905
450.0		760.0		0.026164
450.0		770.0		0.0287027
450.0		780.0		0.0237074
450.0		790.0		0.0248121
450.0		800.0		0.0249176
460.0		560.0		0.017026
460.0		570.0		0.0229519
460.0		580.0		0.026106
460.0		590.0		0.0509006
460.0		600.0		0.035305
460.0		610.0		0.0205844
460.0		620.0		0.024734
460.0		630.0		0.0275206
460.0		640.0		0.0247248
460.0		650.0		0.0356226
460.0		660.0		0.030049
460.0		670.0		0.0310242
460.0		680.0		0.0388688
460.0		690.0		0.0438526
460.0		700.0		0.0450825
460.0		710.0		0.0354639
460.0		720.0		0.0280176
460.0		730.0		0.0340606
460.0		740.0		0.0347411
460.0		750.0		0.0363062
460.0		760.0		0.0267867
460.0		770.0		0.017526
460.0		780.0		0.0216356
460.0		790.0		0.0168283
460.0		800.0		0.0180593
470.0		570.0		0.0179813
470.0		580.0		0.022178
470.0		590.0		0.0242703
470.0		600.0		0.0435013
470.0		610.0		0.0315414
470.0		620.0		0.0175885
470.0		630.0		0.0251433
470.0		640.0		0.0338074
470.0		650.0		0.0280362
470.0		660.0		0.0390949
470.0		670.0		0.0320297
470.0		680.0		0.0294827
470.0		690.0		0.0365423
470.0		700.0		0.0450913
470.0		710.0		0.0464229
470.0		720.0		0.0337907
470.0		730.0		0.0241238
470.0		740.0		0.0309788
470.0		750.0		0.0342845
470.0		760.0		0.0348866
470.0		770.0		0.0241217
470.0		780.0		0.0166593
470.0		790.0		0.0223766
470.0		800.0		0.0180825
480.0		580.0		0.0170467
480.0		590.0		0.0251173
480.0		600.0		0.0327974
480.0		610.0		0.052557
480.0		620.0		0.0387377
480.0		630.0		0.0212658
480.0		640.0		0.0229651
480.0		650.0		0.0290755
480.0		660.0		0.0250156
480.0		670.0		0.0341352
480.0		680.0		0.0294719
480.0		690.0		0.0258231
480.0		700.0		0.0276796
480.0		710.0		0.0341675
480.0		720.0		0.0325147
480.0		730.0		0.0268711
480.0		740.0		0.02048
480.0		750.0		0.0260654
480.0		760.0		0.0310146
480.0		770.0		0.0291754
480.0		780.0		0.0221013
480.0		790.0		0.0148417
480.0		800.0		0.0171138
490.0		590.0		0.0152363
490.0		600.0		0.0214687
490.0		610.0		0.0286374
490.0		620.0		0.0451246
490.0		630.0		0.0351898
490.0		640.0		0.0230823
490.0		650.0		0.0282144
490.0		660.0		0.0418004
490.0		670.0		0.0322434
490.0		680.0		0.0407032
490.0		690.0		0.0381078
490.0		700.0		0.0247655
490.0		710.0		0.0243157
490.0		720.0		0.0267612
490.0		730.0		0.0259118
490.0		740.0		0.0285839
490.0		750.0		0.0233396
490.0		760.0		0.0272318
490.0		770.0		0.0323071
490.0		780.0		0.0310628
490.0		790.0		0.0226628
490.0		800.0		0.0150186
500.0		600.0		0.0125668
500.0		610.0		0.0156677
500.0		620.0		0.028524
500.0		630.0		0.0435317
500.0		640.0		0.0334299
500.0		650.0		0.0231805
500.0		660.0		0.0261516
500.0		670.0		0.034915
500.0		680.0		0.0287922
500.0		690.0		0.0386004
500.0		700.0		0.0381265
500.0		710.0		0.0338494
500.0		720.0		0.0293126
500.0		730.0		0.0305481
500.0		740.0		0.0279655
500.0		750.0		0.0295213
500.0		760.0		0.0276008
500.0		770.0		0.0268322
500.0		780.0		0.0298389
500.0		790.0		0.0255198
500.0		800.0		0.0206982
510.0		610.0		0.00958034
510.0		620.0		0.0116949
510.0		630.0		0.0241898
510.0		640.0		0.0437098
510.0		650.0		0.0319722
510.0		660.0		0.0186575
510.0		670.0		0.0226835
510.0		680.0		0.03307
510.0		690.0		0.0283601
510.0		700.0		0.0422163
510.0		710.0		0.0368598
510.0		720.0		0.0320523
510.0		730.0		0.0309281
510.0		740.0		0.0327875
510.0		750.0		0.0287549
510.0		760.0		0.0301949
510.0		770.0		0.0263305
510.0		780.0		0.0214604
510.0		790.0		0.0266901
510.0		800.0		0.0211931
520.0		620.0		0.00915546
520.0		630.0		0.0130648
520.0		640.0		0.0239755
520.0		650.0		0.0398783
520.0		660.0		0.0307505
520.0		670.0		0.0158077
520.0		680.0		0.0201869
520.0		690.0		0.0290305
520.0		700.0		0.0281027
520.0		710.0		0.0409306
520.0		720.0		0.0375485
520.0		730.0		0.0269765
520.0		740.0		0.0300419
520.0		750.0		0.0262404
520.0		760.0		0.0254375
520.0		770.0		0.0233332
520.0		780.0		0.0222518
520.0		790.0		0.0159663
520.0		800.0		0.0206307
530.0		630.0		0.00921938
530.0		640.0		0.0113202
530.0		650.0		0.0193527
530.0		660.0		0.0371495
530.0		670.0		0.0302112
530.0		680.0		0.0158813
530.0		690.0		0.0203447
530.0		700.0		0.0292267
530.0		710.0		0.0247813
530.0		720.0		0.0351282
530.0		730.0		0.0343497
530.0		740.0		0.0272475
530.0		750.0		0.0273105
530.0		760.0		0.0274687
530.0		770.0		0.0258809
530.0		780.0		0.0272108
530.0		790.0		0.0216168
530.0		800.0		0.0155293
540.0		640.0		0.00897832
540.0		650.0		0.0145198
540.0		660.0		0.021848
540.0		670.0		0.0347428
540.0		680.0		0.0299054
540.0		690.0		0.0164349
540.0		700.0		0.0237568
540.0		710.0		0.0353574
540.0		720.0		0.0260398
540.0		730.0		0.036981
540.0		740.0		0.0316542
540.0		750.0		0.0260963
540.0		760.0		0.0205609
540.0		770.0		0.0161907
540.0		780.0		0.0157801
540.0		790.0		0.0181649
540.0		800.0		0.0171156
550.0		650.0		0.0091456
550.0		660.0		0.0150308
550.0		670.0		0.0245207
550.0		680.0		0.0328346
550.0		690.0		0.0321325
550.0		700.0		0.0167363
550.0		710.0		0.0207506
550.0		720.0		0.0314017
550.0		730.0		0.0252288
550.0		740.0		0.0317701
550.0		750.0		0.0288035
550.0		760.0		0.0267445
550.0		770.0		0.0181732
550.0		780.0		0.0153092
550.0		790.0		0.0148523
550.0		800.0		0.0204035
560.0		660.0		0.0095949
560.0		670.0		0.013153
560.0		680.0		0.0204713
560.0		690.0		0.0191978
560.0		700.0		0.0185668
560.0		710.0		0.0126677
560.0		720.0		0.0187227
560.0		730.0		0.0279451
560.0		740.0		0.0217637
560.0		750.0		0.0278451
560.0		760.0		0.0277121
560.0		770.0		0.0283871
560.0		780.0		0.0208484
560.0		790.0		0.0177565
560.0		800.0		0.0175558
570.0		670.0		0.00887901
570.0		680.0		0.015101
570.0		690.0		0.023513
570.0		700.0		0.0229796
570.0		710.0		0.0201925
570.0		720.0		0.0154397
570.0		730.0		0.0218866
570.0		740.0		0.0283975
570.0		750.0		0.0235074
570.0		760.0		0.0282112
570.0		770.0		0.0280378
570.0		780.0		0.0271182
570.0		790.0		0.0215597
570.0		800.0		0.0189915
580.0		680.0		0.0103373
580.0		690.0		0.0153035
580.0		700.0		0.0219664
580.0		710.0		0.0204902
580.0		720.0		0.0177121
580.0		730.0		0.0150509
580.0		740.0		0.0239981
580.0		750.0		0.0243245
580.0		760.0		0.017478
580.0		770.0		0.019301
580.0		780.0		0.0205115
580.0		790.0		0.0229038
580.0		800.0		0.0195427
590.0		690.0		0.0101855
590.0		700.0		0.0157447
590.0		710.0		0.020896
590.0		720.0		0.0206759
590.0		730.0		0.0197973
590.0		740.0		0.0162496
590.0		750.0		0.0277277
590.0		760.0		0.0251524
590.0		770.0		0.017019
590.0		780.0		0.018345
590.0		790.0		0.0181635
590.0		800.0		0.0191613
600.0		700.0		0.00994429
600.0		710.0		0.0151506
600.0		720.0		0.0233101
600.0		730.0		0.0225897
600.0		740.0		0.0208771
600.0		750.0		0.0196904
600.0		760.0		0.0301575
600.0		770.0		0.020907
600.0		780.0		0.0169098
600.0		790.0		0.0208244
600.0		800.0		0.0254241
610.0		710.0		0.0100796
610.0		720.0		0.0171104
610.0		730.0		0.0200635
610.0		740.0		0.0221389
610.0		750.0		0.018879
610.0		760.0		0.0201836
610.0		770.0		0.025544
610.0		780.0		0.021155
610.0		790.0		0.0154524
610.0		800.0		0.0193072
620.0		720.0		0.0114337
620.0		730.0		0.0176289
620.0		740.0		0.0165029
620.0		750.0		0.0179915
620.0		760.0		0.0188338
620.0		770.0		0.022328
620.0		780.0		0.026894
620.0		790.0		0.0234729
620.0		800.0		0.0162725
630.0		730.0		0.0125412
630.0		740.0		0.0199207
630.0		750.0		0.0187745
630.0		760.0		0.0196975
630.0		770.0		0.020712
630.0		780.0		0.0199943
630.0		790.0		0.0224848
630.0		800.0		0.0232067
640.0		740.0		0.0132471
640.0		750.0		0.0209666
640.0		760.0		0.019947
640.0		770.0		0.0176687
640.0		780.0		0.0237903
640.0		790.0		0.0201175
640.0		800.0		0.0260614
650.0		750.0		0.00997325
650.0		760.0		0.0169843
650.0		770.0		0.015119
650.0		780.0		0.0158203
650.0		790.0		0.0255184
650.0		800.0		0.0215737
660.0		760.0		0.0109061
660.0		770.0		0.0176704
660.0		780.0		0.0155731
660.0		790.0		0.0155466
660.0		800.0		0.0243787
670.0		770.0		0.0119335
670.0		780.0		0.0187992
670.0		790.0		0.0147838
670.0		800.0		0.0182788
680.0		780.0		0.011222
680.0		790.0		0.0183995
680.0		800.0		0.0120435
690.0		790.0		0.0133345
690.0		800.0		0.0201805
700.0		800.0		0.0137302


