# 2208.02717, Fig. 10 left HEPdata link: https://www.hepdata.net/record/ins2132368
# Supersedes CMS-PAS-HIG-21-001
# observed 95% exclusion limits on sigBR(gg->\phi->\tau\tau)
# mH[GeV] | sig*BR_95% [pb]
6.000000e+01	4.730561e+00
8.011696e+01	3.450266e+00
1.002339e+02	1.020963e+01
1.203509e+02	1.777360e+00
1.404678e+02	4.863156e-01
1.605848e+02	3.485603e-01
1.807018e+02	2.273892e-01
2.008187e+02	2.870078e-01
2.209357e+02	2.078172e-01
2.410526e+02	1.286266e-01
2.611696e+02	8.448826e-02
2.812865e+02	6.842842e-02
3.014035e+02	5.298408e-02
3.215205e+02	4.574619e-02
3.416374e+02	3.850831e-02
3.617544e+02	3.457167e-02
3.818713e+02	3.298367e-02
4.019883e+02	3.148158e-02
4.221053e+02	3.076273e-02
4.422222e+02	3.004388e-02
4.623392e+02	2.746544e-02
4.824561e+02	2.371484e-02
5.025731e+02	2.018320e-02
5.226901e+02	1.814452e-02
5.428070e+02	1.610583e-02
5.629240e+02	1.406715e-02
5.830409e+02	1.202846e-02
6.031579e+02	1.019784e-02
6.232749e+02	9.484555e-03
6.433918e+02	8.771274e-03
6.635088e+02	8.057993e-03
6.836257e+02	7.344712e-03
7.037427e+02	6.728554e-03
7.238596e+02	6.537309e-03
7.439766e+02	6.346065e-03
7.640936e+02	6.154820e-03
7.842105e+02	5.963575e-03
8.043275e+02	5.829947e-03
8.244444e+02	5.906539e-03
8.445614e+02	5.983132e-03
8.646784e+02	6.059725e-03
8.847953e+02	6.136318e-03
9.049123e+02	6.207706e-03
9.250292e+02	6.262987e-03
9.451462e+02	6.318267e-03
9.652632e+02	6.373548e-03
9.853801e+02	6.428828e-03
1.005497e+03	6.421396e-03
1.025614e+03	6.247174e-03
1.045731e+03	6.072952e-03
1.065848e+03	5.898730e-03
1.085965e+03	5.724508e-03
1.106082e+03	5.550286e-03
1.126199e+03	5.376064e-03
1.146316e+03	5.201842e-03
1.166433e+03	5.027620e-03
1.186550e+03	4.853398e-03
1.206667e+03	4.679545e-03
1.226784e+03	4.506435e-03
1.246901e+03	4.333326e-03
1.267018e+03	4.160216e-03
1.287135e+03	3.987107e-03
1.307251e+03	3.813997e-03
1.327368e+03	3.640887e-03
1.347485e+03	3.467778e-03
1.367602e+03	3.294668e-03
1.387719e+03	3.121559e-03
1.407836e+03	2.966095e-03
1.427953e+03	2.838286e-03
1.448070e+03	2.710477e-03
1.468187e+03	2.582667e-03
1.488304e+03	2.454858e-03
1.508421e+03	2.327049e-03
1.528538e+03	2.199239e-03
1.548655e+03	2.071430e-03
1.568772e+03	1.943621e-03
1.588889e+03	1.815811e-03
1.609006e+03	1.717269e-03
1.629123e+03	1.654835e-03
1.649240e+03	1.592401e-03
1.669357e+03	1.529967e-03
1.689474e+03	1.467533e-03
1.709591e+03	1.405099e-03
1.729708e+03	1.342665e-03
1.749825e+03	1.280231e-03
1.769942e+03	1.217797e-03
1.790058e+03	1.155363e-03
1.810175e+03	1.107647e-03
1.830292e+03	1.074311e-03
1.850409e+03	1.040975e-03
1.870526e+03	1.007639e-03
1.890643e+03	9.743034e-04
1.910760e+03	9.409674e-04
1.930877e+03	9.076314e-04
1.950994e+03	8.742955e-04
1.971111e+03	8.409595e-04
1.991228e+03	8.076235e-04
2.011345e+03	7.847402e-04
2.031462e+03	7.699389e-04
2.051579e+03	7.551376e-04
2.071696e+03	7.403363e-04
2.091813e+03	7.255350e-04
2.111930e+03	7.107336e-04
2.132047e+03	6.959323e-04
2.152164e+03	6.811310e-04
2.172281e+03	6.663297e-04
2.192398e+03	6.515283e-04
2.212515e+03	6.367270e-04
2.232632e+03	6.219257e-04
2.252749e+03	6.071244e-04
2.272865e+03	5.923231e-04
2.292982e+03	5.775217e-04
2.313099e+03	5.660544e-04
2.333216e+03	5.563731e-04
2.353333e+03	5.466917e-04
2.373450e+03	5.370104e-04
2.393567e+03	5.273291e-04
2.413684e+03	5.176478e-04
2.433801e+03	5.079665e-04
2.453918e+03	4.982851e-04
2.474035e+03	4.886038e-04
2.494152e+03	4.789225e-04
2.514269e+03	4.692412e-04
2.534386e+03	4.595599e-04
2.554503e+03	4.498786e-04
2.574620e+03	4.401972e-04
2.594737e+03	4.305159e-04
2.614854e+03	4.242567e-04
2.634971e+03	4.192100e-04
2.655088e+03	4.141634e-04
2.675205e+03	4.091167e-04
2.695322e+03	4.040700e-04
2.715439e+03	3.990234e-04
2.735556e+03	3.939767e-04
2.755673e+03	3.889300e-04
2.775789e+03	3.838834e-04
2.795906e+03	3.788367e-04
2.816023e+03	3.737900e-04
2.836140e+03	3.687434e-04
2.856257e+03	3.636967e-04
2.876374e+03	3.586500e-04
2.896491e+03	3.536034e-04
2.916608e+03	3.500809e-04
2.936725e+03	3.468805e-04
2.956842e+03	3.436800e-04
2.976959e+03	3.404796e-04
2.997076e+03	3.372791e-04
3.017193e+03	3.340786e-04
3.037310e+03	3.308782e-04
3.057427e+03	3.276777e-04
3.077544e+03	3.244773e-04
3.097661e+03	3.212768e-04
3.117778e+03	3.180764e-04
3.137895e+03	3.148759e-04
3.158012e+03	3.116755e-04
3.178129e+03	3.084750e-04
3.198246e+03	3.052746e-04
3.218363e+03	3.032224e-04
3.238480e+03	3.012800e-04
3.258596e+03	2.993375e-04
3.278713e+03	2.973951e-04
3.298830e+03	2.954527e-04
3.318947e+03	2.935102e-04
3.339064e+03	2.915678e-04
3.359181e+03	2.896254e-04
3.379298e+03	2.876829e-04
3.399415e+03	2.857405e-04
3.419532e+03	2.837981e-04
3.439649e+03	2.818556e-04
3.459766e+03	2.799132e-04
3.479883e+03	2.779708e-04
3.500000e+03	2.760283e-04
