# 2309.04364, Fig. 4. HEPdata link: https://www.hepdata.net/record/ins2695554
# Supersedes 1708.00212
# observed 95% exclusion limits on sigBR(pp->H->Z[->ll]\gamma)
# mH[GeV] | sig*BR_95% [pb]
2.200000e+02	1.930000e-02
2.220013e+02	2.441064e-02
2.240025e+02	4.132467e-02
2.260038e+02	6.091133e-02
2.280050e+02	6.689648e-02
2.300063e+02	6.549056e-02
2.320076e+02	6.248490e-02
2.340088e+02	5.849427e-02
2.360101e+02	5.719950e-02
2.380113e+02	5.708641e-02
2.400126e+02	5.470944e-02
2.420138e+02	5.626161e-02
2.440151e+02	6.514682e-02
2.460164e+02	7.129100e-02
2.480176e+02	7.013744e-02
2.500189e+02	6.298200e-02
2.520201e+02	5.041070e-02
2.540214e+02	3.171441e-02
2.560227e+02	2.379320e-02
2.580239e+02	2.321196e-02
2.600252e+02	2.419748e-02
2.620264e+02	2.399604e-02
2.640277e+02	2.370692e-02
2.660289e+02	2.420579e-02
2.680302e+02	2.461661e-02
2.700315e+02	2.573619e-02
2.720327e+02	2.802782e-02
2.740340e+02	2.968301e-02
2.760352e+02	2.865419e-02
2.780365e+02	2.605802e-02
2.800378e+02	2.378301e-02
2.820390e+02	2.289220e-02
2.840403e+02	2.245570e-02
2.860415e+02	2.020862e-02
2.880428e+02	1.582083e-02
2.900441e+02	1.217577e-02
2.920453e+02	1.109320e-02
2.940466e+02	1.078370e-02
2.960478e+02	1.008756e-02
2.980491e+02	9.609943e-03
3.000503e+02	1.086293e-02
3.020516e+02	1.335160e-02
3.040529e+02	1.532907e-02
3.060541e+02	1.642435e-02
3.080554e+02	1.731938e-02
3.100566e+02	1.798867e-02
3.120579e+02	1.755658e-02
3.140592e+02	1.605563e-02
3.160604e+02	1.462719e-02
3.180617e+02	1.559868e-02
3.200629e+02	1.876923e-02
3.220642e+02	2.091284e-02
3.240654e+02	2.129018e-02
3.260667e+02	2.100667e-02
3.280680e+02	2.123059e-02
3.300692e+02	2.212077e-02
3.320705e+02	2.269295e-02
3.340717e+02	2.244978e-02
3.360730e+02	2.095400e-02
3.380743e+02	1.690692e-02
3.400755e+02	1.183203e-02
3.420768e+02	1.012303e-02
3.440780e+02	1.073902e-02
3.460793e+02	1.169604e-02
3.480806e+02	1.155167e-02
3.500818e+02	1.034437e-02
3.520831e+02	9.014663e-03
3.540843e+02	8.452769e-03
3.560856e+02	9.031196e-03
3.580868e+02	1.050422e-02
3.600881e+02	1.296740e-02
3.620894e+02	1.676086e-02
3.640906e+02	2.025437e-02
3.660919e+02	2.138622e-02
3.680931e+02	2.100220e-02
3.700944e+02	1.879232e-02
3.720957e+02	1.448999e-02
3.740969e+02	1.228546e-02
3.760982e+02	1.201963e-02
3.780994e+02	1.240497e-02
3.801007e+02	1.247986e-02
3.821020e+02	1.205412e-02
3.841032e+02	1.115872e-02
3.861045e+02	1.040000e-02
3.881057e+02	1.044758e-02
3.901070e+02	1.137489e-02
3.921082e+02	1.280283e-02
3.941095e+02	1.472593e-02
3.961108e+02	1.706614e-02
3.981120e+02	2.010164e-02
4.001133e+02	2.359062e-02
4.021145e+02	2.513436e-02
4.041158e+02	2.571737e-02
4.061171e+02	2.598829e-02
4.081183e+02	2.577634e-02
4.101196e+02	2.538206e-02
4.121208e+02	2.508188e-02
4.141221e+02	2.478169e-02
4.161233e+02	2.450617e-02
4.181246e+02	2.460623e-02
4.201259e+02	2.469371e-02
4.221271e+02	2.456822e-02
4.241284e+02	2.401655e-02
4.261296e+02	2.256016e-02
4.281309e+02	1.883166e-02
4.301322e+02	1.493392e-02
4.321334e+02	1.399333e-02
4.341347e+02	1.389327e-02
4.361359e+02	1.379320e-02
4.381372e+02	1.367942e-02
4.401385e+02	1.335846e-02
4.421397e+02	1.275110e-02
4.441410e+02	1.203656e-02
4.461422e+02	1.115733e-02
4.481435e+02	1.060717e-02
4.501447e+02	1.073619e-02
4.521460e+02	1.122920e-02
4.541473e+02	1.160000e-02
4.561485e+02	1.157030e-02
4.581498e+02	1.115507e-02
4.601510e+02	1.054638e-02
4.621523e+02	9.822228e-03
4.641536e+02	8.920151e-03
4.661548e+02	7.909685e-03
4.681561e+02	7.355261e-03
4.701573e+02	8.037892e-03
4.721586e+02	9.930969e-03
4.741598e+02	1.187193e-02
4.761611e+02	1.273222e-02
4.781624e+02	1.310000e-02
4.801636e+02	1.307546e-02
4.821649e+02	1.275053e-02
4.841661e+02	1.210862e-02
4.861674e+02	1.107489e-02
4.881687e+02	1.089276e-02
4.901699e+02	1.197646e-02
4.921712e+02	1.283424e-02
4.941724e+02	1.320862e-02
4.961737e+02	1.330000e-02
4.981750e+02	1.329125e-02
5.001762e+02	1.318238e-02
5.021775e+02	1.299113e-02
5.041787e+02	1.289106e-02
5.061800e+02	1.278200e-02
5.081812e+02	1.257281e-02
5.101825e+02	1.223612e-02
5.121838e+02	1.143921e-02
5.141850e+02	9.712159e-03
5.161863e+02	8.394462e-03
5.181875e+02	8.830334e-03
5.201888e+02	9.837760e-03
5.221901e+02	1.020950e-02
5.241913e+02	1.029043e-02
5.261926e+02	1.016341e-02
5.281938e+02	9.753128e-03
5.301951e+02	9.030503e-03
5.321963e+02	8.014770e-03
5.341976e+02	7.080717e-03
5.361989e+02	6.497244e-03
5.382001e+02	6.077980e-03
5.402014e+02	5.775903e-03
5.422026e+02	5.658106e-03
5.442039e+02	5.743254e-03
5.462052e+02	5.873335e-03
5.482064e+02	5.987936e-03
5.502077e+02	5.952347e-03
5.522089e+02	5.769704e-03
5.542102e+02	5.481624e-03
5.562115e+02	5.231542e-03
5.582127e+02	5.185525e-03
5.602140e+02	5.442794e-03
5.622152e+02	5.855960e-03
5.642165e+02	6.395771e-03
5.662177e+02	7.103833e-03
5.682190e+02	7.842561e-03
5.702203e+02	8.295330e-03
5.722215e+02	8.512184e-03
5.742228e+02	8.643417e-03
5.762240e+02	8.955928e-03
5.782253e+02	9.342530e-03
5.802266e+02	9.524531e-03
5.822278e+02	9.556583e-03
5.842291e+02	9.513965e-03
5.862303e+02	9.362360e-03
5.882316e+02	9.101366e-03
5.902329e+02	8.615903e-03
5.922341e+02	7.608364e-03
5.942354e+02	6.467036e-03
5.962366e+02	5.889239e-03
5.982379e+02	5.638590e-03
6.002391e+02	5.459673e-03
6.022404e+02	5.289566e-03
6.042417e+02	5.127917e-03
6.062429e+02	5.030283e-03
6.082442e+02	4.950233e-03
6.102454e+02	4.877546e-03
6.122467e+02	4.857533e-03
6.142480e+02	4.825123e-03
6.162492e+02	4.693833e-03
6.182505e+02	4.476186e-03
6.202517e+02	4.202240e-03
6.222530e+02	3.902052e-03
6.242542e+02	3.604405e-03
6.262555e+02	3.325507e-03
6.282568e+02	3.057904e-03
6.302580e+02	2.815488e-03
6.322593e+02	2.635739e-03
6.342605e+02	2.540000e-03
6.362618e+02	2.550472e-03
6.382631e+02	2.637099e-03
6.402643e+02	2.764537e-03
6.422656e+02	2.866639e-03
6.442668e+02	2.910000e-03
6.462681e+02	2.904638e-03
6.482694e+02	2.865960e-03
6.502706e+02	2.848118e-03
6.522719e+02	2.921750e-03
6.542731e+02	3.087313e-03
6.562744e+02	3.287439e-03
6.582756e+02	3.486186e-03
6.602769e+02	3.685997e-03
6.622782e+02	3.958678e-03
6.642794e+02	4.315884e-03
6.662807e+02	4.713329e-03
6.682819e+02	5.075242e-03
6.702832e+02	5.312656e-03
6.722845e+02	5.461378e-03
6.742857e+02	5.552857e-03
6.762870e+02	5.748829e-03
6.782882e+02	6.164852e-03
6.802895e+02	6.602108e-03
6.822907e+02	6.939075e-03
6.842920e+02	7.126060e-03
6.862933e+02	7.231731e-03
6.882945e+02	7.332398e-03
6.902958e+02	7.545142e-03
6.922970e+02	7.691485e-03
6.942983e+02	7.682102e-03
6.962996e+02	7.551542e-03
6.983008e+02	7.385488e-03
7.003021e+02	7.364531e-03
7.023033e+02	7.400617e-03
7.043046e+02	7.464569e-03
7.063059e+02	7.474707e-03
7.083071e+02	7.340862e-03
7.103084e+02	7.037621e-03
7.123096e+02	6.853807e-03
7.143109e+02	6.815337e-03
7.163121e+02	6.791561e-03
7.183134e+02	6.798433e-03
7.203147e+02	6.780560e-03
7.223159e+02	6.711045e-03
7.243172e+02	6.595727e-03
7.263184e+02	6.505670e-03
7.283197e+02	6.412417e-03
7.303210e+02	6.295928e-03
7.323222e+02	6.134556e-03
7.343235e+02	5.899862e-03
7.363247e+02	5.516602e-03
7.383260e+02	4.762643e-03
7.403272e+02	4.119094e-03
7.423285e+02	3.931353e-03
7.443298e+02	4.068030e-03
7.463310e+02	4.216621e-03
7.483323e+02	4.243354e-03
7.503335e+02	4.191655e-03
7.523348e+02	4.066520e-03
7.543361e+02	3.856312e-03
7.563373e+02	3.575909e-03
7.583386e+02	3.166891e-03
7.603398e+02	2.619943e-03
7.623411e+02	2.125425e-03
7.643424e+02	1.841171e-03
7.663436e+02	1.746564e-03
7.683449e+02	1.733449e-03
7.703461e+02	1.769037e-03
7.723474e+02	1.903424e-03
7.743486e+02	2.176243e-03
7.763499e+02	2.554733e-03
7.783512e+02	2.893361e-03
7.803524e+02	3.069383e-03
7.823537e+02	3.170610e-03
7.843549e+02	3.225324e-03
7.863562e+02	3.253562e-03
7.883575e+02	3.266425e-03
7.903587e+02	3.237445e-03
7.923600e+02	3.156602e-03
7.943612e+02	3.019295e-03
7.963625e+02	2.851001e-03
7.983638e+02	2.696356e-03
8.003650e+02	2.588175e-03
8.023663e+02	2.581831e-03
8.043675e+02	2.588162e-03
8.063688e+02	2.572624e-03
8.083700e+02	2.527048e-03
8.103713e+02	2.457004e-03
8.123726e+02	2.394412e-03
8.143738e+02	2.381215e-03
8.163751e+02	2.456256e-03
8.183763e+02	2.603870e-03
8.203776e+02	2.785872e-03
8.223789e+02	2.994934e-03
8.243801e+02	3.290818e-03
8.263814e+02	3.612926e-03
8.283826e+02	3.922089e-03
8.303839e+02	4.119194e-03
8.323851e+02	4.209629e-03
8.343864e+02	4.251932e-03
8.363877e+02	4.258062e-03
8.383889e+02	4.246111e-03
8.403902e+02	4.222196e-03
8.423914e+02	4.178257e-03
8.443927e+02	4.112329e-03
8.463940e+02	3.996665e-03
8.483952e+02	3.758741e-03
8.503965e+02	3.496123e-03
8.523977e+02	3.461875e-03
8.543990e+02	3.575935e-03
8.564003e+02	3.714021e-03
8.584015e+02	3.890151e-03
8.604028e+02	4.100346e-03
8.624040e+02	4.342423e-03
8.644053e+02	4.534317e-03
8.664065e+02	4.644229e-03
8.684078e+02	4.712234e-03
8.704091e+02	4.768181e-03
8.724103e+02	4.804103e-03
8.744116e+02	4.822058e-03
8.764128e+02	4.827936e-03
8.784141e+02	4.815859e-03
8.804154e+02	4.789616e-03
8.824166e+02	4.731252e-03
8.844179e+02	4.634928e-03
8.864191e+02	4.506469e-03
8.884204e+02	4.323247e-03
8.904216e+02	4.053077e-03
8.924229e+02	3.810396e-03
8.944242e+02	3.680913e-03
8.964254e+02	3.588729e-03
8.984267e+02	3.484399e-03
9.004279e+02	3.367747e-03
9.024292e+02	3.263682e-03
9.044305e+02	3.159616e-03
9.064317e+02	3.055551e-03
9.084330e+02	2.951485e-03
9.104342e+02	2.863921e-03
9.124355e+02	2.835903e-03
9.144368e+02	2.807885e-03
9.164380e+02	2.779868e-03
9.184393e+02	2.751850e-03
9.204405e+02	2.743216e-03
9.224418e+02	2.803254e-03
9.244430e+02	2.863291e-03
9.264443e+02	2.923329e-03
9.284456e+02	2.983367e-03
9.304468e+02	3.060384e-03
9.324481e+02	3.196469e-03
9.344493e+02	3.332555e-03
9.364506e+02	3.468641e-03
9.384519e+02	3.604726e-03
9.404531e+02	3.708188e-03
9.424544e+02	3.700183e-03
9.444556e+02	3.692177e-03
9.464569e+02	3.684172e-03
9.484581e+02	3.676167e-03
9.504594e+02	3.703077e-03
9.524607e+02	3.847168e-03
9.544619e+02	3.991259e-03
9.564632e+02	4.135349e-03
9.584644e+02	4.279440e-03
9.604657e+02	4.403040e-03
9.624670e+02	4.459075e-03
9.644682e+02	4.515110e-03
9.664695e+02	4.571145e-03
9.684707e+02	4.627181e-03
9.704720e+02	4.666696e-03
9.724733e+02	4.652687e-03
9.744745e+02	4.638678e-03
9.764758e+02	4.624670e-03
9.784770e+02	4.610661e-03
9.804783e+02	4.534953e-03
9.824795e+02	4.262782e-03
9.844808e+02	3.990610e-03
9.864821e+02	3.718439e-03
9.884833e+02	3.446268e-03
9.904846e+02	3.224009e-03
9.924858e+02	3.157967e-03
9.944871e+02	3.091926e-03
9.964884e+02	3.025884e-03
9.984896e+02	2.959843e-03
1.000491e+03	2.887911e-03
1.002492e+03	2.797854e-03
1.004493e+03	2.707797e-03
1.006495e+03	2.617741e-03
1.008496e+03	2.527684e-03
1.010497e+03	2.463480e-03
1.012498e+03	2.477489e-03
1.014500e+03	2.491498e-03
1.016501e+03	2.505507e-03
1.018502e+03	2.519515e-03
1.020503e+03	2.532517e-03
1.022505e+03	2.542524e-03
1.024506e+03	2.552530e-03
1.026507e+03	2.562536e-03
1.028508e+03	2.572542e-03
1.030510e+03	2.562668e-03
1.032511e+03	2.494626e-03
1.034512e+03	2.426583e-03
1.036514e+03	2.358540e-03
1.038515e+03	2.290497e-03
1.040516e+03	2.187363e-03
1.042517e+03	1.983235e-03
1.044519e+03	1.779106e-03
1.046520e+03	1.574978e-03
1.048521e+03	1.370850e-03
1.050522e+03	1.213210e-03
1.052524e+03	1.187193e-03
1.054525e+03	1.161177e-03
1.056526e+03	1.135160e-03
1.058527e+03	1.109144e-03
1.060529e+03	1.095286e-03
1.062530e+03	1.115299e-03
1.064531e+03	1.135312e-03
1.066532e+03	1.155324e-03
1.068534e+03	1.175337e-03
1.070535e+03	1.191070e-03
1.072536e+03	1.195072e-03
1.074537e+03	1.199075e-03
1.076539e+03	1.203077e-03
1.078540e+03	1.207080e-03
1.080541e+03	1.201882e-03
1.082542e+03	1.171863e-03
1.084544e+03	1.141844e-03
1.086545e+03	1.111825e-03
1.088546e+03	1.081806e-03
1.090548e+03	1.057810e-03
1.092549e+03	1.049805e-03
1.094550e+03	1.041800e-03
1.096551e+03	1.033795e-03
1.098553e+03	1.025790e-03
1.100554e+03	1.031630e-03
1.102555e+03	1.073656e-03
1.104556e+03	1.115683e-03
1.106558e+03	1.157709e-03
1.108559e+03	1.199736e-03
1.110560e+03	1.221038e-03
1.112561e+03	1.189018e-03
1.114563e+03	1.156998e-03
1.116564e+03	1.124978e-03
1.118565e+03	1.092958e-03
1.120566e+03	1.060371e-03
1.122568e+03	1.026350e-03
1.124569e+03	9.923285e-04
1.126570e+03	9.583071e-04
1.128571e+03	9.242857e-04
1.130573e+03	9.263436e-04
1.132574e+03	1.018402e-03
1.134575e+03	1.110459e-03
1.136576e+03	1.202517e-03
1.138578e+03	1.294575e-03
1.140579e+03	1.376790e-03
1.142580e+03	1.434827e-03
1.144581e+03	1.492863e-03
1.146583e+03	1.550900e-03
1.148584e+03	1.608936e-03
1.150585e+03	1.651756e-03
1.152587e+03	1.657760e-03
1.154588e+03	1.663763e-03
1.156589e+03	1.669767e-03
1.158590e+03	1.675771e-03
1.160592e+03	1.683549e-03
1.162593e+03	1.695557e-03
1.164594e+03	1.707565e-03
1.166595e+03	1.719572e-03
1.168597e+03	1.731580e-03
1.170598e+03	1.760327e-03
1.172599e+03	1.828370e-03
1.174600e+03	1.896413e-03
1.176602e+03	1.964456e-03
1.178603e+03	2.032498e-03
1.180604e+03	2.083021e-03
1.182605e+03	2.093027e-03
1.184607e+03	2.103033e-03
1.186608e+03	2.113040e-03
1.188609e+03	2.123046e-03
1.190610e+03	2.123285e-03
1.192612e+03	2.101271e-03
1.194613e+03	2.079257e-03
1.196614e+03	2.057244e-03
1.198615e+03	2.035230e-03
1.200617e+03	1.992247e-03
1.202618e+03	1.902190e-03
1.204619e+03	1.812133e-03
1.206621e+03	1.722077e-03
1.208622e+03	1.632020e-03
1.210623e+03	1.582461e-03
1.212624e+03	1.622486e-03
1.214626e+03	1.662511e-03
1.216627e+03	1.702536e-03
1.218628e+03	1.742561e-03
1.220629e+03	1.780069e-03
1.222631e+03	1.812089e-03
1.224632e+03	1.844110e-03
1.226633e+03	1.876130e-03
1.228634e+03	1.908150e-03
1.230636e+03	1.933814e-03
1.232637e+03	1.945821e-03
1.234638e+03	1.957829e-03
1.236639e+03	1.969836e-03
1.238641e+03	1.981844e-03
1.240642e+03	1.995777e-03
1.242643e+03	2.013789e-03
1.244644e+03	2.031800e-03
1.246646e+03	2.049811e-03
1.248647e+03	2.067823e-03
1.250648e+03	2.086482e-03
1.252649e+03	2.106495e-03
1.254651e+03	2.126507e-03
1.256652e+03	2.146520e-03
1.258653e+03	2.166532e-03
1.260654e+03	2.187199e-03
1.262656e+03	2.209213e-03
1.264657e+03	2.231227e-03
1.266658e+03	2.253241e-03
1.268660e+03	2.275255e-03
1.270661e+03	2.283392e-03
1.272662e+03	2.263379e-03
1.274663e+03	2.243367e-03
1.276665e+03	2.223354e-03
1.278666e+03	2.203342e-03
1.280667e+03	2.194003e-03
1.282668e+03	2.206010e-03
1.284670e+03	2.218018e-03
1.286671e+03	2.230025e-03
1.288672e+03	2.242033e-03
1.290673e+03	2.249327e-03
1.292675e+03	2.247325e-03
1.294676e+03	2.245324e-03
1.296677e+03	2.243323e-03
1.298678e+03	2.241322e-03
1.300680e+03	2.246117e-03
1.302681e+03	2.264128e-03
1.304682e+03	2.282140e-03
1.306683e+03	2.300151e-03
1.308685e+03	2.318162e-03
1.310686e+03	2.334116e-03
1.312687e+03	2.346123e-03
1.314688e+03	2.358131e-03
1.316690e+03	2.370138e-03
1.318691e+03	2.382146e-03
1.320692e+03	2.396230e-03
1.322694e+03	2.414242e-03
1.324695e+03	2.432253e-03
1.326696e+03	2.450264e-03
1.328697e+03	2.468276e-03
1.330699e+03	2.464632e-03
1.332700e+03	2.420604e-03
1.334701e+03	2.376576e-03
1.336702e+03	2.332549e-03
1.338704e+03	2.288521e-03
1.340705e+03	2.245903e-03
1.342706e+03	2.205878e-03
1.344707e+03	2.165853e-03
1.346709e+03	2.125828e-03
1.348710e+03	2.085802e-03
1.350711e+03	2.026576e-03
1.352712e+03	1.932517e-03
1.354714e+03	1.838458e-03
1.356715e+03	1.744399e-03
1.358716e+03	1.650340e-03
1.360717e+03	1.567042e-03
1.362719e+03	1.503002e-03
1.364720e+03	1.438962e-03
1.366721e+03	1.374921e-03
1.368722e+03	1.310881e-03
1.370724e+03	1.258420e-03
1.372725e+03	1.226400e-03
1.374726e+03	1.194380e-03
1.376728e+03	1.162360e-03
1.378729e+03	1.130340e-03
1.380730e+03	1.097590e-03
1.382731e+03	1.063568e-03
1.384733e+03	1.029547e-03
1.386734e+03	9.955255e-04
1.388735e+03	9.615041e-04
1.390736e+03	9.458905e-04
1.392738e+03	9.619006e-04
1.394739e+03	9.779106e-04
1.396740e+03	9.939207e-04
1.398741e+03	1.009931e-03
1.400743e+03	1.020743e-03
1.402744e+03	1.022744e-03
1.404745e+03	1.024745e-03
1.406746e+03	1.026746e-03
1.408748e+03	1.028748e-03
1.410749e+03	1.023260e-03
1.412750e+03	1.005249e-03
1.414751e+03	9.872373e-04
1.416753e+03	9.692259e-04
1.418754e+03	9.512146e-04
1.420755e+03	9.452863e-04
1.422756e+03	9.592952e-04
1.424758e+03	9.733040e-04
1.426759e+03	9.873128e-04
1.428760e+03	1.001322e-03
1.430761e+03	1.033606e-03
1.432763e+03	1.095645e-03
1.434764e+03	1.157684e-03
1.436765e+03	1.219723e-03
1.438767e+03	1.281762e-03
1.440768e+03	1.335356e-03
1.442769e+03	1.375381e-03
1.444770e+03	1.415406e-03
1.446772e+03	1.455431e-03
1.448773e+03	1.495456e-03
1.450774e+03	1.529289e-03
1.452775e+03	1.553304e-03
1.454777e+03	1.577319e-03
1.456778e+03	1.601334e-03
1.458779e+03	1.625349e-03
1.460780e+03	1.642341e-03
1.462782e+03	1.648345e-03
1.464783e+03	1.654349e-03
1.466784e+03	1.660352e-03
1.468785e+03	1.666356e-03
1.470787e+03	1.664493e-03
1.472788e+03	1.650485e-03
1.474789e+03	1.636476e-03
1.476790e+03	1.622467e-03
1.478792e+03	1.608458e-03
1.480793e+03	1.588899e-03
1.482794e+03	1.560881e-03
1.484795e+03	1.532863e-03
1.486797e+03	1.504846e-03
1.488798e+03	1.476828e-03
1.490799e+03	1.441617e-03
1.492801e+03	1.395588e-03
1.494802e+03	1.349559e-03
1.496803e+03	1.303531e-03
1.498804e+03	1.257502e-03
1.500806e+03	1.217917e-03
1.502807e+03	1.187898e-03
1.504808e+03	1.157879e-03
1.506809e+03	1.127860e-03
1.508811e+03	1.097841e-03
1.510812e+03	1.079188e-03
1.512813e+03	1.077187e-03
1.514814e+03	1.075186e-03
1.516816e+03	1.073184e-03
1.518817e+03	1.071183e-03
1.520818e+03	1.065091e-03
1.522819e+03	1.053084e-03
1.524821e+03	1.041076e-03
1.526822e+03	1.029069e-03
1.528823e+03	1.017061e-03
1.530824e+03	1.005878e-03
1.532826e+03	9.958716e-04
1.534827e+03	9.858653e-04
1.536828e+03	9.758590e-04
1.538829e+03	9.658527e-04
1.540831e+03	9.824292e-04
1.542832e+03	1.036463e-03
1.544833e+03	1.090497e-03
1.546834e+03	1.144531e-03
1.548836e+03	1.198565e-03
1.550837e+03	1.242555e-03
1.552838e+03	1.272574e-03
1.554840e+03	1.302593e-03
1.556841e+03	1.332612e-03
1.558842e+03	1.362631e-03
1.560843e+03	1.380000e-03
1.562845e+03	1.380000e-03
1.564846e+03	1.380000e-03
1.566847e+03	1.380000e-03
1.568848e+03	1.380000e-03
1.570850e+03	1.376602e-03
1.572851e+03	1.368597e-03
1.574852e+03	1.360592e-03
1.576853e+03	1.352587e-03
1.578855e+03	1.344581e-03
1.580856e+03	1.320315e-03
1.582857e+03	1.274286e-03
1.584858e+03	1.228257e-03
1.586860e+03	1.182228e-03
1.588861e+03	1.136199e-03
1.590862e+03	1.091032e-03
1.592863e+03	1.047004e-03
1.594865e+03	1.002977e-03
1.596866e+03	9.589490e-04
1.598867e+03	9.149213e-04
1.600868e+03	8.865261e-04
1.602870e+03	8.785211e-04
1.604871e+03	8.705160e-04
1.606872e+03	8.625110e-04
1.608874e+03	8.545060e-04
1.610875e+03	8.526243e-04
1.612876e+03	8.586281e-04
1.614877e+03	8.646318e-04
1.616879e+03	8.706356e-04
1.618880e+03	8.766394e-04
1.620881e+03	8.861674e-04
1.622882e+03	9.001762e-04
1.624884e+03	9.141850e-04
1.626885e+03	9.281938e-04
1.628886e+03	9.422026e-04
1.630887e+03	9.553241e-04
1.632889e+03	9.673317e-04
1.634890e+03	9.793392e-04
1.636891e+03	9.913468e-04
1.638892e+03	1.003354e-03
1.640894e+03	1.016256e-03
1.642895e+03	1.030264e-03
1.644896e+03	1.044273e-03
1.646897e+03	1.058282e-03
1.648899e+03	1.072291e-03
1.650900e+03	1.083600e-03
1.652901e+03	1.091605e-03
1.654902e+03	1.099610e-03
1.656904e+03	1.107615e-03
1.658905e+03	1.115620e-03
1.660906e+03	1.131781e-03
1.662907e+03	1.157797e-03
1.664909e+03	1.183814e-03
1.666910e+03	1.209830e-03
1.668911e+03	1.235846e-03
1.670913e+03	1.262775e-03
1.672914e+03	1.290793e-03
1.674915e+03	1.318811e-03
1.676916e+03	1.346828e-03
1.678918e+03	1.374846e-03
1.680919e+03	1.388162e-03
1.682920e+03	1.384160e-03
1.684921e+03	1.380157e-03
1.686923e+03	1.376155e-03
1.688924e+03	1.372152e-03
1.690925e+03	1.365374e-03
1.692926e+03	1.355368e-03
1.694928e+03	1.345362e-03
1.696929e+03	1.335356e-03
1.698930e+03	1.325349e-03
1.700931e+03	1.313480e-03
1.702933e+03	1.299471e-03
1.704934e+03	1.285463e-03
1.706935e+03	1.271454e-03
1.708936e+03	1.257445e-03
1.710938e+03	1.230308e-03
1.712939e+03	1.188282e-03
1.714940e+03	1.146256e-03
1.716941e+03	1.104229e-03
1.718943e+03	1.062203e-03
1.720944e+03	1.018288e-03
1.722945e+03	9.722593e-04
1.724947e+03	9.262303e-04
1.726948e+03	8.802014e-04
1.728949e+03	8.341724e-04
1.730950e+03	7.995469e-04
1.732952e+03	7.775330e-04
1.734953e+03	7.555192e-04
1.736954e+03	7.335053e-04
1.738955e+03	7.114915e-04
1.740957e+03	7.038263e-04
1.742958e+03	7.118313e-04
1.744959e+03	7.198364e-04
1.746960e+03	7.278414e-04
1.748962e+03	7.358464e-04
1.750963e+03	7.505916e-04
1.752964e+03	7.726054e-04
1.754965e+03	7.946193e-04
1.756967e+03	8.166331e-04
1.758968e+03	8.386469e-04
1.760969e+03	8.538767e-04
1.762970e+03	8.618817e-04
1.764972e+03	8.698867e-04
1.766973e+03	8.778918e-04
1.768974e+03	8.858968e-04
1.770975e+03	8.890245e-04
1.772977e+03	8.870233e-04
1.774978e+03	8.850220e-04
1.776979e+03	8.830208e-04
1.778980e+03	8.810195e-04
1.780982e+03	8.750913e-04
1.782983e+03	8.650850e-04
1.784984e+03	8.550787e-04
1.786986e+03	8.450724e-04
1.788987e+03	8.350661e-04
1.790988e+03	8.211076e-04
1.792989e+03	8.030963e-04
1.794991e+03	7.850850e-04
1.796992e+03	7.670736e-04
1.798993e+03	7.490623e-04
1.800994e+03	7.469604e-04
1.802996e+03	7.609692e-04
1.804997e+03	7.749780e-04
1.806998e+03	7.889868e-04
1.808999e+03	8.029956e-04
1.811001e+03	8.140025e-04
1.813002e+03	8.220076e-04
1.815003e+03	8.300126e-04
1.817004e+03	8.380176e-04
1.819006e+03	8.460227e-04
1.821007e+03	8.489931e-04
1.823008e+03	8.469918e-04
1.825009e+03	8.449906e-04
1.827011e+03	8.429893e-04
1.829012e+03	8.409880e-04
1.831013e+03	8.369604e-04
1.833014e+03	8.309566e-04
1.835016e+03	8.249528e-04
1.837017e+03	8.189490e-04
1.839018e+03	8.129452e-04
1.841020e+03	8.079610e-04
1.843021e+03	8.039585e-04
1.845022e+03	7.999559e-04
1.847023e+03	7.959534e-04
1.849025e+03	7.919509e-04
1.851026e+03	7.823065e-04
1.853027e+03	7.672970e-04
1.855028e+03	7.522876e-04
1.857030e+03	7.372782e-04
1.859031e+03	7.222687e-04
1.861032e+03	7.072593e-04
1.863033e+03	6.922498e-04
1.865035e+03	6.772404e-04
1.867036e+03	6.622310e-04
1.869037e+03	6.472215e-04
1.871038e+03	6.476149e-04
1.873040e+03	6.622907e-04
1.875041e+03	6.769666e-04
1.877042e+03	6.916425e-04
1.879043e+03	7.063184e-04
1.881045e+03	7.209943e-04
1.883046e+03	7.356702e-04
1.885047e+03	7.503461e-04
1.887048e+03	7.650220e-04
1.889050e+03	7.796979e-04
1.891051e+03	7.943738e-04
1.893052e+03	8.090497e-04
1.895053e+03	8.237256e-04
1.897055e+03	8.384015e-04
1.899056e+03	8.530774e-04
1.901057e+03	8.577797e-04
1.903059e+03	8.535771e-04
1.905060e+03	8.493744e-04
1.907061e+03	8.451718e-04
1.909062e+03	8.409692e-04
1.911064e+03	8.367665e-04
1.913065e+03	8.325639e-04
1.915066e+03	8.283612e-04
1.917067e+03	8.241586e-04
1.919069e+03	8.199559e-04
1.921070e+03	8.157533e-04
1.923071e+03	8.115507e-04
1.925072e+03	8.073480e-04
1.927074e+03	8.031454e-04
1.929075e+03	7.989427e-04
1.931076e+03	7.947401e-04
1.933077e+03	7.905374e-04
1.935079e+03	7.863348e-04
1.937080e+03	7.821322e-04
1.939081e+03	7.779295e-04
1.941082e+03	7.737269e-04
1.943084e+03	7.695242e-04
1.945085e+03	7.653216e-04
1.947086e+03	7.611189e-04
1.949087e+03	7.569163e-04
1.951089e+03	7.527137e-04
1.953090e+03	7.485110e-04
1.955091e+03	7.443084e-04
1.957093e+03	7.401057e-04
1.959094e+03	7.359031e-04
1.961095e+03	7.317004e-04
1.963096e+03	7.274978e-04
1.965098e+03	7.232952e-04
1.967099e+03	7.190925e-04
1.969100e+03	7.148899e-04
1.971101e+03	7.106872e-04
1.973103e+03	7.064846e-04
1.975104e+03	7.022819e-04
1.977105e+03	6.980793e-04
1.979106e+03	6.938767e-04
1.981108e+03	6.896740e-04
1.983109e+03	6.854714e-04
1.985110e+03	6.812687e-04
1.987111e+03	6.770661e-04
1.989113e+03	6.728634e-04
1.991114e+03	6.686608e-04
1.993115e+03	6.644581e-04
1.995116e+03	6.602555e-04
1.997118e+03	6.560529e-04
1.999119e+03	6.518502e-04
2.001120e+03	6.486558e-04
2.003121e+03	6.462542e-04
2.005123e+03	6.438527e-04
2.007124e+03	6.414512e-04
2.009125e+03	6.390497e-04
2.011126e+03	6.366482e-04
2.013128e+03	6.342467e-04
2.015129e+03	6.318452e-04
2.017130e+03	6.294437e-04
2.019132e+03	6.270422e-04
2.021133e+03	6.246407e-04
2.023134e+03	6.222391e-04
2.025135e+03	6.198376e-04
2.027137e+03	6.174361e-04
2.029138e+03	6.150346e-04
2.031139e+03	6.126331e-04
2.033140e+03	6.102316e-04
2.035142e+03	6.078301e-04
2.037143e+03	6.054286e-04
2.039144e+03	6.030271e-04
2.041145e+03	6.006256e-04
2.043147e+03	5.982240e-04
2.045148e+03	5.958225e-04
2.047149e+03	5.934210e-04
2.049150e+03	5.910195e-04
2.051152e+03	5.902303e-04
2.053153e+03	5.906306e-04
2.055154e+03	5.910308e-04
2.057155e+03	5.914311e-04
2.059157e+03	5.918313e-04
2.061158e+03	5.922316e-04
2.063159e+03	5.926318e-04
2.065160e+03	5.930321e-04
2.067162e+03	5.934323e-04
2.069163e+03	5.938326e-04
2.071164e+03	5.942329e-04
2.073166e+03	5.946331e-04
2.075167e+03	5.950334e-04
2.077168e+03	5.954336e-04
2.079169e+03	5.958339e-04
2.081171e+03	5.962341e-04
2.083172e+03	5.966344e-04
2.085173e+03	5.970346e-04
2.087174e+03	5.974349e-04
2.089176e+03	5.978351e-04
2.091177e+03	5.982354e-04
2.093178e+03	5.986356e-04
2.095179e+03	5.990359e-04
2.097181e+03	5.994361e-04
2.099182e+03	5.998364e-04
2.101183e+03	6.016564e-04
2.103184e+03	6.044581e-04
2.105186e+03	6.072599e-04
2.107187e+03	6.100617e-04
2.109188e+03	6.128634e-04
2.111189e+03	6.156652e-04
2.113191e+03	6.184670e-04
2.115192e+03	6.212687e-04
2.117193e+03	6.240705e-04
2.119194e+03	6.268722e-04
2.121196e+03	6.296740e-04
2.123197e+03	6.324758e-04
2.125198e+03	6.352775e-04
2.127199e+03	6.380793e-04
2.129201e+03	6.408811e-04
2.131202e+03	6.436828e-04
2.133203e+03	6.464846e-04
2.135205e+03	6.492863e-04
2.137206e+03	6.520881e-04
2.139207e+03	6.548899e-04
2.141208e+03	6.576916e-04
2.143210e+03	6.604934e-04
2.145211e+03	6.632952e-04
2.147212e+03	6.660969e-04
2.149213e+03	6.688987e-04
2.151215e+03	6.721863e-04
2.153216e+03	6.757885e-04
2.155217e+03	6.793908e-04
2.157218e+03	6.829931e-04
2.159220e+03	6.865953e-04
2.161221e+03	6.901976e-04
2.163222e+03	6.937999e-04
2.165223e+03	6.974021e-04
2.167225e+03	7.010044e-04
2.169226e+03	7.046067e-04
2.171227e+03	7.082089e-04
2.173228e+03	7.118112e-04
2.175230e+03	7.154135e-04
2.177231e+03	7.190157e-04
2.179232e+03	7.226180e-04
2.181233e+03	7.262203e-04
2.183235e+03	7.298225e-04
2.185236e+03	7.334248e-04
2.187237e+03	7.370271e-04
2.189239e+03	7.406293e-04
2.191240e+03	7.442316e-04
2.193241e+03	7.478339e-04
2.195242e+03	7.514361e-04
2.197244e+03	7.550384e-04
2.199245e+03	7.586407e-04
2.201246e+03	7.587539e-04
2.203247e+03	7.567527e-04
2.205249e+03	7.547514e-04
2.207250e+03	7.527502e-04
2.209251e+03	7.507489e-04
2.211252e+03	7.487476e-04
2.213254e+03	7.467464e-04
2.215255e+03	7.447451e-04
2.217256e+03	7.427439e-04
2.219257e+03	7.407426e-04
2.221259e+03	7.387413e-04
2.223260e+03	7.367401e-04
2.225261e+03	7.347388e-04
2.227262e+03	7.327376e-04
2.229264e+03	7.307363e-04
2.231265e+03	7.287351e-04
2.233266e+03	7.267338e-04
2.235267e+03	7.247325e-04
2.237269e+03	7.227313e-04
2.239270e+03	7.207300e-04
2.241271e+03	7.187288e-04
2.243272e+03	7.167275e-04
2.245274e+03	7.147262e-04
2.247275e+03	7.127250e-04
2.249276e+03	7.107237e-04
2.251278e+03	7.079559e-04
2.253279e+03	7.047539e-04
2.255280e+03	7.015519e-04
2.257281e+03	6.983499e-04
2.259283e+03	6.951479e-04
2.261284e+03	6.919459e-04
2.263285e+03	6.887439e-04
2.265286e+03	6.855419e-04
2.267288e+03	6.823398e-04
2.269289e+03	6.791378e-04
2.271290e+03	6.759358e-04
2.273291e+03	6.727338e-04
2.275293e+03	6.695318e-04
2.277294e+03	6.663298e-04
2.279295e+03	6.631278e-04
2.281296e+03	6.599257e-04
2.283298e+03	6.567237e-04
2.285299e+03	6.535217e-04
2.287300e+03	6.503197e-04
2.289301e+03	6.471177e-04
2.291303e+03	6.439157e-04
2.293304e+03	6.407137e-04
2.295305e+03	6.375116e-04
2.297306e+03	6.343096e-04
2.299308e+03	6.311076e-04
2.301309e+03	6.296073e-04
2.303310e+03	6.290069e-04
2.305312e+03	6.284065e-04
2.307313e+03	6.278062e-04
2.309314e+03	6.272058e-04
2.311315e+03	6.266054e-04
2.313317e+03	6.260050e-04
2.315318e+03	6.254047e-04
2.317319e+03	6.248043e-04
2.319320e+03	6.242039e-04
2.321322e+03	6.236035e-04
2.323323e+03	6.230031e-04
2.325324e+03	6.224028e-04
2.327325e+03	6.218024e-04
2.329327e+03	6.212020e-04
2.331328e+03	6.206016e-04
2.333329e+03	6.200013e-04
2.335330e+03	6.194009e-04
2.337332e+03	6.188005e-04
2.339333e+03	6.182001e-04
2.341334e+03	6.175997e-04
2.343335e+03	6.169994e-04
2.345337e+03	6.163990e-04
2.347338e+03	6.157986e-04
2.349339e+03	6.151982e-04
2.351340e+03	6.145979e-04
2.353342e+03	6.139975e-04
2.355343e+03	6.133971e-04
2.357344e+03	6.127967e-04
2.359346e+03	6.121963e-04
2.361347e+03	6.115960e-04
2.363348e+03	6.109956e-04
2.365349e+03	6.103952e-04
2.367351e+03	6.097948e-04
2.369352e+03	6.091945e-04
2.371353e+03	6.085941e-04
2.373354e+03	6.079937e-04
2.375356e+03	6.073933e-04
2.377357e+03	6.067930e-04
2.379358e+03	6.061926e-04
2.381359e+03	6.055922e-04
2.383361e+03	6.049918e-04
2.385362e+03	6.043914e-04
2.387363e+03	6.037911e-04
2.389364e+03	6.031907e-04
2.391366e+03	6.025903e-04
2.393367e+03	6.019899e-04
2.395368e+03	6.013896e-04
2.397369e+03	6.007892e-04
2.399371e+03	6.001888e-04
2.401372e+03	5.995884e-04
2.403373e+03	5.989880e-04
2.405374e+03	5.983877e-04
2.407376e+03	5.977873e-04
2.409377e+03	5.971869e-04
2.411378e+03	5.965865e-04
2.413379e+03	5.959862e-04
2.415381e+03	5.953858e-04
2.417382e+03	5.947854e-04
2.419383e+03	5.941850e-04
2.421385e+03	5.935846e-04
2.423386e+03	5.929843e-04
2.425387e+03	5.923839e-04
2.427388e+03	5.917835e-04
2.429390e+03	5.911831e-04
2.431391e+03	5.905828e-04
2.433392e+03	5.899824e-04
2.435393e+03	5.893820e-04
2.437395e+03	5.887816e-04
2.439396e+03	5.881812e-04
2.441397e+03	5.875809e-04
2.443398e+03	5.869805e-04
2.445400e+03	5.863801e-04
2.447401e+03	5.857797e-04
2.449402e+03	5.851794e-04
2.451403e+03	5.845790e-04
2.453405e+03	5.839786e-04
2.455406e+03	5.833782e-04
2.457407e+03	5.827778e-04
2.459408e+03	5.821775e-04
2.461410e+03	5.815771e-04
2.463411e+03	5.809767e-04
2.465412e+03	5.803763e-04
2.467413e+03	5.797760e-04
2.469415e+03	5.791756e-04
2.471416e+03	5.785752e-04
2.473417e+03	5.779748e-04
2.475419e+03	5.773744e-04
2.477420e+03	5.767741e-04
2.479421e+03	5.761737e-04
2.481422e+03	5.755733e-04
2.483424e+03	5.749729e-04
2.485425e+03	5.743726e-04
2.487426e+03	5.737722e-04
2.489427e+03	5.731718e-04
2.491429e+03	5.725714e-04
2.493430e+03	5.719711e-04
2.495431e+03	5.713707e-04
2.497432e+03	5.707703e-04
2.499434e+03	5.701699e-04
2.501435e+03	5.699713e-04
2.503436e+03	5.699313e-04
2.505437e+03	5.698913e-04
2.507439e+03	5.698512e-04
2.509440e+03	5.698112e-04
2.511441e+03	5.697712e-04
2.513442e+03	5.697312e-04
2.515444e+03	5.696911e-04
2.517445e+03	5.696511e-04
2.519446e+03	5.696111e-04
2.521447e+03	5.695711e-04
2.523449e+03	5.695310e-04
2.525450e+03	5.694910e-04
2.527451e+03	5.694510e-04
2.529452e+03	5.694110e-04
2.531454e+03	5.693709e-04
2.533455e+03	5.693309e-04
2.535456e+03	5.692909e-04
2.537458e+03	5.692508e-04
2.539459e+03	5.692108e-04
2.541460e+03	5.691708e-04
2.543461e+03	5.691308e-04
2.545463e+03	5.690907e-04
2.547464e+03	5.690507e-04
2.549465e+03	5.690107e-04
2.551466e+03	5.689707e-04
2.553468e+03	5.689306e-04
2.555469e+03	5.688906e-04
2.557470e+03	5.688506e-04
2.559471e+03	5.688106e-04
2.561473e+03	5.687705e-04
2.563474e+03	5.687305e-04
2.565475e+03	5.686905e-04
2.567476e+03	5.686505e-04
2.569478e+03	5.686104e-04
2.571479e+03	5.685704e-04
2.573480e+03	5.685304e-04
2.575481e+03	5.684904e-04
2.577483e+03	5.684503e-04
2.579484e+03	5.684103e-04
2.581485e+03	5.683703e-04
2.583486e+03	5.683303e-04
2.585488e+03	5.682902e-04
2.587489e+03	5.682502e-04
2.589490e+03	5.682102e-04
2.591492e+03	5.681702e-04
2.593493e+03	5.681301e-04
2.595494e+03	5.680901e-04
2.597495e+03	5.680501e-04
2.599497e+03	5.680101e-04
2.601498e+03	5.679700e-04
2.603499e+03	5.679300e-04
2.605500e+03	5.678900e-04
2.607502e+03	5.678500e-04
2.609503e+03	5.678099e-04
2.611504e+03	5.677699e-04
2.613505e+03	5.677299e-04
2.615507e+03	5.676899e-04
2.617508e+03	5.676498e-04
2.619509e+03	5.676098e-04
2.621510e+03	5.675698e-04
2.623512e+03	5.675298e-04
2.625513e+03	5.674897e-04
2.627514e+03	5.674497e-04
2.629515e+03	5.674097e-04
2.631517e+03	5.673697e-04
2.633518e+03	5.673296e-04
2.635519e+03	5.672896e-04
2.637520e+03	5.672496e-04
2.639522e+03	5.672096e-04
2.641523e+03	5.671695e-04
2.643524e+03	5.671295e-04
2.645525e+03	5.670895e-04
2.647527e+03	5.670495e-04
2.649528e+03	5.670094e-04
2.651529e+03	5.669694e-04
2.653531e+03	5.669294e-04
2.655532e+03	5.668894e-04
2.657533e+03	5.668493e-04
2.659534e+03	5.668093e-04
2.661536e+03	5.667693e-04
2.663537e+03	5.667293e-04
2.665538e+03	5.666892e-04
2.667539e+03	5.666492e-04
2.669541e+03	5.666092e-04
2.671542e+03	5.665692e-04
2.673543e+03	5.665291e-04
2.675544e+03	5.664891e-04
2.677546e+03	5.664491e-04
2.679547e+03	5.664091e-04
2.681548e+03	5.663690e-04
2.683549e+03	5.663290e-04
2.685551e+03	5.662890e-04
2.687552e+03	5.662490e-04
2.689553e+03	5.662089e-04
2.691554e+03	5.661689e-04
2.693556e+03	5.661289e-04
2.695557e+03	5.660889e-04
2.697558e+03	5.660488e-04
2.699559e+03	5.660088e-04
2.701561e+03	5.659688e-04
2.703562e+03	5.659288e-04
2.705563e+03	5.658887e-04
2.707565e+03	5.658487e-04
2.709566e+03	5.658087e-04
2.711567e+03	5.657687e-04
2.713568e+03	5.657286e-04
2.715570e+03	5.656886e-04
2.717571e+03	5.656486e-04
2.719572e+03	5.656086e-04
2.721573e+03	5.655685e-04
2.723575e+03	5.655285e-04
2.725576e+03	5.654885e-04
2.727577e+03	5.654485e-04
2.729578e+03	5.654084e-04
2.731580e+03	5.653684e-04
2.733581e+03	5.653284e-04
2.735582e+03	5.652884e-04
2.737583e+03	5.652483e-04
2.739585e+03	5.652083e-04
2.741586e+03	5.651683e-04
2.743587e+03	5.651283e-04
2.745588e+03	5.650882e-04
2.747590e+03	5.650482e-04
2.749591e+03	5.650082e-04
2.751592e+03	5.649682e-04
2.753593e+03	5.649281e-04
2.755595e+03	5.648881e-04
2.757596e+03	5.648481e-04
2.759597e+03	5.648081e-04
2.761598e+03	5.647680e-04
2.763600e+03	5.647280e-04
2.765601e+03	5.646880e-04
2.767602e+03	5.646480e-04
2.769604e+03	5.646079e-04
2.771605e+03	5.645679e-04
2.773606e+03	5.645279e-04
2.775607e+03	5.644879e-04
2.777609e+03	5.644478e-04
2.779610e+03	5.644078e-04
2.781611e+03	5.643678e-04
2.783612e+03	5.643278e-04
2.785614e+03	5.642877e-04
2.787615e+03	5.642477e-04
2.789616e+03	5.642077e-04
2.791617e+03	5.641677e-04
2.793619e+03	5.641276e-04
2.795620e+03	5.640876e-04
2.797621e+03	5.640476e-04
2.799622e+03	5.640076e-04
2.801624e+03	5.639675e-04
2.803625e+03	5.639275e-04
2.805626e+03	5.638875e-04
2.807627e+03	5.638475e-04
2.809629e+03	5.638074e-04
2.811630e+03	5.637674e-04
2.813631e+03	5.637274e-04
2.815632e+03	5.636874e-04
2.817634e+03	5.636473e-04
2.819635e+03	5.636073e-04
2.821636e+03	5.635673e-04
2.823638e+03	5.635272e-04
2.825639e+03	5.634872e-04
2.827640e+03	5.634472e-04
2.829641e+03	5.634072e-04
2.831643e+03	5.633671e-04
2.833644e+03	5.633271e-04
2.835645e+03	5.632871e-04
2.837646e+03	5.632471e-04
2.839648e+03	5.632070e-04
2.841649e+03	5.631670e-04
2.843650e+03	5.631270e-04
2.845651e+03	5.630870e-04
2.847653e+03	5.630469e-04
2.849654e+03	5.630069e-04
2.851655e+03	5.629669e-04
2.853656e+03	5.629269e-04
2.855658e+03	5.628868e-04
2.857659e+03	5.628468e-04
2.859660e+03	5.628068e-04
2.861661e+03	5.627668e-04
2.863663e+03	5.627267e-04
2.865664e+03	5.626867e-04
2.867665e+03	5.626467e-04
2.869666e+03	5.626067e-04
2.871668e+03	5.625666e-04
2.873669e+03	5.625266e-04
2.875670e+03	5.624866e-04
2.877671e+03	5.624466e-04
2.879673e+03	5.624065e-04
2.881674e+03	5.623665e-04
2.883675e+03	5.623265e-04
2.885677e+03	5.622865e-04
2.887678e+03	5.622464e-04
2.889679e+03	5.622064e-04
2.891680e+03	5.621664e-04
2.893682e+03	5.621264e-04
2.895683e+03	5.620863e-04
2.897684e+03	5.620463e-04
2.899685e+03	5.620063e-04
2.901687e+03	5.619663e-04
2.903688e+03	5.619262e-04
2.905689e+03	5.618862e-04
2.907690e+03	5.618462e-04
2.909692e+03	5.618062e-04
2.911693e+03	5.617661e-04
2.913694e+03	5.617261e-04
2.915695e+03	5.616861e-04
2.917697e+03	5.616461e-04
2.919698e+03	5.616060e-04
2.921699e+03	5.615660e-04
2.923700e+03	5.615260e-04
2.925702e+03	5.614860e-04
2.927703e+03	5.614459e-04
2.929704e+03	5.614059e-04
2.931705e+03	5.613659e-04
2.933707e+03	5.613259e-04
2.935708e+03	5.612858e-04
2.937709e+03	5.612458e-04
2.939711e+03	5.612058e-04
2.941712e+03	5.611658e-04
2.943713e+03	5.611257e-04
2.945714e+03	5.610857e-04
2.947716e+03	5.610457e-04
2.949717e+03	5.610057e-04
2.951718e+03	5.609656e-04
2.953719e+03	5.609256e-04
2.955721e+03	5.608856e-04
2.957722e+03	5.608456e-04
2.959723e+03	5.608055e-04
2.961724e+03	5.607655e-04
2.963726e+03	5.607255e-04
2.965727e+03	5.606855e-04
2.967728e+03	5.606454e-04
2.969729e+03	5.606054e-04
2.971731e+03	5.605654e-04
2.973732e+03	5.605254e-04
2.975733e+03	5.604853e-04
2.977734e+03	5.604453e-04
2.979736e+03	5.604053e-04
2.981737e+03	5.603653e-04
2.983738e+03	5.603252e-04
2.985739e+03	5.602852e-04
2.987741e+03	5.602452e-04
2.989742e+03	5.602052e-04
2.991743e+03	5.601651e-04
2.993744e+03	5.601251e-04
2.995746e+03	5.600851e-04
2.997747e+03	5.600451e-04
2.999748e+03	5.600050e-04
3.001750e+03	5.600437e-04
3.003751e+03	5.600938e-04
3.005752e+03	5.601438e-04
3.007753e+03	5.601938e-04
3.009755e+03	5.602439e-04
3.011756e+03	5.602939e-04
3.013757e+03	5.603439e-04
3.015758e+03	5.603940e-04
3.017760e+03	5.604440e-04
3.019761e+03	5.604940e-04
3.021762e+03	5.605441e-04
3.023763e+03	5.605941e-04
3.025765e+03	5.606441e-04
3.027766e+03	5.606941e-04
3.029767e+03	5.607442e-04
3.031768e+03	5.607942e-04
3.033770e+03	5.608442e-04
3.035771e+03	5.608943e-04
3.037772e+03	5.609443e-04
3.039773e+03	5.609943e-04
3.041775e+03	5.610444e-04
3.043776e+03	5.610944e-04
3.045777e+03	5.611444e-04
3.047778e+03	5.611945e-04
3.049780e+03	5.612445e-04
3.051781e+03	5.612945e-04
3.053782e+03	5.613446e-04
3.055784e+03	5.613946e-04
3.057785e+03	5.614446e-04
3.059786e+03	5.614947e-04
3.061787e+03	5.615447e-04
3.063789e+03	5.615947e-04
3.065790e+03	5.616447e-04
3.067791e+03	5.616948e-04
3.069792e+03	5.617448e-04
3.071794e+03	5.617948e-04
3.073795e+03	5.618449e-04
3.075796e+03	5.618949e-04
3.077797e+03	5.619449e-04
3.079799e+03	5.619950e-04
3.081800e+03	5.620450e-04
3.083801e+03	5.620950e-04
3.085802e+03	5.621451e-04
3.087804e+03	5.621951e-04
3.089805e+03	5.622451e-04
3.091806e+03	5.622952e-04
3.093807e+03	5.623452e-04
3.095809e+03	5.623952e-04
3.097810e+03	5.624452e-04
3.099811e+03	5.624953e-04
3.101812e+03	5.625453e-04
3.103814e+03	5.625953e-04
3.105815e+03	5.626454e-04
3.107816e+03	5.626954e-04
3.109817e+03	5.627454e-04
3.111819e+03	5.627955e-04
3.113820e+03	5.628455e-04
3.115821e+03	5.628955e-04
3.117823e+03	5.629456e-04
3.119824e+03	5.629956e-04
3.121825e+03	5.630456e-04
3.123826e+03	5.630957e-04
3.125828e+03	5.631457e-04
3.127829e+03	5.631957e-04
3.129830e+03	5.632458e-04
3.131831e+03	5.632958e-04
3.133833e+03	5.633458e-04
3.135834e+03	5.633958e-04
3.137835e+03	5.634459e-04
3.139836e+03	5.634959e-04
3.141838e+03	5.635459e-04
3.143839e+03	5.635960e-04
3.145840e+03	5.636460e-04
3.147841e+03	5.636960e-04
3.149843e+03	5.637461e-04
3.151844e+03	5.637961e-04
3.153845e+03	5.638461e-04
3.155846e+03	5.638962e-04
3.157848e+03	5.639462e-04
3.159849e+03	5.639962e-04
3.161850e+03	5.640463e-04
3.163851e+03	5.640963e-04
3.165853e+03	5.641463e-04
3.167854e+03	5.641963e-04
3.169855e+03	5.642464e-04
3.171857e+03	5.642964e-04
3.173858e+03	5.643464e-04
3.175859e+03	5.643965e-04
3.177860e+03	5.644465e-04
3.179862e+03	5.644965e-04
3.181863e+03	5.645466e-04
3.183864e+03	5.645966e-04
3.185865e+03	5.646466e-04
3.187867e+03	5.646967e-04
3.189868e+03	5.647467e-04
3.191869e+03	5.647967e-04
3.193870e+03	5.648468e-04
3.195872e+03	5.648968e-04
3.197873e+03	5.649468e-04
3.199874e+03	5.649969e-04
3.201875e+03	5.650469e-04
3.203877e+03	5.650969e-04
3.205878e+03	5.651469e-04
3.207879e+03	5.651970e-04
3.209880e+03	5.652470e-04
3.211882e+03	5.652970e-04
3.213883e+03	5.653471e-04
3.215884e+03	5.653971e-04
3.217885e+03	5.654471e-04
3.219887e+03	5.654972e-04
3.221888e+03	5.655472e-04
3.223889e+03	5.655972e-04
3.225890e+03	5.656473e-04
3.227892e+03	5.656973e-04
3.229893e+03	5.657473e-04
3.231894e+03	5.657974e-04
3.233896e+03	5.658474e-04
3.235897e+03	5.658974e-04
3.237898e+03	5.659475e-04
3.239899e+03	5.659975e-04
3.241901e+03	5.660475e-04
3.243902e+03	5.660975e-04
3.245903e+03	5.661476e-04
3.247904e+03	5.661976e-04
3.249906e+03	5.662476e-04
3.251907e+03	5.662977e-04
3.253908e+03	5.663477e-04
3.255909e+03	5.663977e-04
3.257911e+03	5.664478e-04
3.259912e+03	5.664978e-04
3.261913e+03	5.665478e-04
3.263914e+03	5.665979e-04
3.265916e+03	5.666479e-04
3.267917e+03	5.666979e-04
3.269918e+03	5.667480e-04
3.271919e+03	5.667980e-04
3.273921e+03	5.668480e-04
3.275922e+03	5.668980e-04
3.277923e+03	5.669481e-04
3.279924e+03	5.669981e-04
3.281926e+03	5.670481e-04
3.283927e+03	5.670982e-04
3.285928e+03	5.671482e-04
3.287930e+03	5.671982e-04
3.289931e+03	5.672483e-04
3.291932e+03	5.672983e-04
3.293933e+03	5.673483e-04
3.295935e+03	5.673984e-04
3.297936e+03	5.674484e-04
3.299937e+03	5.674984e-04
3.301938e+03	5.675485e-04
3.303940e+03	5.675985e-04
3.305941e+03	5.676485e-04
3.307942e+03	5.676986e-04
3.309943e+03	5.677486e-04
3.311945e+03	5.677986e-04
3.313946e+03	5.678486e-04
3.315947e+03	5.678987e-04
3.317948e+03	5.679487e-04
3.319950e+03	5.679987e-04
3.321951e+03	5.680488e-04
3.323952e+03	5.680988e-04
3.325953e+03	5.681488e-04
3.327955e+03	5.681989e-04
3.329956e+03	5.682489e-04
3.331957e+03	5.682989e-04
3.333958e+03	5.683490e-04
3.335960e+03	5.683990e-04
3.337961e+03	5.684490e-04
3.339962e+03	5.684991e-04
3.341963e+03	5.685491e-04
3.343965e+03	5.685991e-04
3.345966e+03	5.686492e-04
3.347967e+03	5.686992e-04
3.349969e+03	5.687492e-04
3.351970e+03	5.687992e-04
3.353971e+03	5.688493e-04
3.355972e+03	5.688993e-04
3.357974e+03	5.689493e-04
3.359975e+03	5.689994e-04
3.361976e+03	5.690494e-04
3.363977e+03	5.690994e-04
3.365979e+03	5.691495e-04
3.367980e+03	5.691995e-04
3.369981e+03	5.692495e-04
3.371982e+03	5.692996e-04
3.373984e+03	5.693496e-04
3.375985e+03	5.693996e-04
3.377986e+03	5.694497e-04
3.379987e+03	5.694997e-04
3.381989e+03	5.695497e-04
3.383990e+03	5.695997e-04
3.385991e+03	5.696498e-04
3.387992e+03	5.696998e-04
3.389994e+03	5.697498e-04
3.391995e+03	5.697999e-04
3.393996e+03	5.698499e-04
3.395997e+03	5.698999e-04
3.397999e+03	5.699500e-04
3.400000e+03	5.700000e-04
