# 2405.09320, Fig. 3 right down. HEPdata link: https://www.hepdata.net/record/ins2787227
# Supersedes 1609.02507 and 1809.00327
# observed 95% exclusion limits on sigBR(pp->H->hh->bbWW)
# mH[GeV] | sig*BR_95% [pb]
6.000000e+02	2.923300e+00
6.250000e+02	2.809300e+00
6.530000e+02	2.086200e+00
6.830000e+02	1.439000e+00
7.130000e+02	1.508800e+00
7.450000e+02	2.242900e+00
7.780000e+02	2.142100e+00
8.120000e+02	1.535000e+00
8.480000e+02	1.557700e+00
8.850000e+02	1.215300e+00
9.240000e+02	8.952900e-01
9.640000e+02	7.368800e-01
1.005000e+03	6.839900e-01
1.049000e+03	6.389900e-01
1.094000e+03	5.350600e-01
1.141000e+03	6.154300e-01
1.190000e+03	6.867000e-01
1.241000e+03	9.452700e-01
1.293000e+03	1.127400e+00
1.348000e+03	1.107800e+00
1.405000e+03	1.080900e+00
1.465000e+03	8.940400e-01
1.527000e+03	6.143300e-01
1.591000e+03	4.415800e-01
1.658000e+03	2.800200e-01
1.727000e+03	2.797800e-01
1.800000e+03	3.047900e-01
1.875000e+03	2.791000e-01
1.953000e+03	2.340700e-01
2.034000e+03	1.690000e-01
2.119000e+03	1.092200e-01
2.207000e+03	1.094300e-01
2.298000e+03	1.149500e-01
2.393000e+03	1.042100e-01
2.492000e+03	8.867300e-02
2.595000e+03	7.545100e-02
2.702000e+03	6.612900e-02
2.813000e+03	6.787800e-02
2.929000e+03	6.728700e-02
3.050000e+03	5.884100e-02
3.175000e+03	5.345200e-02
3.305000e+03	5.445500e-02
3.440000e+03	5.281300e-02
3.581000e+03	4.693500e-02
3.728000e+03	4.314900e-02
3.880000e+03	4.075500e-02
4.038000e+03	3.920500e-02
4.203000e+03	3.721300e-02
4.374000e+03	3.601600e-02
4.553000e+03	3.517700e-02
4.738000e+03	3.459500e-02
4.931000e+03	3.392600e-02
5.000000e+03	3.375400e-02
