# ATLAS-CONF-2016-082, Fig. 10b
# expected 95% exclusion limits on sigBR(VV->H->ZZ[->llqq])
# mH[GeV] | sig*BR_95% [pb]
300.0	1.07E+00
310.0	9.81E-01
320.0	8.95E-01
330.0	8.13E-01
340.0	7.31E-01
350.0	6.10E-01
360.0	5.62E-01
370.0	5.15E-01
380.0	4.25E-01
390.0	3.93E-01
400.0	3.60E-01
410.0	3.42E-01
420.0	3.24E-01
430.0	3.07E-01
440.0	2.84E-01
450.0	2.61E-01
460.0	2.42E-01
470.0	2.22E-01
480.0	2.06E-01
490.0	1.89E-01
500.0	1.75E-01
510.0	1.62E-01
520.0	1.54E-01
530.0	1.46E-01
540.0	1.38E-01
550.0	1.28E-01
560.0	1.18E-01
570.0	1.10E-01
580.0	1.01E-01
590.0	9.73E-02
600.0	9.35E-02
610.0	8.97E-02
620.0	8.70E-02
630.0	8.42E-02
640.0	8.14E-02
650.0	7.95E-02
660.0	7.76E-02
670.0	7.57E-02
680.0	7.38E-02
690.0	6.96E-02
700.0	6.54E-02
710.0	6.25E-02
720.0	5.96E-02
730.0	5.67E-02
740.0	5.26E-02
750.0	4.84E-02
760.0	4.65E-02
770.0	4.45E-02
780.0	4.25E-02
790.0	4.12E-02
800.0	3.99E-02
810.0	3.86E-02
820.0	3.81E-02
830.0	3.75E-02
840.0	3.70E-02
850.0	3.64E-02
860.0	3.57E-02
870.0	3.51E-02
880.0	3.44E-02
890.0	3.36E-02
900.0	3.28E-02
910.0	3.20E-02
920.0	3.12E-02
930.0	2.99E-02
940.0	2.86E-02
950.0	2.77E-02
960.0	2.69E-02
970.0	2.61E-02
980.0	2.53E-02
990.0	2.46E-02
1000.0	2.40E-02
1010.0	2.34E-02
1020.0	2.31E-02
1030.0	2.29E-02
1040.0	2.26E-02
1050.0	2.23E-02
1060.0	2.20E-02
1070.0	2.16E-02
1080.0	2.13E-02
1090.0	2.11E-02
1100.0	2.08E-02
1110.0	2.06E-02
1120.0	2.03E-02
1130.0	2.00E-02
1140.0	1.97E-02
1150.0	1.94E-02
1160.0	1.92E-02
1170.0	1.90E-02
1180.0	1.87E-02
1190.0	1.85E-02
1200.0	1.83E-02
1210.0	1.81E-02
1220.0	1.78E-02
1230.0	1.76E-02
1240.0	1.73E-02
1250.0	1.70E-02
1260.0	1.67E-02
1270.0	1.65E-02
1280.0	1.63E-02
1290.0	1.60E-02
1300.0	1.58E-02
1310.0	1.56E-02
1320.0	1.54E-02
1330.0	1.51E-02
1340.0	1.49E-02
1350.0	1.47E-02
1360.0	1.46E-02
1370.0	1.44E-02
1380.0	1.41E-02
1390.0	1.39E-02
1400.0	1.37E-02
1410.0	1.35E-02
1420.0	1.34E-02
1430.0	1.32E-02
1440.0	1.31E-02
1450.0	1.30E-02
1460.0	1.28E-02
1470.0	1.27E-02
1480.0	1.25E-02
1490.0	1.24E-02
1500.0	1.22E-02
1510.0	1.20E-02
1520.0	1.19E-02
1530.0	1.17E-02
1540.0	1.16E-02
1550.0	1.15E-02
1560.0	1.14E-02
1570.0	1.12E-02
1580.0	1.11E-02
1590.0	1.10E-02
1600.0	1.09E-02
1610.0	1.08E-02
1620.0	1.08E-02
1630.0	1.08E-02
1640.0	1.07E-02
1650.0	1.07E-02
1660.0	1.07E-02
1670.0	1.06E-02
1680.0	1.06E-02
1690.0	1.06E-02
1700.0	1.05E-02
1710.0	1.05E-02
1720.0	1.05E-02
1730.0	1.04E-02
1740.0	1.04E-02
1750.0	1.04E-02
1760.0	1.04E-02
1770.0	1.03E-02
1780.0	1.03E-02
1790.0	1.02E-02
1800.0	1.02E-02
1810.0	1.01E-02
1820.0	1.00E-02
1830.0	9.86E-03
1840.0	9.72E-03
1850.0	9.62E-03
1860.0	9.52E-03
1870.0	9.42E-03
1880.0	9.32E-03
1890.0	9.19E-03
1900.0	9.05E-03
1910.0	8.92E-03
1920.0	8.83E-03
1930.0	8.74E-03
1940.0	8.65E-03
1950.0	8.55E-03
1960.0	8.46E-03
1970.0	8.38E-03
1980.0	8.29E-03
1990.0	8.20E-03
2000.0	8.11E-03
2010.0	8.02E-03
2020.0	7.93E-03
2030.0	7.88E-03
2040.0	7.83E-03
2050.0	7.77E-03
2060.0	7.72E-03
2070.0	7.67E-03
2080.0	7.61E-03
2090.0	7.56E-03
2100.0	7.50E-03
2110.0	7.43E-03
2120.0	7.36E-03
2130.0	7.30E-03
2140.0	7.24E-03
2150.0	7.19E-03
2160.0	7.14E-03
2170.0	7.09E-03
2180.0	7.04E-03
2190.0	6.99E-03
2200.0	6.94E-03
2210.0	6.93E-03
2220.0	6.92E-03
2230.0	6.91E-03
2240.0	6.90E-03
2250.0	6.88E-03
2260.0	6.87E-03
2270.0	6.85E-03
2280.0	6.84E-03
2290.0	6.82E-03
2300.0	6.81E-03
2310.0	6.79E-03
2320.0	6.78E-03
2330.0	6.76E-03
2340.0	6.75E-03
2350.0	6.73E-03
2360.0	6.72E-03
2370.0	6.72E-03
2380.0	6.71E-03
2390.0	6.70E-03
2400.0	6.68E-03
2410.0	6.65E-03
2420.0	6.62E-03
2430.0	6.60E-03
2440.0	6.56E-03
2450.0	6.52E-03
2460.0	6.49E-03
2470.0	6.46E-03
2480.0	6.43E-03
2490.0	6.41E-03
2500.0	6.38E-03
2510.0	6.36E-03
2520.0	6.33E-03
2530.0	6.31E-03
2540.0	6.29E-03
2550.0	6.25E-03
2560.0	6.22E-03
2570.0	6.18E-03
2580.0	6.17E-03
2590.0	6.16E-03
2600.0	6.14E-03
2610.0	6.13E-03
2620.0	6.12E-03
2630.0	6.12E-03
2640.0	6.11E-03
2650.0	6.10E-03
2660.0	6.10E-03
2670.0	6.09E-03
2680.0	6.08E-03
2690.0	6.08E-03
2700.0	6.08E-03
2710.0	6.08E-03
2720.0	6.08E-03
2730.0	6.08E-03
2740.0	6.07E-03
2750.0	6.06E-03
2760.0	6.06E-03
2770.0	6.05E-03
2780.0	6.04E-03
2790.0	6.03E-03
2800.0	6.04E-03
2810.0	6.05E-03
2820.0	6.06E-03
2830.0	6.07E-03
2840.0	6.08E-03
2850.0	6.09E-03
2860.0	6.09E-03
2870.0	6.10E-03
2880.0	6.11E-03
2890.0	6.12E-03
2900.0	6.12E-03
2910.0	6.13E-03
2920.0	6.14E-03
2930.0	6.15E-03
2940.0	6.16E-03
2950.0	6.16E-03
2960.0	6.16E-03
2970.0	6.16E-03
2980.0	6.16E-03
2990.0	6.16E-03
3000.0	6.16E-03
