# ATLAS-HIGG-2014-04
# gg->H->gamma gamma 95% exclusion limits
#100
#10
#991
# mHH[GeV] | sig*BR_95% [pb]
100.0	0.0304976049
110.0	0.0267289117
120.0	0.0182056115
130.0	0.0150191722
140.0	0.0228245355
150.0	0.0138741773
160.0	0.0137690786
170.0	0.0116502533
180.0	0.0058250253
190.0	0.0078601565
200.0	0.0123798235
210.0	0.0091288851
220.0	0.0038686398
230.0	0.006711296
240.0	0.0029338093
250.0	0.0064897564
260.0	0.0070824269
270.0	0.0041717636
280.0	0.0026301958
290.0	0.0031802096
300.0	0.0048804159
310.0	0.0026699289
320.0	0.0017479282
330.0	0.0026356602
340.0	0.0020581052
350.0	0.0023660841
360.0	0.0029379589
370.0	0.0029451154
380.0	0.0013397478
390.0	0.0027473571
400.0	0.0025951523
410.0	0.0015516755
420.0	0.001891273
430.0	0.0012121986
440.0	0.0012081939
450.0	0.0011832698
460.0	0.0010158256
470.0	0.000967209
480.0	0.0009402269
490.0	0.0008835866
500.0	0.0007760523
510.0	0.0006400505
520.0	0.0013760035
530.0	0.0021620327
540.0	0.0021652017
550.0	0.0018965838
560.0	0.0015213705
570.0	0.0012996328
580.0	0.0011680484
590.0	0.0009619501
600.0	0.0006713099
610.0	1000.0
620.0	2000.0
630.0	3000.0
640.0	4000.0
650.0	5000.0
660.0	6000.0
670.0	7000.0
680.0	8000.0
690.0	9000.0
700.0	10000.0
710.0	11000.0
720.0	12000.0
730.0	13000.0
740.0	14000.0
750.0	15000.0
760.0	16000.0
770.0	17000.0
780.0	18000.0
790.0	19000.0
800.0	20000.0
810.0	21000.0
820.0	22000.0
830.0	23000.0
840.0	24000.0
850.0	25000.0
860.0	26000.0
870.0	27000.0
880.0	28000.0
890.0	29000.0
900.0	30000.0
910.0	31000.0
920.0	32000.0
930.0	33000.0
940.0	34000.0
950.0	35000.0
960.0	36000.0
970.0	37000.0
980.0	38000.0
990.0	39000.0
1000.0	40000.0
1010.0	41000.0
1020.0	42000.0
1030.0	43000.0
1040.0	44000.0
1050.0	45000.0
1060.0	46000.0
1070.0	47000.0
1080.0	48000.0
1090.0	49000.0
1100.0	50000.0
1110.0	51000.0
1120.0	52000.0
1130.0	53000.0
1140.0	54000.0
1150.0	55000.0
1160.0	56000.0
1170.0	57000.0
1180.0	58000.0
1190.0	59000.0
1200.0	60000.0
1210.0	61000.0
1220.0	62000.0
1230.0	63000.0
1240.0	64000.0
1250.0	65000.0
1260.0	66000.0
1270.0	67000.0
1280.0	68000.0
1290.0	69000.0
1300.0	70000.0
1310.0	71000.0
1320.0	72000.0
1330.0	73000.0
1340.0	74000.0
1350.0	75000.0
1360.0	76000.0
1370.0	77000.0
1380.0	78000.0
1390.0	79000.0
1400.0	80000.0
1410.0	81000.0
1420.0	82000.0
1430.0	83000.0
1440.0	84000.0
1450.0	85000.0
1460.0	86000.0
1470.0	87000.0
1480.0	88000.0
1490.0	89000.0
1500.0	90000.0
1510.0	91000.0
1520.0	92000.0
1530.0	93000.0
1540.0	94000.0
1550.0	95000.0
1560.0	96000.0
1570.0	97000.0
1580.0	98000.0
1590.0	99000.0
1600.0	100000.0
1610.0	101000.0
1620.0	102000.0
1630.0	103000.0
1640.0	104000.0
1650.0	105000.0
1660.0	106000.0
1670.0	107000.0
1680.0	108000.0
1690.0	109000.0
1700.0	110000.0
1710.0	111000.0
1720.0	112000.0
1730.0	113000.0
1740.0	114000.0
1750.0	115000.0
1760.0	116000.0
1770.0	117000.0
1780.0	118000.0
1790.0	119000.0
1800.0	120000.0
1810.0	121000.0
1820.0	122000.0
1830.0	123000.0
1840.0	124000.0
1850.0	125000.0
1860.0	126000.0
1870.0	127000.0
1880.0	128000.0
1890.0	129000.0
1900.0	130000.0
1910.0	131000.0
1920.0	132000.0
1930.0	133000.0
1940.0	134000.0
1950.0	135000.0
1960.0	136000.0
1970.0	137000.0
1980.0	138000.0
1990.0	139000.0
2000.0	140000.0
2010.0	141000.0
2020.0	142000.0
2030.0	143000.0
2040.0	144000.0
2050.0	145000.0
2060.0	146000.0
2070.0	147000.0
2080.0	148000.0
2090.0	149000.0
2100.0	150000.0
2110.0	151000.0
2120.0	152000.0
2130.0	153000.0
2140.0	154000.0
2150.0	155000.0
2160.0	156000.0
2170.0	157000.0
2180.0	158000.0
2190.0	159000.0
2200.0	160000.0
2210.0	161000.0
2220.0	162000.0
2230.0	163000.0
2240.0	164000.0
2250.0	165000.0
2260.0	166000.0
2270.0	167000.0
2280.0	168000.0
2290.0	169000.0
2300.0	170000.0
2310.0	171000.0
2320.0	172000.0
2330.0	173000.0
2340.0	174000.0
2350.0	175000.0
2360.0	176000.0
2370.0	177000.0
2380.0	178000.0
2390.0	179000.0
2400.0	180000.0
2410.0	181000.0
2420.0	182000.0
2430.0	183000.0
2440.0	184000.0
2450.0	185000.0
2460.0	186000.0
2470.0	187000.0
2480.0	188000.0
2490.0	189000.0
2500.0	190000.0
2510.0	191000.0
2520.0	192000.0
2530.0	193000.0
2540.0	194000.0
2550.0	195000.0
2560.0	196000.0
2570.0	197000.0
2580.0	198000.0
2590.0	199000.0
2600.0	200000.0
2610.0	201000.0
2620.0	202000.0
2630.0	203000.0
2640.0	204000.0
2650.0	205000.0
2660.0	206000.0
2670.0	207000.0
2680.0	208000.0
2690.0	209000.0
2700.0	210000.0
2710.0	211000.0
2720.0	212000.0
2730.0	213000.0
2740.0	214000.0
2750.0	215000.0
2760.0	216000.0
2770.0	217000.0
2780.0	218000.0
2790.0	219000.0
2800.0	220000.0
2810.0	221000.0
2820.0	222000.0
2830.0	223000.0
2840.0	224000.0
2850.0	225000.0
2860.0	226000.0
2870.0	227000.0
2880.0	228000.0
2890.0	229000.0
2900.0	230000.0
2910.0	231000.0
2920.0	232000.0
2930.0	233000.0
2940.0	234000.0
2950.0	235000.0
2960.0	236000.0
2970.0	237000.0
2980.0	238000.0
2990.0	239000.0
3000.0	240000.0
3010.0	241000.0
3020.0	242000.0
3030.0	243000.0
3040.0	244000.0
3050.0	245000.0
3060.0	246000.0
3070.0	247000.0
3080.0	248000.0
3090.0	249000.0
3100.0	250000.0
3110.0	251000.0
3120.0	252000.0
3130.0	253000.0
3140.0	254000.0
3150.0	255000.0
3160.0	256000.0
3170.0	257000.0
3180.0	258000.0
3190.0	259000.0
3200.0	260000.0
3210.0	261000.0
3220.0	262000.0
3230.0	263000.0
3240.0	264000.0
3250.0	265000.0
3260.0	266000.0
3270.0	267000.0
3280.0	268000.0
3290.0	269000.0
3300.0	270000.0
3310.0	271000.0
3320.0	272000.0
3330.0	273000.0
3340.0	274000.0
3350.0	275000.0
3360.0	276000.0
3370.0	277000.0
3380.0	278000.0
3390.0	279000.0
3400.0	280000.0
3410.0	281000.0
3420.0	282000.0
3430.0	283000.0
3440.0	284000.0
3450.0	285000.0
3460.0	286000.0
3470.0	287000.0
3480.0	288000.0
3490.0	289000.0
3500.0	290000.0
3510.0	291000.0
3520.0	292000.0
3530.0	293000.0
3540.0	294000.0
3550.0	295000.0
3560.0	296000.0
3570.0	297000.0
3580.0	298000.0
3590.0	299000.0
3600.0	300000.0
3610.0	301000.0
3620.0	302000.0
3630.0	303000.0
3640.0	304000.0
3650.0	305000.0
3660.0	306000.0
3670.0	307000.0
3680.0	308000.0
3690.0	309000.0
3700.0	310000.0
3710.0	311000.0
3720.0	312000.0
3730.0	313000.0
3740.0	314000.0
3750.0	315000.0
3760.0	316000.0
3770.0	317000.0
3780.0	318000.0
3790.0	319000.0
3800.0	320000.0
3810.0	321000.0
3820.0	322000.0
3830.0	323000.0
3840.0	324000.0
3850.0	325000.0
3860.0	326000.0
3870.0	327000.0
3880.0	328000.0
3890.0	329000.0
3900.0	330000.0
3910.0	331000.0
3920.0	332000.0
3930.0	333000.0
3940.0	334000.0
3950.0	335000.0
3960.0	336000.0
3970.0	337000.0
3980.0	338000.0
3990.0	339000.0
4000.0	340000.0
4010.0	341000.0
4020.0	342000.0
4030.0	343000.0
4040.0	344000.0
4050.0	345000.0
4060.0	346000.0
4070.0	347000.0
4080.0	348000.0
4090.0	349000.0
4100.0	350000.0
4110.0	351000.0
4120.0	352000.0
4130.0	353000.0
4140.0	354000.0
4150.0	355000.0
4160.0	356000.0
4170.0	357000.0
4180.0	358000.0
4190.0	359000.0
4200.0	360000.0
4210.0	361000.0
4220.0	362000.0
4230.0	363000.0
4240.0	364000.0
4250.0	365000.0
4260.0	366000.0
4270.0	367000.0
4280.0	368000.0
4290.0	369000.0
4300.0	370000.0
4310.0	371000.0
4320.0	372000.0
4330.0	373000.0
4340.0	374000.0
4350.0	375000.0
4360.0	376000.0
4370.0	377000.0
4380.0	378000.0
4390.0	379000.0
4400.0	380000.0
4410.0	381000.0
4420.0	382000.0
4430.0	383000.0
4440.0	384000.0
4450.0	385000.0
4460.0	386000.0
4470.0	387000.0
4480.0	388000.0
4490.0	389000.0
4500.0	390000.0
4510.0	391000.0
4520.0	392000.0
4530.0	393000.0
4540.0	394000.0
4550.0	395000.0
4560.0	396000.0
4570.0	397000.0
4580.0	398000.0
4590.0	399000.0
4600.0	400000.0
4610.0	401000.0
4620.0	402000.0
4630.0	403000.0
4640.0	404000.0
4650.0	405000.0
4660.0	406000.0
4670.0	407000.0
4680.0	408000.0
4690.0	409000.0
4700.0	410000.0
4710.0	411000.0
4720.0	412000.0
4730.0	413000.0
4740.0	414000.0
4750.0	415000.0
4760.0	416000.0
4770.0	417000.0
4780.0	418000.0
4790.0	419000.0
4800.0	420000.0
4810.0	421000.0
4820.0	422000.0
4830.0	423000.0
4840.0	424000.0
4850.0	425000.0
4860.0	426000.0
4870.0	427000.0
4880.0	428000.0
4890.0	429000.0
4900.0	430000.0
4910.0	431000.0
4920.0	432000.0
4930.0	433000.0
4940.0	434000.0
4950.0	435000.0
4960.0	436000.0
4970.0	437000.0
4980.0	438000.0
4990.0	439000.0
5000.0	440000.0
5010.0	441000.0
5020.0	442000.0
5030.0	443000.0
5040.0	444000.0
5050.0	445000.0
5060.0	446000.0
5070.0	447000.0
5080.0	448000.0
5090.0	449000.0
5100.0	450000.0
5110.0	451000.0
5120.0	452000.0
5130.0	453000.0
5140.0	454000.0
5150.0	455000.0
5160.0	456000.0
5170.0	457000.0
5180.0	458000.0
5190.0	459000.0
5200.0	460000.0
5210.0	461000.0
5220.0	462000.0
5230.0	463000.0
5240.0	464000.0
5250.0	465000.0
5260.0	466000.0
5270.0	467000.0
5280.0	468000.0
5290.0	469000.0
5300.0	470000.0
5310.0	471000.0
5320.0	472000.0
5330.0	473000.0
5340.0	474000.0
5350.0	475000.0
5360.0	476000.0
5370.0	477000.0
5380.0	478000.0
5390.0	479000.0
5400.0	480000.0
5410.0	481000.0
5420.0	482000.0
5430.0	483000.0
5440.0	484000.0
5450.0	485000.0
5460.0	486000.0
5470.0	487000.0
5480.0	488000.0
5490.0	489000.0
5500.0	490000.0
5510.0	491000.0
5520.0	492000.0
5530.0	493000.0
5540.0	494000.0
5550.0	495000.0
5560.0	496000.0
5570.0	497000.0
5580.0	498000.0
5590.0	499000.0
5600.0	500000.0
5610.0	501000.0
5620.0	502000.0
5630.0	503000.0
5640.0	504000.0
5650.0	505000.0
5660.0	506000.0
5670.0	507000.0
5680.0	508000.0
5690.0	509000.0
5700.0	510000.0
5710.0	511000.0
5720.0	512000.0
5730.0	513000.0
5740.0	514000.0
5750.0	515000.0
5760.0	516000.0
5770.0	517000.0
5780.0	518000.0
5790.0	519000.0
5800.0	520000.0
5810.0	521000.0
5820.0	522000.0
5830.0	523000.0
5840.0	524000.0
5850.0	525000.0
5860.0	526000.0
5870.0	527000.0
5880.0	528000.0
5890.0	529000.0
5900.0	530000.0
5910.0	531000.0
5920.0	532000.0
5930.0	533000.0
5940.0	534000.0
5950.0	535000.0
5960.0	536000.0
5970.0	537000.0
5980.0	538000.0
5990.0	539000.0
6000.0	540000.0
6010.0	541000.0
6020.0	542000.0
6030.0	543000.0
6040.0	544000.0
6050.0	545000.0
6060.0	546000.0
6070.0	547000.0
6080.0	548000.0
6090.0	549000.0
6100.0	550000.0
6110.0	551000.0
6120.0	552000.0
6130.0	553000.0
6140.0	554000.0
6150.0	555000.0
6160.0	556000.0
6170.0	557000.0
6180.0	558000.0
6190.0	559000.0
6200.0	560000.0
6210.0	561000.0
6220.0	562000.0
6230.0	563000.0
6240.0	564000.0
6250.0	565000.0
6260.0	566000.0
6270.0	567000.0
6280.0	568000.0
6290.0	569000.0
6300.0	570000.0
6310.0	571000.0
6320.0	572000.0
6330.0	573000.0
6340.0	574000.0
6350.0	575000.0
6360.0	576000.0
6370.0	577000.0
6380.0	578000.0
6390.0	579000.0
6400.0	580000.0
6410.0	581000.0
6420.0	582000.0
6430.0	583000.0
6440.0	584000.0
6450.0	585000.0
6460.0	586000.0
6470.0	587000.0
6480.0	588000.0
6490.0	589000.0
6500.0	590000.0
6510.0	591000.0
6520.0	592000.0
6530.0	593000.0
6540.0	594000.0
6550.0	595000.0
6560.0	596000.0
6570.0	597000.0
6580.0	598000.0
6590.0	599000.0
6600.0	600000.0
6610.0	601000.0
6620.0	602000.0
6630.0	603000.0
6640.0	604000.0
6650.0	605000.0
6660.0	606000.0
6670.0	607000.0
6680.0	608000.0
6690.0	609000.0
6700.0	610000.0
6710.0	611000.0
6720.0	612000.0
6730.0	613000.0
6740.0	614000.0
6750.0	615000.0
6760.0	616000.0
6770.0	617000.0
6780.0	618000.0
6790.0	619000.0
6800.0	620000.0
6810.0	621000.0
6820.0	622000.0
6830.0	623000.0
6840.0	624000.0
6850.0	625000.0
6860.0	626000.0
6870.0	627000.0
6880.0	628000.0
6890.0	629000.0
6900.0	630000.0
6910.0	631000.0
6920.0	632000.0
6930.0	633000.0
6940.0	634000.0
6950.0	635000.0
6960.0	636000.0
6970.0	637000.0
6980.0	638000.0
6990.0	639000.0
7000.0	640000.0
7010.0	641000.0
7020.0	642000.0
7030.0	643000.0
7040.0	644000.0
7050.0	645000.0
7060.0	646000.0
7070.0	647000.0
7080.0	648000.0
7090.0	649000.0
7100.0	650000.0
7110.0	651000.0
7120.0	652000.0
7130.0	653000.0
7140.0	654000.0
7150.0	655000.0
7160.0	656000.0
7170.0	657000.0
7180.0	658000.0
7190.0	659000.0
7200.0	660000.0
7210.0	661000.0
7220.0	662000.0
7230.0	663000.0
7240.0	664000.0
7250.0	665000.0
7260.0	666000.0
7270.0	667000.0
7280.0	668000.0
7290.0	669000.0
7300.0	670000.0
7310.0	671000.0
7320.0	672000.0
7330.0	673000.0
7340.0	674000.0
7350.0	675000.0
7360.0	676000.0
7370.0	677000.0
7380.0	678000.0
7390.0	679000.0
7400.0	680000.0
7410.0	681000.0
7420.0	682000.0
7430.0	683000.0
7440.0	684000.0
7450.0	685000.0
7460.0	686000.0
7470.0	687000.0
7480.0	688000.0
7490.0	689000.0
7500.0	690000.0
7510.0	691000.0
7520.0	692000.0
7530.0	693000.0
7540.0	694000.0
7550.0	695000.0
7560.0	696000.0
7570.0	697000.0
7580.0	698000.0
7590.0	699000.0
7600.0	700000.0
7610.0	701000.0
7620.0	702000.0
7630.0	703000.0
7640.0	704000.0
7650.0	705000.0
7660.0	706000.0
7670.0	707000.0
7680.0	708000.0
7690.0	709000.0
7700.0	710000.0
7710.0	711000.0
7720.0	712000.0
7730.0	713000.0
7740.0	714000.0
7750.0	715000.0
7760.0	716000.0
7770.0	717000.0
7780.0	718000.0
7790.0	719000.0
7800.0	720000.0
7810.0	721000.0
7820.0	722000.0
7830.0	723000.0
7840.0	724000.0
7850.0	725000.0
7860.0	726000.0
7870.0	727000.0
7880.0	728000.0
7890.0	729000.0
7900.0	730000.0
7910.0	731000.0
7920.0	732000.0
7930.0	733000.0
7940.0	734000.0
7950.0	735000.0
7960.0	736000.0
7970.0	737000.0
7980.0	738000.0
7990.0	739000.0
8000.0	740000.0
8010.0	741000.0
8020.0	742000.0
8030.0	743000.0
8040.0	744000.0
8050.0	745000.0
8060.0	746000.0
8070.0	747000.0
8080.0	748000.0
8090.0	749000.0
8100.0	750000.0
8110.0	751000.0
8120.0	752000.0
8130.0	753000.0
8140.0	754000.0
8150.0	755000.0
8160.0	756000.0
8170.0	757000.0
8180.0	758000.0
8190.0	759000.0
8200.0	760000.0
8210.0	761000.0
8220.0	762000.0
8230.0	763000.0
8240.0	764000.0
8250.0	765000.0
8260.0	766000.0
8270.0	767000.0
8280.0	768000.0
8290.0	769000.0
8300.0	770000.0
8310.0	771000.0
8320.0	772000.0
8330.0	773000.0
8340.0	774000.0
8350.0	775000.0
8360.0	776000.0
8370.0	777000.0
8380.0	778000.0
8390.0	779000.0
8400.0	780000.0
8410.0	781000.0
8420.0	782000.0
8430.0	783000.0
8440.0	784000.0
8450.0	785000.0
8460.0	786000.0
8470.0	787000.0
8480.0	788000.0
8490.0	789000.0
8500.0	790000.0
8510.0	791000.0
8520.0	792000.0
8530.0	793000.0
8540.0	794000.0
8550.0	795000.0
8560.0	796000.0
8570.0	797000.0
8580.0	798000.0
8590.0	799000.0
8600.0	800000.0
8610.0	801000.0
8620.0	802000.0
8630.0	803000.0
8640.0	804000.0
8650.0	805000.0
8660.0	806000.0
8670.0	807000.0
8680.0	808000.0
8690.0	809000.0
8700.0	810000.0
8710.0	811000.0
8720.0	812000.0
8730.0	813000.0
8740.0	814000.0
8750.0	815000.0
8760.0	816000.0
8770.0	817000.0
8780.0	818000.0
8790.0	819000.0
8800.0	820000.0
8810.0	821000.0
8820.0	822000.0
8830.0	823000.0
8840.0	824000.0
8850.0	825000.0
8860.0	826000.0
8870.0	827000.0
8880.0	828000.0
8890.0	829000.0
8900.0	830000.0
8910.0	831000.0
8920.0	832000.0
8930.0	833000.0
8940.0	834000.0
8950.0	835000.0
8960.0	836000.0
8970.0	837000.0
8980.0	838000.0
8990.0	839000.0
9000.0	840000.0
9010.0	841000.0
9020.0	842000.0
9030.0	843000.0
9040.0	844000.0
9050.0	845000.0
9060.0	846000.0
9070.0	847000.0
9080.0	848000.0
9090.0	849000.0
9100.0	850000.0
9110.0	851000.0
9120.0	852000.0
9130.0	853000.0
9140.0	854000.0
9150.0	855000.0
9160.0	856000.0
9170.0	857000.0
9180.0	858000.0
9190.0	859000.0
9200.0	860000.0
9210.0	861000.0
9220.0	862000.0
9230.0	863000.0
9240.0	864000.0
9250.0	865000.0
9260.0	866000.0
9270.0	867000.0
9280.0	868000.0
9290.0	869000.0
9300.0	870000.0
9310.0	871000.0
9320.0	872000.0
9330.0	873000.0
9340.0	874000.0
9350.0	875000.0
9360.0	876000.0
9370.0	877000.0
9380.0	878000.0
9390.0	879000.0
9400.0	880000.0
9410.0	881000.0
9420.0	882000.0
9430.0	883000.0
9440.0	884000.0
9450.0	885000.0
9460.0	886000.0
9470.0	887000.0
9480.0	888000.0
9490.0	889000.0
9500.0	890000.0
9510.0	891000.0
9520.0	892000.0
9530.0	893000.0
9540.0	894000.0
9550.0	895000.0
9560.0	896000.0
9570.0	897000.0
9580.0	898000.0
9590.0	899000.0
9600.0	900000.0
9610.0	901000.0
9620.0	902000.0
9630.0	903000.0
9640.0	904000.0
9650.0	905000.0
9660.0	906000.0
9670.0	907000.0
9680.0	908000.0
9690.0	909000.0
9700.0	910000.0
9710.0	911000.0
9720.0	912000.0
9730.0	913000.0
9740.0	914000.0
9750.0	915000.0
9760.0	916000.0
9770.0	917000.0
9780.0	918000.0
9790.0	919000.0
9800.0	920000.0
9810.0	921000.0
9820.0	922000.0
9830.0	923000.0
9840.0	924000.0
9850.0	925000.0
9860.0	926000.0
9870.0	927000.0
9880.0	928000.0
9890.0	929000.0
9900.0	930000.0
9910.0	931000.0
9920.0	932000.0
9930.0	933000.0
9940.0	934000.0
9950.0	935000.0
9960.0	936000.0
9970.0	937000.0
9980.0	938000.0
9990.0	939000.0
10000.0	940000.0
