# ATLAS-CONF-2016-082, Fig. 10a
# observed 95% exclusion limits on sigBR(gg->H->ZZ[->llqq])
# mH[GeV] | sig*BR_95% [pb]
300.0	1.27E+00
310.0	1.25E+00
320.0	1.23E+00
330.0	1.16E+00
340.0	1.10E+00
350.0	1.02E+00
360.0	9.46E-01
370.0	8.58E-01
380.0	7.70E-01
390.0	6.74E-01
400.0	5.78E-01
410.0	4.63E-01
420.0	3.48E-01
430.0	2.84E-01
440.0	2.69E-01
450.0	2.82E-01
460.0	2.96E-01
470.0	3.73E-01
480.0	6.65E-01
490.0	7.41E-01
500.0	7.24E-01
510.0	6.42E-01
520.0	5.59E-01
530.0	5.59E-01
540.0	5.59E-01
550.0	5.12E-01
560.0	4.36E-01
570.0	3.94E-01
580.0	3.51E-01
590.0	2.56E-01
600.0	1.48E-01
610.0	1.27E-01
620.0	1.07E-01
630.0	9.09E-02
640.0	8.82E-02
650.0	8.54E-02
660.0	9.12E-02
670.0	1.07E-01
680.0	1.13E-01
690.0	1.19E-01
700.0	1.20E-01
710.0	1.20E-01
720.0	1.15E-01
730.0	9.76E-02
740.0	8.80E-02
750.0	7.84E-02
760.0	6.02E-02
770.0	5.29E-02
780.0	4.56E-02
790.0	4.20E-02
800.0	3.85E-02
810.0	3.49E-02
820.0	3.22E-02
830.0	2.96E-02
840.0	2.69E-02
850.0	2.53E-02
860.0	2.37E-02
870.0	2.37E-02
880.0	2.37E-02
890.0	2.52E-02
900.0	2.67E-02
910.0	2.82E-02
920.0	3.03E-02
930.0	3.24E-02
940.0	3.44E-02
950.0	3.45E-02
960.0	3.46E-02
970.0	3.46E-02
980.0	3.47E-02
990.0	3.03E-02
1000.0	2.82E-02
1010.0	2.61E-02
1020.0	2.64E-02
1030.0	2.66E-02
1040.0	2.80E-02
1050.0	2.95E-02
1060.0	3.09E-02
1070.0	3.69E-02
1080.0	4.07E-02
1090.0	4.45E-02
1100.0	5.00E-02
1110.0	5.00E-02
1120.0	5.00E-02
1130.0	5.00E-02
1140.0	4.88E-02
1150.0	4.75E-02
1160.0	4.62E-02
1170.0	4.54E-02
1180.0	4.46E-02
1190.0	4.37E-02
1200.0	4.27E-02
1210.0	4.17E-02
1220.0	4.06E-02
1230.0	3.96E-02
1240.0	3.72E-02
1250.0	3.48E-02
1260.0	3.16E-02
1270.0	2.84E-02
1280.0	2.52E-02
1290.0	2.20E-02
1300.0	2.06E-02
1310.0	1.92E-02
1320.0	1.78E-02
1330.0	1.64E-02
1340.0	1.47E-02
1350.0	1.31E-02
1360.0	1.26E-02
1370.0	1.20E-02
1380.0	1.15E-02
1390.0	1.09E-02
1400.0	1.06E-02
1410.0	1.02E-02
1420.0	1.02E-02
1430.0	1.01E-02
1440.0	1.01E-02
1450.0	1.00E-02
1460.0	9.95E-03
1470.0	9.89E-03
1480.0	9.92E-03
1490.0	9.95E-03
1500.0	9.98E-03
1510.0	1.00E-02
1520.0	1.00E-02
1530.0	1.01E-02
1540.0	1.01E-02
1550.0	1.01E-02
1560.0	1.01E-02
1570.0	1.04E-02
1580.0	1.06E-02
1590.0	1.08E-02
1600.0	1.10E-02
1610.0	1.12E-02
1620.0	1.12E-02
1630.0	1.12E-02
1640.0	1.12E-02
1650.0	1.11E-02
1660.0	1.11E-02
1670.0	1.11E-02
1680.0	1.11E-02
1690.0	1.08E-02
1700.0	1.06E-02
1710.0	1.03E-02
1720.0	1.03E-02
1730.0	1.03E-02
1740.0	1.03E-02
1750.0	9.95E-03
1760.0	9.59E-03
1770.0	9.22E-03
1780.0	8.73E-03
1790.0	8.24E-03
1800.0	7.75E-03
1810.0	7.45E-03
1820.0	7.15E-03
1830.0	6.86E-03
1840.0	6.56E-03
1850.0	6.39E-03
1860.0	6.23E-03
1870.0	6.06E-03
1880.0	6.06E-03
1890.0	6.06E-03
1900.0	6.06E-03
1910.0	6.06E-03
1920.0	6.06E-03
1930.0	6.06E-03
1940.0	6.07E-03
1950.0	6.07E-03
1960.0	6.07E-03
1970.0	6.07E-03
1980.0	6.08E-03
1990.0	6.08E-03
2000.0	6.09E-03
2010.0	6.09E-03
2020.0	6.10E-03
2030.0	6.10E-03
2040.0	6.11E-03
2050.0	6.12E-03
2060.0	6.26E-03
2070.0	6.41E-03
2080.0	6.55E-03
2090.0	6.70E-03
2100.0	6.84E-03
2110.0	6.84E-03
2120.0	6.84E-03
2130.0	6.84E-03
2140.0	6.84E-03
2150.0	6.84E-03
2160.0	6.84E-03
2170.0	6.86E-03
2180.0	6.87E-03
2190.0	6.88E-03
2200.0	6.90E-03
2210.0	6.91E-03
2220.0	6.92E-03
2230.0	6.94E-03
2240.0	6.95E-03
2250.0	6.97E-03
2260.0	6.98E-03
2270.0	6.99E-03
2280.0	7.01E-03
2290.0	7.02E-03
2300.0	7.03E-03
2310.0	7.05E-03
2320.0	7.06E-03
2330.0	7.04E-03
2340.0	7.01E-03
2350.0	6.98E-03
2360.0	6.96E-03
2370.0	6.93E-03
2380.0	6.91E-03
2390.0	6.88E-03
2400.0	6.85E-03
2410.0	6.83E-03
2420.0	6.80E-03
2430.0	6.76E-03
2440.0	6.72E-03
2450.0	6.68E-03
2460.0	6.65E-03
2470.0	6.61E-03
2480.0	6.57E-03
2490.0	6.53E-03
2500.0	6.49E-03
2510.0	6.46E-03
2520.0	6.43E-03
2530.0	6.40E-03
2540.0	6.37E-03
2550.0	6.34E-03
2560.0	6.31E-03
2570.0	6.29E-03
2580.0	6.28E-03
2590.0	6.27E-03
2600.0	6.27E-03
2610.0	6.26E-03
2620.0	6.25E-03
2630.0	6.25E-03
2640.0	6.24E-03
2650.0	6.23E-03
2660.0	6.23E-03
2670.0	6.22E-03
2680.0	6.21E-03
2690.0	6.21E-03
2700.0	6.20E-03
2710.0	6.19E-03
2720.0	6.19E-03
2730.0	6.18E-03
2740.0	6.17E-03
2750.0	6.17E-03
2760.0	6.16E-03
2770.0	6.15E-03
2780.0	6.15E-03
2790.0	6.14E-03
2800.0	6.13E-03
2810.0	6.13E-03
2820.0	6.12E-03
2830.0	6.11E-03
2840.0	6.11E-03
2850.0	6.10E-03
2860.0	6.09E-03
2870.0	6.09E-03
2880.0	6.08E-03
2890.0	6.07E-03
2900.0	6.07E-03
2910.0	6.06E-03
2920.0	6.09E-03
2930.0	6.12E-03
2940.0	6.14E-03
2950.0	6.17E-03
2960.0	6.20E-03
2970.0	6.23E-03
2980.0	6.26E-03
2990.0	6.28E-03
3000.0	6.31E-03
