# ATLAS-CONF-2016-049, Fig. 11
# observed 95% exclusion limits on sigBR(pp->G*KK->hh->bbbb)
# mG*KK[GeV] | sig*BR_95% [pb]
300.0	1.01E+00
310.0	7.58E-01
320.0	6.77E-01
330.0	5.97E-01
340.0	5.18E-01
350.0	4.46E-01
360.0	3.90E-01
370.0	3.34E-01
380.0	2.85E-01
390.0	2.70E-01
400.0	2.54E-01
410.0	2.39E-01
420.0	2.23E-01
430.0	2.08E-01
440.0	1.96E-01
450.0	1.85E-01
460.0	1.73E-01
470.0	1.61E-01
480.0	1.50E-01
490.0	1.32E-01
500.0	1.13E-01
510.0	9.36E-02
520.0	7.92E-02
530.0	6.83E-02
540.0	5.74E-02
550.0	4.65E-02
560.0	3.99E-02
570.0	3.40E-02
580.0	2.81E-02
590.0	2.51E-02
600.0	2.43E-02
610.0	2.35E-02
620.0	2.27E-02
630.0	2.18E-02
640.0	2.10E-02
650.0	2.02E-02
660.0	1.94E-02
670.0	1.85E-02
680.0	1.77E-02
690.0	1.74E-02
700.0	1.81E-02
710.0	1.88E-02
720.0	1.95E-02
730.0	2.01E-02
740.0	2.08E-02
750.0	2.15E-02
760.0	2.22E-02
770.0	2.29E-02
780.0	2.36E-02
790.0	2.42E-02
800.0	2.42E-02
810.0	2.42E-02
820.0	2.42E-02
830.0	2.42E-02
840.0	2.42E-02
850.0	2.43E-02
860.0	2.43E-02
870.0	2.43E-02
880.0	2.43E-02
890.0	2.43E-02
900.0	2.40E-02
910.0	2.34E-02
920.0	2.28E-02
930.0	2.22E-02
940.0	2.16E-02
950.0	2.10E-02
960.0	2.04E-02
970.0	1.98E-02
980.0	1.91E-02
990.0	1.85E-02
1000.0	1.80E-02
1010.0	1.74E-02
1020.0	1.68E-02
1030.0	1.62E-02
1040.0	1.56E-02
1050.0	1.50E-02
1060.0	1.44E-02
1070.0	1.39E-02
1080.0	1.33E-02
1090.0	1.27E-02
1100.0	1.23E-02
1110.0	1.21E-02
1120.0	1.19E-02
1130.0	1.17E-02
1140.0	1.16E-02
1150.0	1.14E-02
1160.0	1.12E-02
1170.0	1.10E-02
1180.0	1.08E-02
1190.0	1.07E-02
1200.0	1.05E-02
1210.0	1.04E-02
1220.0	1.03E-02
1230.0	1.02E-02
1240.0	1.01E-02
1250.0	9.98E-03
1260.0	9.87E-03
1270.0	9.76E-03
1280.0	9.65E-03
1290.0	9.54E-03
1300.0	9.44E-03
1310.0	9.34E-03
1320.0	9.31E-03
1330.0	9.28E-03
1340.0	9.25E-03
1350.0	9.22E-03
1360.0	9.19E-03
1370.0	9.16E-03
1380.0	9.13E-03
1390.0	9.10E-03
1400.0	9.12E-03
1410.0	9.48E-03
1420.0	9.84E-03
1430.0	1.02E-02
1440.0	1.06E-02
1450.0	1.09E-02
1460.0	1.12E-02
1470.0	1.16E-02
1480.0	1.19E-02
1490.0	1.22E-02
1500.0	1.25E-02
1510.0	1.27E-02
1520.0	1.25E-02
1530.0	1.22E-02
1540.0	1.20E-02
1550.0	1.18E-02
1560.0	1.16E-02
1570.0	1.14E-02
1580.0	1.12E-02
1590.0	1.10E-02
1600.0	1.08E-02
1610.0	1.06E-02
1620.0	1.04E-02
1630.0	1.02E-02
1640.0	1.01E-02
1650.0	9.90E-03
1660.0	9.73E-03
1670.0	9.56E-03
1680.0	9.39E-03
1690.0	9.22E-03
1700.0	9.08E-03
1710.0	8.94E-03
1720.0	8.80E-03
1730.0	8.66E-03
1740.0	8.52E-03
1750.0	8.38E-03
1760.0	8.24E-03
1770.0	8.10E-03
1780.0	7.95E-03
1790.0	7.81E-03
1800.0	7.67E-03
1810.0	7.52E-03
1820.0	7.36E-03
1830.0	7.21E-03
1840.0	7.05E-03
1850.0	6.89E-03
1860.0	6.74E-03
1870.0	6.58E-03
1880.0	6.42E-03
1890.0	6.27E-03
1900.0	6.11E-03
1910.0	5.98E-03
1920.0	5.85E-03
1930.0	5.73E-03
1940.0	5.61E-03
1950.0	5.49E-03
1960.0	5.37E-03
1970.0	5.25E-03
1980.0	5.13E-03
1990.0	5.01E-03
2000.0	4.88E-03
2010.0	4.84E-03
2020.0	4.87E-03
2030.0	4.91E-03
2040.0	4.94E-03
2050.0	4.98E-03
2060.0	5.01E-03
2070.0	5.04E-03
2080.0	5.08E-03
2090.0	5.11E-03
2100.0	5.15E-03
2110.0	5.18E-03
2120.0	5.21E-03
2130.0	5.25E-03
2140.0	5.29E-03
2150.0	5.33E-03
2160.0	5.36E-03
2170.0	5.40E-03
2180.0	5.44E-03
2190.0	5.48E-03
2200.0	5.52E-03
2210.0	5.56E-03
2220.0	5.60E-03
2230.0	5.64E-03
2240.0	5.68E-03
2250.0	5.72E-03
2260.0	5.76E-03
2270.0	5.70E-03
2280.0	5.63E-03
2290.0	5.55E-03
2300.0	5.48E-03
2310.0	5.41E-03
2320.0	5.33E-03
2330.0	5.26E-03
2340.0	5.19E-03
2350.0	5.11E-03
2360.0	5.04E-03
2370.0	4.97E-03
2380.0	4.89E-03
2390.0	4.82E-03
2400.0	4.75E-03
2410.0	4.68E-03
2420.0	4.61E-03
2430.0	4.55E-03
2440.0	4.48E-03
2450.0	4.41E-03
2460.0	4.34E-03
2470.0	4.27E-03
2480.0	4.20E-03
2490.0	4.14E-03
2500.0	4.07E-03
2510.0	4.00E-03
2520.0	3.92E-03
2530.0	3.83E-03
2540.0	3.75E-03
2550.0	3.67E-03
2560.0	3.59E-03
2570.0	3.51E-03
2580.0	3.42E-03
2590.0	3.34E-03
2600.0	3.26E-03
2610.0	3.18E-03
2620.0	3.10E-03
2630.0	3.01E-03
2640.0	2.94E-03
2650.0	2.88E-03
2660.0	2.81E-03
2670.0	2.75E-03
2680.0	2.69E-03
2690.0	2.62E-03
2700.0	2.56E-03
2710.0	2.49E-03
2720.0	2.43E-03
2730.0	2.37E-03
2740.0	2.30E-03
2750.0	2.24E-03
2760.0	2.18E-03
2770.0	2.11E-03
2780.0	2.10E-03
2790.0	2.08E-03
2800.0	2.07E-03
2810.0	2.06E-03
2820.0	2.05E-03
2830.0	2.03E-03
2840.0	2.02E-03
2850.0	2.01E-03
2860.0	2.00E-03
2870.0	1.98E-03
2880.0	1.97E-03
2890.0	1.96E-03
2900.0	1.95E-03
2910.0	1.93E-03
2920.0	1.92E-03
2930.0	1.90E-03
2940.0	1.89E-03
2950.0	1.88E-03
2960.0	1.86E-03
2970.0	1.85E-03
2980.0	1.83E-03
2990.0	1.82E-03
3000.0	1.81E-03
