# B(B->Xs gamma) at NNLO 
# dimensions: tanbeta  mHp  B(B->Xs gamma)
#
# -4/3  1
# 11    101
# Data
-1.3333333333333333	1.	1.523839575818306
-1.	1.	0.0828644597148408
-0.6666666666666666	1.	0.007055877264452078
-0.3333333333333333	1.	0.0016144417442233781
0.	1.	0.0009476367603968509
0.33333333333333337	1.	0.0008274419910636704
0.6666666666666666	1.	0.0008026359158488015
1.	1.	0.0007973421606282573
1.3333333333333333	1.	0.0007962040020404425
1.6666666666666667	1.	0.0007959589021162924
2.	1.	0.0007959061019935488
-1.3333333333333333	1.03	1.5128971270661862
-1.	1.03	0.08230492960003186
-0.6666666666666666	1.03	0.0070178750122990245
-0.3333333333333333	1.03	0.0016091772566468397
0.	1.03	0.000945729684186485
0.33333333333333337	1.03	0.0008260867067902091
0.6666666666666666	1.03	0.0008013915493436613
1.	1.03	0.0007961213210592777
1.3333333333333333	1.03	0.0007949882140421633
1.6666666666666667	1.03	0.0007947442016497085
2.	1.03	0.0007946916357916086
-1.3333333333333333	1.06	1.5008906776103004
-1.	1.06	0.08169080542186832
-0.6666666666666666	1.06	0.006976121034407601
-0.3333333333333333	1.06	0.0016033805187816253
0.	1.06	0.0009436249840835089
0.33333333333333337	1.06	0.0008245892289226623
0.6666666666666666	1.06	0.0008000161579228243
1.	1.06	0.000794771826894562
1.3333333333333333	1.06	0.0007936442804518247
1.6666666666666667	1.06	0.0007934014651752421
2.	1.06	0.0007933491571873914
-1.3333333333333333	1.09	1.4877402730433658
-1.	1.09	0.08101794356507877
-0.6666666666666666	1.09	0.006930321115656638
-0.3333333333333333	1.09	0.0015970072090359356
0.	1.09	0.0009413052814536214
0.33333333333333337	1.09	0.0008229367351569729
0.6666666666666666	1.09	0.0007984978429703664
1.	1.09	0.0007932819758312635
1.3333333333333333	1.09	0.0007921605411361167
1.6666666666666667	1.09	0.0007919190416389386
2.	1.09	0.0007918670170827612
-1.3333333333333333	1.1199999999999999	1.4733641285443169
-1.	1.1199999999999999	0.08028209549854716
-0.6666666666666666	1.1199999999999999	0.006880171315210595
-0.3333333333333333	1.1199999999999999	0.0015900109515505896
0.	1.1199999999999999	0.0009387522003340212
0.33333333333333337	1.1199999999999999	0.0008211156059154457
0.6666666666666666	1.1199999999999999	0.0007968239504135772
1.	1.1199999999999999	0.0007916393190593356
1.3333333333333333	1.1199999999999999	0.0007905245913798914
1.6666666666666667	1.1199999999999999	0.0007902845358196861
2.	1.1199999999999999	0.0007902328223017595
-1.3333333333333333	1.1500000000000001	1.4576794261615622
-1.	1.1500000000000001	0.07947894680045513
-0.6666666666666666	1.1500000000000001	0.006825360219307275
-0.3333333333333333	1.1500000000000001	0.0015823435223826072
0.	1.1500000000000001	0.0009359464054180883
0.33333333333333337	1.1500000000000001	0.0008191114387530192
0.6666666666666666	1.1500000000000001	0.0007949810806369888
1.	1.1500000000000001	0.0007898306702350081
1.3333333333333333	1.1500000000000001	0.0007887232906582723
1.6666666666666667	1.1500000000000001	0.0007884848170579969
2.	1.1500000000000001	0.000788433444310054
-1.3333333333333333	1.18	1.440603285791022
-1.	1.18	0.07860416491484401
-0.6666666666666666	1.18	0.006765571752848957
-0.3333333333333333	1.18	0.0015739551240501167
0.	1.18	0.0009328676617006945
0.33333333333333337	1.18	0.00081690907709957
0.6666666666666666	1.18	0.0007929551112814371
1.	1.18	0.0007878421270325842
1.3333333333333333	1.18	0.0007867427839212748
1.6666666666666667	1.18	0.0007865060404831405
2.	1.18	0.0007864550404296898
-1.3333333333333333	1.21	1.4220539223728863
-1.	1.21	0.07765345629894013
-0.6666666666666666	1.21	0.006700488598788102
-0.3333333333333333	1.21	0.0015647947362484994
0.	1.21	0.0009294949189139295
0.33333333333333337	1.21	0.00081449265565431
0.6666666666666666	1.21	0.0007907312350779249
1.	1.21	0.0007856591073889194
1.3333333333333333	1.21	0.0007845685374976979
1.6666666666666667	1.21	0.0007843336828437387
2.	1.21	0.0007842830896538971
-1.3333333333333333	1.24	1.401951998515543
-1.	1.24	0.07662263346273529
-0.6666666666666666	1.24	0.00662979626618493
-0.3333333333333333	1.24	0.0015548105500689559
0.	1.24	0.0009258064239061206
0.33333333333333337	1.24	0.0008118456648265024
0.6666666666666666	1.24	0.0007882940149536411
1.	1.24	0.0007832664026444497
1.3333333333333333	1.24	0.0007821853918149416
1.6666666666666667	1.24	0.0007819525951369419
2.	1.24	0.0007819024452567454
-1.3333333333333333	1.27	1.3802221771171064
-1.	1.27	0.07550769217923557
-0.6666666666666666	1.27	0.0065531878358083195
-0.3333333333333333	1.27	0.0015439504921661094
0.	1.27	0.0009217798640341283
0.33333333333333337	1.27	0.0008089510366325109
0.6666666666666666	1.27	0.0007856274586810948
1.	1.27	0.0007806482498218995
1.3333333333333333	1.27	0.0007795776331694866
1.6666666666666667	1.27	0.0007793470742695212
2.	1.27	0.0007792974064306711
-1.3333333333333333	1.3	1.356794872439298
-1.	1.3	0.07430489884754359
-0.6666666666666666	1.3	0.006470369395710929
-0.3333333333333333	1.3	0.001532162843956677
0.	1.3	0.0009173925444238351
0.33333333333333337	1.3	0.000805791254394409
0.6666666666666666	1.3	0.000782715115304393
1.	1.3	0.0007777884252527032
1.3333333333333333	1.3	0.0007767290867528577
1.6666666666666667	1.3	0.0007765009559546004
2.	1.3	0.0007764518111553777
-1.3333333333333333	1.33	1.331608190384869
-1.	1.33	0.07301088761569806
-0.6666666666666666	1.33	0.006381066157898176
-0.3333333333333333	1.33	0.0015193969590170371
0.	1.33	0.000912621601579672
0.33333333333333337	1.33	0.0008023484884206013
0.6666666666666666	1.33	0.0007795401954513349
1.	1.33	0.0007746703616439869
1.3333333333333333	1.33	0.0007736232330225379
1.6666666666666667	1.33	0.0007733977309327472
2.	1.33	0.0007733491523866503
-1.3333333333333333	1.36	1.3046100393980458
-1.	1.36	0.07162276641345008
-0.6666666666666666	1.36	0.00628502922076205
-0.3333333333333333	1.36	0.00150560407932558
0.	1.36	0.0009074442552645358
0.33333333333333337	1.36	0.0007986047595640771
0.6666666666666666	1.36	0.0007760857174074303
1.	1.36	0.0007712772904573984
1.3333333333333333	1.36	0.0007702433492880163
1.6666666666666667	1.36	0.0007700206863873757
2.	1.36	0.0007699727194350045
-1.3333333333333333	1.3900000000000001	1.2757603825055384
-1.	1.3900000000000001	0.07013823050913133
-0.6666666666666666	1.3900000000000001	0.006182042910351885
-0.3333333333333333	1.3900000000000001	0.0014907382478268297
0.	1.3900000000000001	0.0009018380998028767
0.33333333333333337	1.3900000000000001	0.000794542132129546
0.6666666666666666	1.3900000000000001	0.0007723346804697472
1.	1.3900000000000001	0.0007675924111267018
1.3333333333333333	1.3900000000000001	0.0007665726780407998
1.6666666666666667	1.3900000000000001	0.0007663530740836987
2.	1.3900000000000001	0.0007663057660634817
-1.3333333333333333	1.42	1.2450335887300514
-1.	1.42	0.06855568159790199
-0.6666666666666666	1.42	0.006071932597137913
-0.3333333333333333	1.42	0.0014747573109682095
0.	1.42	0.0008957814349632644
0.33333333333333337	1.42	0.0007901429370193389
0.6666666666666666	1.42	0.0007682702665975011
1.	1.42	0.0007635990881569833
1.3333333333333333	1.42	0.0007625946230767505
1.6666666666666667	1.42	0.0007623783062807764
2.	1.42	0.0007623317063544028
-1.3333333333333333	1.45	1.2124208287832334
-1.	1.45	0.0668743497670487
-0.6666666666666666	1.45	0.00595457284444941
-0.3333333333333333	1.45	0.0014576240004049005
0.	1.45	0.0008892536353416176
0.33333333333333337	1.45	0.0007853900252558788
0.6666666666666666	1.45	0.0007638760707185192
1.	1.45	0.0007592810765103961
1.3333333333333333	1.45	0.0007582929738254525
1.6666666666666667	1.45	0.0007580801798334694
2.	1.45	0.0007580343387623326
-1.3333333333333333	1.48	1.177932446107356
-1.	1.48	0.06509441499265935
-0.6666666666666666	1.48	0.005829895701515868
-0.3333333333333333	1.48	0.0014393070780604946
0.	1.48	0.0008822355556925935
0.33333333333333337	1.48	0.0007802670510878539
0.6666666666666666	1.48	0.0007591363592268847
1.	1.48	0.0007546227748820839
1.3333333333333333	1.48	0.000753652157504867
1.6666666666666667	1.48	0.0007534431281056947
2.	1.48	0.0007533980979753348
-1.3333333333333333	1.51	1.1416002207092095
-1.	1.51	0.06321712413565832
-0.6666666666666666	1.51	0.005697898909854306
-0.3333333333333333	1.51	0.001419782523305413
0.	1.51	0.0008747099679589608
0.33333333333333337	1.51	0.0007747587827781292
0.6666666666666666	1.51	0.0007540363552148376
1.	1.51	0.0007496095055024125
1.3333333333333333	1.51	0.0007486575177573115
1.6666666666666667	1.51	0.000748452499355309
2.	1.51	0.0007484083332457691
-1.3333333333333333	1.54	1.1034794307373348
-1.	1.54	0.061244898768359236
-0.6666666666666666	1.54	0.005558653749070524
-0.3333333333333333	1.54	0.001399034735369656
0.	1.54	0.0008666620238584319
0.33333333333333337	1.54	0.0007688514378941225
0.6666666666666666	1.54	0.0007485625478276388
1.	1.54	0.0007442278179733444
1.3333333333333333	1.54	0.000743295617300124
1.6666666666666667	1.54	0.0007430948591294659
2.	1.54	0.0007430516107306493
-1.3333333333333333	1.57	1.0636506064911007
-1.	1.57	0.05918142862862178
-0.6666666666666666	1.57	0.005412312209970019
-0.3333333333333333	1.57	0.0013770577185037902
0.	1.57	0.0008580797348543713
0.33333333333333337	1.57	0.0007625330384973426
0.6666666666666666	1.57	0.0007427030218298909
1.	1.57	0.000738465813372894
1.3333333333333333	1.57	0.000737554560856107
1.6666666666666667	1.57	0.0007373583129422573
2.	1.57	0.0007373160361148251
-1.3333333333333333	1.5999999999999999	1.0222208647350255
-1.	1.5999999999999999	0.05703174512689394
-0.6666666666666666	1.5999999999999999	0.0052591131526264125
-0.3333333333333333	1.5999999999999999	0.001353856212161098
0.	1.5999999999999999	0.0008489544592286228
0.33333333333333337	1.5999999999999999	0.0007557937800908836
0.6666666666666666	1.5999999999999999	0.0007364478020519056
1.	1.5999999999999999	0.0007323134834668957
1.3333333333333333	1.5999999999999999	0.000731424333239579
1.6666666666666667	1.5999999999999999	0.0007312328441183256
2.	1.5999999999999999	0.0007311915924023702
-1.3333333333333333	1.6300000000000001	0.9793247090704521
-1.	1.6300000000000001	0.05480226918311306
-0.6666666666666666	1.6300000000000001	0.005099387088325984
-0.3333333333333333	1.6300000000000001	0.0013294467239466394
0.	1.6300000000000001	0.0008392813838705862
0.33333333333333337	1.6300000000000001	0.0007486264065720569
0.6666666666666666	1.6300000000000001	0.0007297892058778146
1.	1.6300000000000001	0.0007257630583829338
1.3333333333333333	1.6300000000000001	0.0007248971459943134
1.6666666666666667	1.6300000000000001	0.000724710660207666
2.	1.6300000000000001	0.0007246704862833076
-1.3333333333333333	1.6600000000000001	0.9351241858195625
-1.	1.6600000000000001	0.052500827801486724
-0.6666666666666666	1.6600000000000001	0.0049335592204421685
-0.3333333333333333	1.6600000000000001	0.0013038584196039646
0.	1.6600000000000001	0.0008290599863729167
0.33333333333333337	1.6600000000000001	0.0007410265817897024
0.6666666666666666	1.6600000000000001	0.0007227221953734607
1.	1.6600000000000001	0.000718809354555845
1.3333333333333333	1.6600000000000001	0.0007179677844381355
1.6666666666666667	1.6600000000000001	0.0007177865398361323
2.	1.6600000000000001	0.0007177474949423075
-1.3333333333333333	1.69	0.889808295198512
-1.	1.69	0.05013663424102322
-0.6666666666666666	1.69	0.004762150392676286
-0.3333333333333333	1.69	0.0012771338221198671
0.	1.69	0.0008182944611205642
0.33333333333333337	1.69	0.0007329932466328686
0.6666666666666666	1.69	0.0007152447190368504
1.	1.69	0.0007114501131517151
1.3333333333333333	1.69	0.0007106339453692375
1.6666666666666667	1.69	0.0007104581702570885
2.	1.69	0.0007104203035770095
-1.3333333333333333	1.72	0.8436290526941892
-1.	1.72	0.04772215975831327
-0.6666666666666666	1.72	0.004585908693800211
-0.3333333333333333	1.72	0.0012493466413782024
0.	1.72	0.0008069991572533566
0.33333333333333337	1.72	0.0007245319498639809
0.6666666666666666	1.72	0.0007073606147766794
1.	1.72	0.0007036888120799544
1.3333333333333333	1.72	0.0007028990295363862
1.6666666666666667	1.72	0.000702728935614057
2.	1.72	0.0007026922927543041
-1.3333333333333333	1.75	0.7967371568363429
-1.	1.75	0.04526467767120519
-0.6666666666666666	1.75	0.004405230771822369
-0.3333333333333333	1.75	0.0012205270571614463
0.	1.75	0.0007951770581180316
0.33333333333333337	1.75	0.0007156422178708537
0.6666666666666666	1.75	0.0006990687757080767
1.	1.75	0.0006955242131969035
1.3333333333333333	1.75	0.000694761770757306
1.6666666666666667	1.75	0.0006945975636951768
2.	1.75	0.000694562188963813
-1.3333333333333333	1.78	0.7494435442094937
-1.	1.78	0.0427797550804336
-0.6666666666666666	1.78	0.004221092392292876
-0.3333333333333333	1.78	0.0011907836522034759
0.	1.78	0.0007828555798653599
0.33333333333333337	1.78	0.0007063388844031287
0.6666666666666666	1.78	0.0006903815524270417
1.	1.78	0.0006869681426855559
1.3333333333333333	1.78	0.0006862338827240755
1.6666666666666667	1.78	0.0006860757439798573
2.	1.78	0.0006860416764695404
-1.3333333333333333	1.81	0.7020218223735342
-1.	1.81	0.0402810946260955
-0.6666666666666666	1.81	0.004034354736426282
-0.3333333333333333	1.81	0.0011602140007465425
0.	1.81	0.0007700607536953888
0.33333333333333337	1.81	0.0006966368825155235
0.6666666666666666	1.81	0.0006813116872655109
1.	1.81	0.0006780328801980413
1.3333333333333333	1.81	0.0006773275458390145
1.6666666666666667	1.81	0.0006771756355077249
2.	1.81	0.0006771429097095906
-1.3333333333333333	1.8399999999999999	0.654756809343389
-1.	1.8399999999999999	0.03778304909916221
-0.6666666666666666	1.8399999999999999	0.0038459401857420163
-0.3333333333333333	1.8399999999999999	0.0011289282581617
0.	1.8399999999999999	0.0007568243500564638
0.33333333333333337	1.8399999999999999	0.0006865555790923818
0.6666666666666666	1.8399999999999999	0.000671876082967756
1.	1.8399999999999999	0.0006687348072561372
1.3333333333333333	1.8399999999999999	0.0006680590297783137
1.6666666666666667	1.8399999999999999	0.0006679134838793828
2.	1.8399999999999999	0.0006678821290986035
-1.3333333333333333	1.8699999999999999	0.6079390945054116
-1.	1.8699999999999999	0.03530035750318558
-0.6666666666666666	1.8699999999999999	0.0036568176398644988
-0.3333333333333333	1.8699999999999999	0.0010970479973364657
0.	1.8699999999999999	0.000743183762440594
0.33333333333333337	1.8699999999999999	0.0006761187977306724
0.6666666666666666	1.8699999999999999	0.000662095851520707
1.	1.8699999999999999	0.0006590944614852613
1.3333333333333333	1.8699999999999999	0.0006584487488815545
1.6666666666666667	1.8699999999999999	0.000658309676894476
2.	1.8699999999999999	0.000658279716719353
-1.3333333333333333	1.9000000000000001	0.5618590955193661
-1.	1.9000000000000001	0.0328478540068555
-0.6666666666666666	1.9000000000000001	0.0034679857128117925
-0.3333333333333333	1.9000000000000001	0.0010647046977448672
0.	1.9000000000000001	0.0007291817585741004
0.33333333333333337	1.9000000000000001	0.0006653547475009138
0.6666666666666666	1.9000000000000001	0.0006519962767921076
1.	1.9000000000000001	0.0006491365063479955
1.3333333333333333	1.9000000000000001	0.0006485212334044504
1.6666666666666667	1.9000000000000001	0.0006483887161313063
2.	1.9000000000000001	0.0006483601679727598
-1.3333333333333333	1.9300000000000002	0.5168008103373597
-1.	1.9300000000000002	0.030440159217825898
-0.6666666666666666	1.9300000000000002	0.0032804542806873956
-0.3333333333333333	1.9300000000000002	0.001032037911518187
0.	1.9300000000000002	0.000714866095427724
0.33333333333333337	1.9300000000000002	0.0006542958511918237
0.6666666666666666	1.9300000000000002	0.0006416066841232299
1.	1.9300000000000002	0.0006388896094318357
1.3333333333333333	1.9300000000000002	0.0006383050096699903
1.6666666666666667	1.9300000000000002	0.0006381790974989667
2.	1.9300000000000002	0.0006381519722163996
-1.3333333333333333	1.96	0.47303549718648724
-1.	1.96	0.028091364944120616
-0.6666666666666666	1.96	0.0030952249732196105
-0.3333333333333333	1.96	0.0009991931468995424
0.	1.96	0.0007002889996056263
0.33333333333333337	1.96	0.0006429784699523859
0.6666666666666666	1.96	0.0006309602129615516
1.	1.96	0.000628386225206125
1.3333333333333333	1.96	0.0006278323849965982
1.6666666666666667	1.96	0.0006277130966328173
2.	1.96	0.0006276873982606349
-1.3333333333333333	1.99	0.43081553954231644
-1.	1.99	0.02581472491435152
-0.6666666666666666	1.99	0.0029132713041512496
-0.3333333333333333	1.99	0.0009663195259276886
0.	1.99	0.0006855065206134313
0.33333333333333337	1.99	0.0006314425252915533
0.6666666666666666	1.99	0.0006200934922745131
1.	1.99	0.0006176622817354671
1.3333333333333333	1.99	0.0006171391368363265
1.6666666666666667	1.99	0.0006170264585546325
2.	1.99	0.0006170021841411936
-1.3333333333333333	2.02	0.3903687638993379
-1.	2.02	0.02362236461021775
-0.6666666666666666	2.02	0.0027355192094180177
-0.3333333333333333	2.02	0.0009335672888101453
0.	2.02	0.0006705777709314186
0.33333333333333337	2.02	0.0006197310239987974
0.6666666666666666	2.02	0.0006090462227030137
1.	2.02	0.0006067567749717275
1.3333333333333333	2.02	0.0006062641096731089
1.6666666666666667	2.02	0.000606157995131942
2.	2.02	0.0006061351346993739
-1.3333333333333333	2.05	0.351893471091669
-1.	2.05	0.02152502319525064
-0.6666666666666666	2.05	0.002562828791431636
-0.3333333333333333	2.05	0.000901085230068596
0.	2.05	0.0006555640730655129
0.33333333333333337	2.05	0.0006078894962931107
0.6666666666666666	2.05	0.0005978606738280967
1.	2.05	0.0005957112785902616
1.3333333333333333	2.05	0.0005952487275592643
1.6666666666666667	2.05	0.000595149098195929
2.	2.05	0.000595127634825184
-1.3333333333333333	2.08	0.31555441352766084
-1.	2.08	0.01953183930899212
-0.6666666666666666	2.08	0.002395978036588818
-0.3333333333333333	2.08	0.0008690181585282964
0.	2.08	0.000640528038900481
0.33333333333333337	2.08	0.0005959653617969632
0.6666666666666666	2.08	0.0005865811090055947
1.	2.08	0.0005845693813715727
1.3333333333333333	2.08	0.0005841364341940996
1.6666666666666667	2.08	0.0005840431802007848
2.	2.08	0.0005840230902418006
-1.3333333333333333	2.11	0.2814799009963211
-1.	2.11	0.017650190212593873
-0.6666666666666666	2.11	0.002235649174736763
-0.3333333333333333	2.11	0.0008375044727202588
0.	2.11	0.0006255326099614182
0.33333333333333337	2.11	0.0005840072412255356
0.6666666666666666	2.11	0.0005752531534826677
1.	2.11	0.0005733760673795872
1.3333333333333333	2.11	0.0005729720756963926
1.6666666666666667	2.11	0.0005728850575548917
2.	2.11	0.0005728663109571135
-1.3333333333333333	2.14	0.2497601520345412
-1.	2.14	0.015885590668654307
-0.6666666666666666	2.14	0.002082418195138852
-0.3333333333333333	2.14	0.0008066739356392235
0.	2.14	0.0006106400884524835
0.33333333333333337	2.14	0.000572064233806407
0.6666666666666666	2.14	0.0005639231237718376
1.	2.14	0.0005621770564766174
1.3333333333333333	2.14	0.0005618012435171656
1.6666666666666667	2.14	0.000561720294050076
2.	2.14	0.0005617028548042416
-1.3333333333333333	2.17	0.22044693526945058
-1.	2.17	0.014241654460678599
-0.6666666666666666	2.17	0.0019367478497632291
-0.3333333333333333	2.17	0.0007766457205963487
0.	2.17	0.0005959111887138898
0.33333333333333337	2.17	0.0005601851816377966
0.6666666666666666	2.17	0.0005526373377033752
1.	2.17	0.000551018124212171
1.3333333333333333	2.17	0.0005506695964473135
1.6666666666666667	2.17	0.0005505945233257051
2.	2.17	0.0005505783500039758
-1.3333333333333333	2.2	0.19355447367286058
-1.	2.2	0.012720118003812305
-0.6666666666666666	2.2	0.001798984285778494
-0.3333333333333333	2.2	0.0007475267856479044
0.	2.2	0.0005814041375744616
0.33333333333333337	2.2	0.0005484179427117277
0.6666666666666666	2.2	0.000541441425404642
1.	2.2	0.0005399444210147686
1.3333333333333333	2.2	0.0005396221815803728
1.6666666666666667	2.2	0.0005395527702130704
2.	2.2	0.0005395378165913814
-1.3333333333333333	2.23	0.1690615183649854
-1.	2.23	0.011320922262975786
-0.6666666666666666	2.23	0.0016693572651443728
-0.3333333333333333	2.23	0.0007194106185136937
0.	2.23	0.000567173850098628
0.33333333333333337	2.23	0.0005368086942243912
0.6666666666666666	2.23	0.0005303796617057979
1.	2.23	0.0005289998109409083
1.3333333333333333	2.23	0.0005287027744315762
1.6666666666666667	2.23	0.0005286387911497849
2.	2.23	0.0005286250068938275
-1.3333333333333333	2.2600000000000002	0.1469144402397337
-1.	2.2600000000000002	0.010042346299601036
-0.6666666666666666	2.2600000000000002	0.0015479837542227805
-0.3333333333333333	2.2600000000000002	0.0006923763764842011
0.	2.2600000000000002	0.0005532712038685822
0.33333333333333337	2.2600000000000002	0.0005254012865422663
0.6666666666666666	2.2600000000000002	0.0005194943396282537
1.	2.2600000000000002	0.0005182262494787762
1.3333333333333333	2.2600000000000002	0.0005179532576763257
1.6666666666666667	2.2600000000000002	0.0005178944531198718
2.	2.2600000000000002	0.0005178817845145348
-1.3333333333333333	2.29	0.12703114030116647
-1.	2.29	0.008881183346161645
-0.6666666666666666	2.29	0.0014348745026297595
-0.3333333333333333	2.29	0.0006664884238624826
0.	2.29	0.0005397424275233252
0.33333333333333337	2.29	0.0005142366631642947
0.6666666666666666	2.29	0.0005088252000641825
1.	2.29	0.0005076632154581122
1.3333333333333333	2.29	0.0005074130535469294
1.6666666666666667	2.29	0.000507359166155697
2.	2.29	0.0005073475568571719
-1.3333333333333333	2.32	0.10930554961961189
-1.	2.32	0.007832948741631365
-0.6666666666666666	2.32	0.0013299431231340512
-0.3333333333333333	2.32	0.0006417962598801874
0.	2.32	0.0005266286206984375
0.33333333333333337	2.32	0.0005033523653485571
0.6666666666666666	2.32	0.0004984089364731888
1.	2.32	0.0004973472159183313
1.3333333333333333	2.32	0.000497118628744916
1.6666666666666667	2.32	0.000497069388260138
2.	2.32	0.0004970587800501729
-1.3333333333333333	2.35	0.09361247511501616
-1.	2.35	0.006892108149352162
-0.6666666666666666	2.35	0.0012330170852537564
-0.3333333333333333	2.35	0.0006183348057409218
0.	2.35	0.0005139654097008095
0.33333333333333337	2.35	0.0004927821295229813
0.6666666666666666	2.35	0.00048827878334967764
1.	2.35	0.00048731137281663817
1.3333333333333333	2.35	0.0004871030807779061
1.6666666666666667	2.35	0.0004870582116638354
2.	2.35	0.0004870485451868477
-1.3333333333333333	2.38	0.07981255082020988
-1.	2.38	0.006052314482118218
-0.6666666666666666	2.38	0.0011438500013172584
-0.3333333333333333	2.38	0.0005961250102327762
0.	2.38	0.0005017827408767209
0.33333333333333337	2.38	0.0004825555847640562
0.6666666666666666	2.38	0.00047846419671449176
1.	2.38	0.0004775851000303337
1.3333333333333333	2.38	0.0004773958142180766
1.6666666666666667	2.38	0.000477355038923767
2.	2.38	0.00047734625438952645
-1.3333333333333333	2.41	0.06775707346853742
-1.	2.41	0.005306642719751901
-0.6666666666666666	2.41	0.001062134588526887
-0.3333333333333333	2.41	0.0005751747245506574
0.	2.41	0.0004901048088320514
0.33333333333333337	2.41	0.0004726980540128296
0.6666666666666666	2.41	0.0004689906315396913
1.	2.41	0.000468193875821682
1.3333333333333333	2.41	0.0004680223121061393
1.6666666666666667	2.41	0.00046798535409902443
2.	2.41	0.00046797739193618827
-1.3333333333333333	2.44	0.05729253274178344
-1.	2.44	0.004647813176567112
-0.6666666666666666	2.44	0.000987515732566513
-0.3333333333333333	2.44	0.0005554797918619376
0.	2.44	0.0004789501125215566
0.33333333333333337	2.44	0.00046323045927914637
0.6666666666666666	2.44	0.0004598794177768956
1.	2.44	0.0004591591127351229
1.3333333333333333	2.44	0.0004590040045348186
1.6666666666666667	2.44	0.0004589705910515864
2.	2.44	0.000458963392500344
-1.3333333333333333	2.4699999999999998	0.04826468639193684
-1.	2.4699999999999998	0.004068395575513301
-0.6666666666666666	2.4699999999999998	0.000919603147546805
-0.3333333333333333	2.4699999999999998	0.0005370252941288288
0.	2.4699999999999998	0.00046833162758020715
0.33333333333333337	2.4699999999999998	0.0004541693267386836
0.6666666666666666	2.4699999999999998	0.0004511477324073627
1.	2.4699999999999998	0.00045049812266603794
1.3333333333333333	2.4699999999999998	0.0004503582322199666
1.6666666666666667	2.4699999999999998	0.0004503280966950735
2.	2.4699999999999998	0.0004503216043303528
-1.3333333333333333	2.5	0.04052207463091735
-1.	2.5	0.003560988322248159
-0.6666666666666666	2.5	0.0008579832144903136
-0.3333333333333333	2.5	0.0005197868971746472
0.	2.5	0.00045825707794542176
0.33333333333333337	2.5	0.00044552688219800927
0.6666666666666666	2.5	0.0004428086595130805
1.	2.5	0.0004422241694251736
1.3333333333333333	2.5	0.00044209829745323265
1.6666666666666667	2.5	0.0004420711816004322
2.	2.5	0.00044206533978036373
-1.3333333333333333	2.53	0.03391891286802184
-1.	2.53	0.0031183694727798385
-0.6666666666666666	2.53	0.0008022296801558982
-0.3333333333333333	2.53	0.0005037322365037958
0.	2.53	0.00044872928566786694
0.33333333333333337	2.53	0.0004373112227467259
0.6666666666666666	2.53	0.0004348713256364952
1.	2.53	0.00043434659637644736
1.3333333333333333	2.53	0.0004342335900807365
1.6666666666666667	2.53	0.0004342092456173669
2.	2.53	0.00043420400085479116
-1.3333333333333333	2.56	0.028317343714603482
-1.	2.56	0.0027336178957039154
-0.6666666666666666	2.56	0.0007519130036122012
-0.3333333333333333	2.56	0.0004888222923218823
0.	2.56	0.00043974657666237267
0.33333333333333337	2.56	0.0004295265484117097
0.6666666666666666	2.56	0.0004273410955385968
1.	2.56	0.0004268710145362544
1.3333333333333333	2.56	0.00042676977395581493
1.6666666666666667	2.56	0.0004267479639725077
2.	2.56	0.00042674326523009986
-1.3333333333333333	2.59	0.023589065421632565
-1.	2.59	0.002400204906640666
-0.6666666666666666	2.59	0.000706608241161151
-0.3333333333333333	2.59	0.0004750127118965956
0.	2.59	0.00043130322209551566
0.33333333333333337	2.59	0.00042217343847922084
0.6666666666666666	2.59	0.0004202198141068216
1.	2.59	0.0004197995371203458
1.3333333333333333	2.59	0.00041970901990248666
1.6666666666666667	2.59	0.0004196895198918549
2.	2.59	0.0004196853188037811
-1.3333333333333333	2.62	0.019616389168617823
-1.	2.62	0.002112060174028716
-0.6666666666666666	2.62	0.0006659025819339887
-0.3333333333333333	2.62	0.00046225597420258087
0.	2.62	0.0004233907802986502
0.33333333333333337	2.62	0.00041525003167741306
0.6666666666666666	2.62	0.0004135069524142342
1.	2.62	0.00041313191828479923
1.3333333333333333	2.62	0.0004130511428813167
1.6666666666666667	2.62	0.00041303374142736627
2.	2.62	0.00041302999244785283
-1.3333333333333333	2.65	0.0162927142840755
-1.	2.65	0.0018635895816413
-0.6666666666666666	2.65	0.0006293887479065705
-0.3333333333333333	2.65	0.0004504929577814883
0.	2.65	0.0004159894294859722
0.33333333333333337	2.65	0.00040874331564182045
0.6666666666666666	2.65	0.0004071908882103384
1.	2.65	0.0004068568316992562
1.3333333333333333	2.65	0.0004067848801502639
1.6666666666666667	2.65	0.000406769379528996
2.	2.65	0.0004067660400617625
-1.3333333333333333	2.68	0.013522796774419704
-1.	2.68	0.0016497445074538828
-0.6666666666666666	2.68	0.000596697138597191
-0.3333333333333333	2.68	0.0004396773540101779
0.	2.68	0.0004090907278172318
0.33333333333333337	2.68	0.00040265153138503945
0.6666666666666666	2.68	0.0004012712338074532
1.	2.68	0.00040097418193517137
1.3333333333333333	2.68	0.00040091019909857506
1.6666666666666667	2.68	0.0004008964151128262
2.	2.68	0.00040089344547554213
-1.3333333333333333	2.71	0.011222344328557317
-1.	2.71	0.0014659692292028946
-0.6666666666666666	2.71	0.0005674702482164376
-0.3333333333333333	2.71	0.00042975363347883797
0.	2.71	0.00040267623905856844
0.33333333333333337	2.71	0.0003969629361046296
0.6666666666666666	2.71	0.0003957376282090288
1.	2.71	0.00039547390290048346
1.3333333333333333	2.71	0.0003954170970396298
1.6666666666666667	2.71	0.00039540485914649876
2.	2.71	0.00039540222259827704
-1.3333333333333333	2.74	0.009317389162002615
-1.	2.74	0.00130819288538162
-0.6666666666666666	2.74	0.0005413734925097705
-0.3333333333333333	2.74	0.0004206666218632335
0.	2.74	0.0003967265922180098
0.33333333333333337	2.74	0.0003916647401468929
0.6666666666666666	2.74	0.00039057864711305556
1.	2.74	0.00039034486200991526
1.3333333333333333	2.74	0.00039029450412339
1.6666666666666667	2.74	0.0003902836552906188
2.	2.74	0.00039028131800110686
-1.3333333333333333	2.77	0.007743505086450394
-1.	2.77	0.001172792811103525
-0.6666666666666666	2.77	0.0005180927362993656
-0.3333333333333333	2.77	0.000412360518214615
0.	2.77	0.0003912205482849235
0.33333333333333337	2.77	0.0003867421715258093
0.6666666666666666	2.77	0.0003857808663650414
1.	2.77	0.00038557392338102697
1.3333333333333333	2.77	0.0003855293464758346
1.6666666666666667	2.77	0.00038551974302592884
2.	2.77	0.00038551767404176033
-1.3333333333333333	2.8000000000000003	0.0064472083479981315
-1.	2.8000000000000003	0.0010567455531900005
-0.6666666666666666	2.8000000000000003	0.0004973603881089086
-0.3333333333333333	2.8000000000000003	0.0004047847762237081
0.	2.8000000000000003	0.0003861368376409662
0.33333333333333337	2.8000000000000003	0.0003821794565468387
0.6666666666666666	2.8000000000000003	0.00038132965866261086
1.	2.8000000000000003	0.00038114670494572
1.3333333333333333	2.8000000000000003	0.0003811072947818344
1.6666666666666667	2.8000000000000003	0.0003810988043988156
2.	2.8000000000000003	0.0003810969752142138
-1.3333333333333333	2.83	0.005380198063383472
-1.	2.83	0.0009571952927803984
-0.6666666666666666	2.83	0.0004789004584965614
-0.3333333333333333	2.83	0.00039788450827831195
0.	2.83	0.00038145267196276544
0.33333333333333337	2.83	0.000377960001367454
0.6666666666666666	2.83	0.00037720973125312336
1.	2.83	0.00037704819270910686
1.3333333333333333	2.83	0.00037701339503092875
1.6666666666666667	2.83	0.00037700589831872407
2.	2.83	0.0003770042832112657
-1.3333333333333333	2.86	0.004503453856014035
-1.	2.86	0.0008718215065543813
-0.6666666666666666	2.86	0.0004624837511515047
-0.3333333333333333	2.86	0.0003916111530815857
0.	2.86	0.00037714587765205775
0.33333333333333337	2.86	0.00037406673590504474
0.6666666666666666	2.86	0.00037340508658031046
1.	2.86	0.00037326261893082187
1.3333333333333333	2.86	0.0003732319289369323
1.6666666666666667	2.86	0.00037322531715135073
2.	2.86	0.0003732238926933663
-1.3333333333333333	2.89	0.0037835490281421386
-1.	2.89	0.0007985700426807766
-0.6666666666666666	2.89	0.0004478945151108849
-0.3333333333333333	2.89	0.00038591663668142105
0.	2.89	0.00037319390454232593
0.33333333333333337	2.89	0.0003704821168650772
0.6666666666666666	2.89	0.0003698992372080631
1.	2.89	0.00036977372259244356
1.3333333333333333	2.89	0.0003697466842124309
1.6666666666666667	2.89	0.00036974085910577363
2.	2.89	0.00036973960413088806
-1.3333333333333333	2.92	0.0031925792353693725
-1.	2.92	0.0007356780427889666
-0.6666666666666666	2.92	0.0004349378596569327
-0.3333333333333333	2.92	0.00038075524050167417
0.	2.92	0.0003695744165020373
0.33333333333333337	2.92	0.0003671884393065212
0.6666666666666666	2.92	0.00036667545709147346
1.	2.92	0.0003665649876702697
1.3333333333333333	2.92	0.0003665411900407781
1.6666666666666667	2.92	0.0003665360631030251
2.	2.92	0.0003665349585426952
-1.3333333333333333	2.9499999999999997	0.002707364193948218
-1.	2.9499999999999997	0.0006816365367760619
-0.6666666666666666	2.9499999999999997	0.0004234380941718053
-0.3333333333333333	2.9499999999999997	0.0003760836924971638
0.	2.9499999999999997	0.0003662654837334971
0.33333333333333337	2.9499999999999997	0.00036416803791316664
0.6666666666666666	2.9499999999999997	0.00036371698418623743
1.	2.9499999999999997	0.0003636198460053814
1.3333333333333333	2.9499999999999997	0.0003635989200010387
1.6666666666666667	2.9499999999999997	0.0003635944117127984
2.	2.9499999999999997	0.00036359344043538055
-1.3333333333333333	2.98	0.0023087358945425495
-1.	2.98	0.0006351567720871275
-0.6666666666666666	2.98	0.00041323715951990537
-0.3333333333333333	2.98	0.00037186122361661673
0.	2.98	0.00036324574375734125
0.33333333333333337	2.98	0.0003614034590972542
0.6666666666666666	2.98	0.00036100719441872054
1.	2.98	0.00036092185165126437
1.3333333333333333	2.98	0.00036090346649581006
1.6666666666666667	2.98	0.0003608995055984929
2.	2.98	0.00036089865225202123
-1.3333333333333333	3.01	0.0019809091471830803
-1.	3.01	0.0005951400143223676
-0.6666666666666666	3.01	0.00040419312539444674
-0.3333333333333333	3.01	0.0003680495871024465
0.	3.01	0.0003604945322826139
0.33333333333333337	3.01	0.00035887760586574897
0.6666666666666666	3.01	0.0003585297491015622
1.	3.01	0.0003584548288170146
1.3333333333333333	3.01	0.00035843868880709327
1.6666666666666667	3.01	0.00035843521159731345
2.	3.01	0.00035843446245749437
-1.3333333333333333	3.04	0.0017109310435478734
-1.	3.04	0.0005606506924486245
-0.6666666666666666	3.04	0.00039617875594783993
-0.3333333333333333	3.04	0.00036461304386638406
0.	3.04	0.00035799198615178414
0.33333333333333337	3.04	0.0003565738573545469
0.6666666666666666	3.04	0.0003562687176362241
1.	3.04	0.00035620299523365755
1.3333333333333333	3.04	0.000356188836604742
1.6666666666666667	3.04	0.0003561857862592993
2.	3.04	0.0003561851290840909
-1.3333333333333333	3.07	0.0014882048781154353
-1.	3.07	0.0005308927484581703
-0.6666666666666666	3.07	0.00038908015295412786
-0.3333333333333333	3.07	0.0003615183191293916
0.	3.07	0.0003557191209919936
0.33333333333333337	3.07	0.0003544761650328984
0.6666666666666666	3.07	0.0003542086773656227
1.	3.07	0.0003541510627765649
1.3333333333333333	3.07	0.00035413865073397337
1.6666666666666667	3.07	0.00035413597667036773
2.	3.07	0.00035413540056221637
-1.3333333333333333	3.1	0.0013040828488011334
-1.	3.1	0.0005051890011059258
-0.6666666666666666	3.1	0.00038279548487197337
-0.3333333333333333	3.1	0.0003587345358454037
0.	3.1	0.0003536578863586715
0.33333333333333337	3.1	0.00035256912767690464
0.6666666666666666	3.1	0.0003523347925230669
1.	3.1	0.00035228431725709876
1.3333333333333333	3.1	0.00035227344318792907
1.6666666666666667	3.1	0.00035227110046382435
2.	3.1	0.0003522705957402874
-1.3333333333333333	3.13	0.0011515209920977937
-1.	3.13	0.0004829632878031461
-0.6666666666666666	3.13	0.0003772338069554092
-0.3333333333333333	3.13	0.0003562331300917476
0.	3.13	0.0003517912011530159
0.33333333333333337	3.13	0.00035083804726440947
0.6666666666666666	3.13	0.0003506328742890808
1.	3.13	0.0003505886793645038
1.3333333333333333	3.13	0.00035057915823970964
1.6666666666666667	3.13	0.00035057710699333566
2.	3.13	0.00035057666506652655
-1.3333333333333333	3.16	0.0010247893981040297
-1.	3.16	0.00046372512003150796
-0.6666666666666666	3.16	0.0003723139741578455
-0.3333333333333333	3.16	0.00035398775302644296
0.	3.16	0.0003501029719972523
0.33333333333333337	3.16	0.0003492689679448584
0.6666666666666666	3.16	0.00034908942398997216
1.	3.16	0.0003490507487658553
1.3333333333333333	3.16	0.0003490424167360721
1.6666666666666667	3.16	0.00034904062166834875
2.	3.16	0.0003490402349333663
-1.3333333333333333	3.19	0.0009192307411418657
-1.	3.19	0.00044705657652107056
-0.6666666666666666	3.19	0.0003679636457466492
-0.3333333333333333	3.19	0.0003519741633701842
0.	3.19	0.0003485780970986389
0.33333333333333337	3.19	0.000347848700191055
0.6666666666666666	3.19	0.00034769166144830527
1.	3.19	0.0003476578333531274
1.3333333333333333	3.19	0.0003476505455372916
1.6666666666666667	3.19	0.000347648975435472
2.	3.19	0.0003476486371677771
-1.3333333333333333	3.22	0.0008310604513562226
-1.	3.22	0.0004326011617070224
-0.6666666666666666	3.22	0.00036411837846199197
-0.3333333333333333	3.22	0.0003501701137491325
0.	3.22	0.0003472024579478748
0.33333333333333337	3.22	0.0003465648321540819
0.6666666666666666	3.22	0.0003464275404315088
1.	3.22	0.0003463979655672057
1.3333333333333333	3.22	0.00034639159402947143
1.6666666666666667	3.22	0.00034639022133133837
2.	3.22	0.00034638992559286473
-1.3333333333333333	3.25	0.0007572023409007081
-1.	3.25	0.000420054370560513
-0.6666666666666666	3.25	0.00036072080366004257
-0.3333333333333333	3.25	0.0003485552336662379
0.	3.25	0.00034596290099499823
0.33333333333333337	3.25	0.0003454057301276358
0.6666666666666666	3.25	0.00034528575304909246
1.	3.25	0.00034525990763708354
1.3333333333333333	3.25	0.00034525433954489
1.6666666666666667	3.25	0.00034525313994196677
2.	3.25	0.0003452528814956379
-1.3333333333333333	3.28	0.0006951540998046815
-1.	3.28	0.0004091557210135819
-0.6666666666666666	3.28	0.0003577198830498929
-0.3333333333333333	3.28	0.00034711091136442336
0.	3.28	0.00034484721123647207
0.33333333333333337	3.28	0.00034436052989261236
0.6666666666666666	3.28	0.00034425572482995996
1.	3.28	0.0003442331474570465
1.3333333333333333	3.28	0.0003442282834113114
1.6666666666666667	3.28	0.0003442272354891503
2.	3.28	0.00034422700972138397
-1.3333333333333333	3.31	0.0006428777256647656
-1.	3.31	0.00039968203881671975
-0.6666666666666666	3.31	0.0003550702372300508
-0.3333333333333333	3.31	0.0003458201764052968
0.	3.31	0.000343844079438244
0.33333333333333337	3.31	0.0003434191205646587
0.6666666666666666	3.31	0.00034332760207679666
1.	3.31	0.00034330788669311623
1.3333333333333333	3.31	0.0003433036392202949
1.6666666666666667	3.31	0.000343302724133628
2.	3.31	0.00034330252698435
-1.3333333333333333	3.34	0.0005987106007010263
-1.	3.34	0.00039144180449918626
-0.6666666666666666	3.34	0.0003527315411337429
-0.3333333333333333	3.34	0.0003446675844084509
0.	3.34	0.0003429430645164083
0.33333333333333337	3.34	0.00034257212241301204
0.6666666666666666	3.34	0.0003424922329511269
1.	3.34	0.00034247502256901346
1.3333333333333333	3.34	0.00034247131476403266
1.6666666666666667	3.34	0.0003424705159444242
2.	3.34	0.0003424703438440847
-1.3333333333333333	3.37	0.0005612935479276927
-1.	3.37	0.0003842703965548374
-0.6666666666666666	3.37	0.00035066798060525876
-0.3333333333333333	3.37	0.0003436391050733822
0.	3.37	0.0003421345524032827
0.33333333333333337	3.37	0.0003418108599633262
0.6666666666666666	3.37	0.0003417411435957247
1.	3.37	0.0003417261246369079
1.3333333333333333	3.37	0.0003417228889456801
1.6666666666666667	3.37	0.0003417221918392429
2.	3.37	0.0003417220416523117
-1.3333333333333333	3.4	0.0005295127660679171
-1.	3.4	0.00037802608802074857
-0.6666666666666666	3.4	0.00034884776457727264
-0.3333333333333333	3.4	0.0003427220143325969
0.	3.4	0.00034140971254474
0.33333333333333337	3.4	0.00034112733154438314
0.6666666666666666	3.4	0.0003410665104549833
1.	3.4	0.00034105340769360415
1.3333333333333333	3.4	0.00034105058482382394
1.6666666666666667	3.4	0.00034104997665657127
2.	3.4	0.0003410498456309833
-1.3333333333333333	3.43	0.0005024530505403489
-1.	3.43	0.00037258667465590195
-0.6666666666666666	3.43	0.00034724268764650467
-0.3333333333333333	3.43	0.0003419047912546523
0.	3.43	0.00034076045300603195
0.33333333333333337	3.43	0.00034051417629158787
0.6666666666666666	3.43	0.00034046112981190213
1.	3.43	0.000340449701861967
1.3333333333333333	3.43	0.00034044723981113803
1.6666666666666667	3.43	0.00034044670937958974
2.	3.43	0.0003404465951016334
-1.3333333333333333	3.46	0.0004793601521325268
-1.	3.46	0.00036784663168249533
-0.6666666666666666	3.46	0.0003458277382129444
-0.3333333333333333	3.46	0.0003411770201241851
0.	3.46	0.0003401793750089918
0.33333333333333337	3.46	0.00033996463948116236
0.6666666666666666	3.46	0.0003399183854249987
1.	3.46	0.0003399084207228559
1.3333333333333333	3.46	0.0003399062739129182
1.6666666666666667	3.46	0.0003399058113976691
2.	3.46	0.00033990571175182257
-1.3333333333333333	3.49	0.00045961050708102403
-1.	3.49	0.000363714712462273
-0.6666666666666666	3.49	0.00034458074772946156
-0.3333333333333333	3.49	0.00034052929796736184
0.	3.49	0.000339659727583694
0.33333333333333337	3.49	0.00033947253693948653
0.6666666666666666	3.49	0.0003394322150215309
1.	3.49	0.00033942352825645057
1.3333333333333333	3.49	0.0003394216567649087
1.6666666666666667	3.49	0.00033942125356498716
2.	3.49	0.00033942116669823
-1.3333333333333333	3.52	0.00044268689621578086
-1.	3.52	0.000360111916627346
-0.6666666666666666	3.52	0.00034348207698628767
-0.3333333333333333	3.52	0.00033995314766110854
0.	3.52	0.00033919536289233205
0.33333333333333337	3.52	0.0003390322191530302
0.6666666666666666	3.52	0.00033899707628599055
1.	3.52	0.0003389895052348054
1.3333333333333333	3.52	0.00033898787411287823
1.6666666666666667	3.52	0.0003389875226988503
2.	3.52	0.0003389874469890181
-1.3333333333333333	3.5500000000000003	0.00042815886215870824
-1.	3.5500000000000003	0.00035696976723783636
-0.6666666666666666	3.5500000000000003	0.00034251433571770855
-0.3333333333333333	3.5500000000000003	0.0003394409366589944
0.	3.5500000000000003	0.00033878069267183336
0.33333333333333337	3.5500000000000003	0.00033863853559625554
0.6666666666666666	3.5500000000000003	0.000338607912875675
1.	3.5500000000000003	0.0003386013156004995
1.3333333333333333	3.5500000000000003	0.0003385998942694677
1.6666666666666667	3.5500000000000003	0.00033859958805338884
2.	3.5500000000000003	0.0003385995220811536
-1.3333333333333333	3.58	0.0004156669385259484
-1.	3.58	0.00035422884671060007
-0.6666666666666666	3.58	0.00034166213216007386
-0.3333333333333333	3.58	0.00033898580128215964
0.	3.58	0.000338410646143947
0.33333333333333337	3.58	0.0003382867996978634
0.6666666666666666	3.58	0.00033826012089846523
1.	3.58	0.00033825437326966124
1.3333333333333333	3.58	0.0003382531349872703
1.6666666666666667	3.58	0.0003382528682077272
2.	3.58	0.0003382528107318315
-1.3333333333333333	3.61	0.0004049099299770254
-1.	3.61	0.000351837549783401
-0.6666666666666666	3.61	0.0003409118495078616
-0.3333333333333333	3.61	0.00033858157645716273
0.	3.61	0.0003380806296564372
0.33333333333333337	3.61	0.00033797275477964495
0.6666666666666666	3.61	0.00033794951620174236
1.	3.61	0.00033794450971143524
1.3333333333333333	3.61	0.0003379434311008798
1.6666666666666667	3.61	0.0003379431987215161
2.	3.61	0.00033794314865691073
-1.3333333333333333	3.64	0.00039563463279096553
-1.	3.64	0.0003497510188736666
-0.6666666666666666	3.64	0.0003402514465070577
-0.3333333333333333	3.64	0.00033822273073131205
0.	3.64	0.0003377864882457173
0.33333333333333337	3.64	0.00033769254122655284
0.6666666666666666	3.64	0.0003376723027453463
1.	3.64	0.0003376679425798558
1.3333333333333333	3.64	0.0003376670032145346
1.6666666666666667	3.64	0.00033766680083459024
2.	3.64	0.00033766675723316113
-1.3333333333333333	3.67	0.000387627507922733
-1.	3.67	0.00034793023307263144
-0.6666666666666666	3.67	0.0003396702796928095
-0.3333333333333333	3.67	0.00033790430635761775
0.	3.67	0.00033752446924878416
0.33333333333333337	3.67	0.00033744266508092347
0.6666666666666666	3.67	0.00033742504226518796
1.	3.67	0.0003374212456076634
1.3333333333333333	3.67	0.00033742042764552186
1.6666666666666667	3.67	0.00033742025142105596
2.	3.67	0.00033742021345465207
-1.3333333333333333	3.7	0.0003807079170776088
-1.	3.7	0.00034634122687617503
-0.6666666666666666	3.7	0.0003391589450223184
-0.3333333333333333	3.7	0.0003376218642138519
0.	3.7	0.00033729118803970705
0.33333333333333337	3.7	0.0003372199681973425
0.6666666666666666	3.7	0.0003372046253769329
1.	3.7	0.0003372013199142642
1.3333333333333333	3.7	0.00033720060777613813
1.6666666666666667	3.7	0.0003372004543507329
2.	3.7	0.00033720042129623586
-1.3333333333333333	3.73	0.0003747226114643177
-1.	3.73	0.00034495441876210254
-0.6666666666666666	3.73	0.00033870913687571554
-0.3333333333333333	3.73	0.0003373714333015656
0.	3.73	0.0003370835959221919
0.33333333333333337	3.73	0.00033702160004675237
0.6666666666666666	3.73	0.0003370082442204459
1.	3.73	0.000337005366831107
1.3333333333333333	3.73	0.00033700474691804685
1.6666666666666667	3.73	0.0003370046133619048
2.	3.73	0.00033700458458810965
-1.3333333333333333	3.7600000000000002	0.00036954122615108276
-1.	3.7600000000000002	0.0003437440330258813
-0.6666666666666666	3.7600000000000002	0.00033831352259887994
-0.3333333333333333	3.7600000000000002	0.000337149464559693
0.	3.7600000000000002	0.0003368989501739159
0.33333333333333337	3.7600000000000002	0.00033684499121824387
0.6666666666666666	3.7600000000000002	0.0003368333667046467
1.	3.7600000000000002	0.0003368308623065434
1.3333333333333333	3.7600000000000002	0.0003368303227516015
1.6666666666666667	3.7600000000000002	0.00033683020650807235
2.	3.7600000000000002	0.0003368301814641659
-1.3333333333333333	3.79	0.0003650525833753392
-1.	3.79	0.00034268760100699606
-0.6666666666666666	3.79	0.0003379656309445174
-0.3333333333333333	3.79	0.00033695278872226497
0.	3.79	0.0003367347862094843
0.33333333333333337	3.79	0.0003366878286338119
0.6666666666666666	3.79	0.0003366777123783519
1.	3.79	0.0003366755329179552
1.3333333333333333	3.79	0.00033667506336841103
1.6666666666666667	3.79	0.00033667496220707316
2.	3.79	0.00033667494041252554
-1.3333333333333333	3.82	0.0003611616482545004
-1.	3.82	0.0003417655300802271
-0.6666666666666666	3.82	0.0003376597529329447
-0.3333333333333333	3.82	0.0003367785779495218
0.	3.82	0.00033658889180613195
0.33333333333333337	3.82	0.0003365480324643618
0.6666666666666666	3.82	0.00033653922992481856
1.	3.82	0.0003365373334908885
1.3333333333333333	3.82	0.00033653692491731366
1.6666666666666667	3.82	0.00033653683689283917
2.	3.82	0.0003365368179285428
-1.3333333333333333	3.85	0.0003577870121700796
-1.	3.85	0.0003409607306368297
-0.6666666666666666	3.85	0.0003373908538034712
-0.3333333333333333	3.85	0.00033662431096543975
0.	3.85	0.00033645928331883334
0.33333333333333337	3.85	0.00033642373471373015
0.6666666666666666	3.85	0.0003364160762553097
1.	3.85	0.00033641442630236054
1.3333333333333333	3.85	0.00033641407083132566
1.6666666666666667	3.85	0.00033641399424743864
2.	3.85	0.0003364139777479414
-1.3333333333333333	3.88	0.0003548588043258927
-1.	3.88	0.0003402582928111768
-0.6666666666666666	3.88	0.00033715449486245016
-0.3333333333333333	3.88	0.00033648774144143256
0.	3.88	0.00033634418379858836
0.33333333333333337	3.88	0.00033631325942070234
0.6666666666666666	3.88	0.00033630659715941114
1.	3.88	0.0003363051618277302
1.3333333333333333	3.88	0.00033630485259531135
1.6666666666666667	3.88	0.0003363047859732256
2.	3.88	0.00033630477161993353
-1.3333333333333333	3.91	0.00035231695196685634
-1.	3.91	0.0003396452059774503
-0.6666666666666666	3.91	0.0003369467641562903
-0.3333333333333333	3.91	0.00033636686937507784
0.	3.91	0.00033624200291855683
0.33333333333333337	3.91	0.00033621510441631094
0.6666666666666666	3.91	0.0003362093094563647
1.	3.91	0.0003362080609768997
1.3333333333333333	3.91	0.0003362077920004689
1.6666666666666667	3.91	0.00033620773405126843
2.	3.91	0.00033620772156649225
-1.3333333333333333	3.94	0.00035010972557543966
-1.	3.94	0.0003391101150961785
-0.6666666666666666	3.94	0.00033676421500816414
-0.3333333333333333	3.94	0.000336259915223527
0.	3.94	0.00033615131860689567
0.33333333333333337	3.94	0.0003361279245645019
0.6666666666666666	3.94	0.0003361228845817614
1.	3.94	0.00033612179875554396
1.3333333333333333	3.94	0.0003361215648216159
1.6666666666666667	3.94	0.0003361215144220899
2.	3.94	0.0003361215035638416
-1.3333333333333333	3.97	0.000348192517906975
-1.	3.97	0.0003386431088706587
-0.6666666666666666	3.97	0.000336603811556889
-0.3333333333333333	3.97	0.0003361652965632447
0.	3.97	0.000336070860281963
0.33333333333333337	3.97	0.0003360505164079735
0.6666666666666666	3.97	0.00033604613353701776
1.	3.97	0.0003360451892799857
1.3333333333333333	3.97	0.0003360449858461558
1.6666666666666667	3.97	0.00033604494201767396
2.	3.97	0.00033604493257511427
-1.3333333333333333	4.	0.00034652681567400436
-1.	4.	0.0003382355354101196
-0.6666666666666666	4.	0.0003364628805264752
-0.3333333333333333	4.	0.00033608160706049834
0.	4.	0.0003359994935845637
0.33333333333333337	4.	0.00033598180413718626
0.6666666666666666	4.	0.00033597799312462377
1.	4.	0.00033597717206979694
1.3333333333333333	4.	0.00033597699517903346
1.6666666666666667	4.	0.00033597695706907995
2.	4.	0.00033597694885853974