# CMS-PAS-EXO-17-005, Fig. 7 left
# observed 95% exclusion limits on sigBR(gg->X->Zgamma)
# mX[GeV] | sig*BR_95% [pb]
350.0	6.79E-02
360.0	5.14E-02
370.0	6.11E-02
380.0	5.75E-02
390.0	4.03E-02
400.0	3.17E-02
410.0	3.39E-02
420.0	2.73E-02
430.0	2.62E-02
440.0	2.51E-02
450.0	3.22E-02
460.0	3.15E-02
470.0	2.73E-02
480.0	1.82E-02
490.0	1.91E-02
500.0	2.13E-02
510.0	2.09E-02
520.0	1.24E-02
530.0	9.94E-03
540.0	8.89E-03
550.0	9.29E-03
560.0	1.33E-02
570.0	1.65E-02
580.0	2.10E-02
590.0	2.51E-02
600.0	1.88E-02
610.0	1.47E-02
620.0	1.35E-02
630.0	1.05E-02
640.0	1.12E-02
650.0	1.88E-02
660.0	2.06E-02
670.0	2.05E-02
680.0	1.89E-02
690.0	1.13E-02
700.0	9.97E-03
710.0	1.29E-02
720.0	1.35E-02
730.0	9.99E-03
740.0	6.38E-03
750.0	5.35E-03
760.0	5.79E-03
770.0	6.29E-03
780.0	8.66E-03
790.0	1.06E-02
800.0	1.14E-02
810.0	1.17E-02
820.0	1.19E-02
830.0	1.20E-02
840.0	1.19E-02
850.0	1.14E-02
860.0	1.05E-02
870.0	6.54E-03
880.0	4.61E-03
890.0	5.29E-03
900.0	6.63E-03
910.0	7.07E-03
920.0	6.59E-03
930.0	5.79E-03
940.0	5.64E-03
950.0	6.08E-03
960.0	6.15E-03
970.0	5.95E-03
980.0	5.52E-03
990.0	4.83E-03
1000.0	4.30E-03
1010.0	4.00E-03
1020.0	3.79E-03
1030.0	4.42E-03
1040.0	5.20E-03
1050.0	5.86E-03
1060.0	6.05E-03
1070.0	5.97E-03
1080.0	5.97E-03
1090.0	5.96E-03
1100.0	5.87E-03
1110.0	4.44E-03
1120.0	3.29E-03
1130.0	2.95E-03
1140.0	2.71E-03
1150.0	2.35E-03
1160.0	1.95E-03
1170.0	1.68E-03
1180.0	1.48E-03
1190.0	1.43E-03
1200.0	1.56E-03
1210.0	1.75E-03
1220.0	1.97E-03
1230.0	2.14E-03
1240.0	2.30E-03
1250.0	2.42E-03
1260.0	2.52E-03
1270.0	2.55E-03
1280.0	2.40E-03
1290.0	2.33E-03
1300.0	2.44E-03
1310.0	2.54E-03
1320.0	2.56E-03
1330.0	2.51E-03
1340.0	2.39E-03
1350.0	2.29E-03
1360.0	2.17E-03
1370.0	2.05E-03
1380.0	2.14E-03
1390.0	2.25E-03
1400.0	2.35E-03
1410.0	2.46E-03
1420.0	2.57E-03
1430.0	2.67E-03
1440.0	2.75E-03
1450.0	2.81E-03
1460.0	2.86E-03
1470.0	2.88E-03
1480.0	2.90E-03
1490.0	2.90E-03
1500.0	2.90E-03
1510.0	2.89E-03
1520.0	2.88E-03
1530.0	2.87E-03
1540.0	2.85E-03
1550.0	2.80E-03
1560.0	2.71E-03
1570.0	2.54E-03
1580.0	2.33E-03
1590.0	2.12E-03
1600.0	1.91E-03
1610.0	1.69E-03
1620.0	1.45E-03
1630.0	1.29E-03
1640.0	1.19E-03
1650.0	1.12E-03
1660.0	1.06E-03
1670.0	1.02E-03
1680.0	9.88E-04
1690.0	9.70E-04
1700.0	9.64E-04
1710.0	9.72E-04
1720.0	9.74E-04
1730.0	9.83E-04
1740.0	1.01E-03
1750.0	1.06E-03
1760.0	1.12E-03
1770.0	1.21E-03
1780.0	1.32E-03
1790.0	1.46E-03
1800.0	1.61E-03
1810.0	1.72E-03
1820.0	1.82E-03
1830.0	1.91E-03
1840.0	1.98E-03
1850.0	2.03E-03
1860.0	2.06E-03
1870.0	2.10E-03
1880.0	2.18E-03
1890.0	2.27E-03
1900.0	2.36E-03
1910.0	2.46E-03
1920.0	2.56E-03
1930.0	2.67E-03
1940.0	2.78E-03
1950.0	2.86E-03
1960.0	2.94E-03
1970.0	3.00E-03
1980.0	3.04E-03
1990.0	3.06E-03
2000.0	3.07E-03
2010.0	3.05E-03
2020.0	3.02E-03
2030.0	2.98E-03
2040.0	2.93E-03
2050.0	2.86E-03
2060.0	2.71E-03
2070.0	2.57E-03
2080.0	2.50E-03
2090.0	2.50E-03
2100.0	2.60E-03
2110.0	2.67E-03
2120.0	2.66E-03
2130.0	2.59E-03
2140.0	2.50E-03
2150.0	2.45E-03
2160.0	2.40E-03
2170.0	2.34E-03
2180.0	2.29E-03
2190.0	2.24E-03
2200.0	2.20E-03
2210.0	2.17E-03
2220.0	2.14E-03
2230.0	2.11E-03
2240.0	2.08E-03
2250.0	2.06E-03
2260.0	2.04E-03
2270.0	2.04E-03
2280.0	2.04E-03
2290.0	2.04E-03
2300.0	2.04E-03
2310.0	2.04E-03
2320.0	2.05E-03
2330.0	2.05E-03
2340.0	2.05E-03
2350.0	2.05E-03
2360.0	2.02E-03
2370.0	1.98E-03
2380.0	1.94E-03
2390.0	1.88E-03
2400.0	1.82E-03
2410.0	1.76E-03
2420.0	1.70E-03
2430.0	1.65E-03
2440.0	1.59E-03
2450.0	1.57E-03
2460.0	1.55E-03
2470.0	1.50E-03
2480.0	1.44E-03
2490.0	1.35E-03
2500.0	1.24E-03
2510.0	1.12E-03
2520.0	9.97E-04
2530.0	8.77E-04
2540.0	7.73E-04
2550.0	6.90E-04
2560.0	6.38E-04
2570.0	6.15E-04
2580.0	5.98E-04
2590.0	5.81E-04
2600.0	5.70E-04
2610.0	5.64E-04
2620.0	5.62E-04
2630.0	5.66E-04
2640.0	5.75E-04
2650.0	5.85E-04
2660.0	5.92E-04
2670.0	6.02E-04
2680.0	6.15E-04
2690.0	6.31E-04
2700.0	6.49E-04
2710.0	6.69E-04
2720.0	7.03E-04
2730.0	7.41E-04
2740.0	7.73E-04
2750.0	7.98E-04
2760.0	8.17E-04
2770.0	8.30E-04
2780.0	8.36E-04
2790.0	8.36E-04
2800.0	8.34E-04
2810.0	8.23E-04
2820.0	8.02E-04
2830.0	7.69E-04
2840.0	7.25E-04
2850.0	6.81E-04
2860.0	6.37E-04
2870.0	5.94E-04
2880.0	5.58E-04
2890.0	5.29E-04
2900.0	5.05E-04
2910.0	4.88E-04
2920.0	4.68E-04
2930.0	4.50E-04
2940.0	4.34E-04
2950.0	4.21E-04
2960.0	4.11E-04
2970.0	4.04E-04
2980.0	4.00E-04
2990.0	3.99E-04
3000.0	3.99E-04
3010.0	4.02E-04
3020.0	4.06E-04
3030.0	4.13E-04
3040.0	4.21E-04
3050.0	4.32E-04
3060.0	4.45E-04
3070.0	4.60E-04
3080.0	4.73E-04
3090.0	4.83E-04
3100.0	4.91E-04
3110.0	4.96E-04
3120.0	4.99E-04
3130.0	4.99E-04
3140.0	4.96E-04
3150.0	4.91E-04
3160.0	4.83E-04
3170.0	4.73E-04
3180.0	4.60E-04
3190.0	4.45E-04
3200.0	4.28E-04
3210.0	4.10E-04
3220.0	3.95E-04
3230.0	3.80E-04
3240.0	3.67E-04
3250.0	3.55E-04
3260.0	3.45E-04
3270.0	3.36E-04
3280.0	3.28E-04
3290.0	3.21E-04
3300.0	3.16E-04
3310.0	3.12E-04
3320.0	3.08E-04
3330.0	3.05E-04
3340.0	3.02E-04
3350.0	3.01E-04
3360.0	3.00E-04
3370.0	3.00E-04
3380.0	2.98E-04
3390.0	2.96E-04
3400.0	2.95E-04
3410.0	2.93E-04
3420.0	2.92E-04
3430.0	2.90E-04
3440.0	2.89E-04
3450.0	2.88E-04
3460.0	2.87E-04
3470.0	2.87E-04
3480.0	2.86E-04
3490.0	2.85E-04
3500.0	2.85E-04
3510.0	2.84E-04
3520.0	2.84E-04
3530.0	2.83E-04
3540.0	2.83E-04
3550.0	2.82E-04
3560.0	2.82E-04
3570.0	2.81E-04
3580.0	2.81E-04
3590.0	2.80E-04
3600.0	2.80E-04
3610.0	2.79E-04
3620.0	2.79E-04
3630.0	2.79E-04
3640.0	2.79E-04
3650.0	2.79E-04
3660.0	2.79E-04
3670.0	2.78E-04
3680.0	2.78E-04
3690.0	2.78E-04
3700.0	2.78E-04
3710.0	2.78E-04
3720.0	2.78E-04
3730.0	2.77E-04
3740.0	2.77E-04
3750.0	2.77E-04
3760.0	2.77E-04
3770.0	2.77E-04
3780.0	2.76E-04
3790.0	2.76E-04
3800.0	2.76E-04
3810.0	2.76E-04
3820.0	2.76E-04
3830.0	2.76E-04
3840.0	2.76E-04
3850.0	2.76E-04
3860.0	2.76E-04
3870.0	2.76E-04
3880.0	2.76E-04
3890.0	2.76E-04
3900.0	2.76E-04
3910.0	2.76E-04
3920.0	2.77E-04
3930.0	2.77E-04
3940.0	2.77E-04
3950.0	2.77E-04
3960.0	2.77E-04
3970.0	2.78E-04
3980.0	2.78E-04
3990.0	2.78E-04
4000.0	2.79E-04
