# CMS-HIG-19-007, Fig. 4a
# observed 95% exclusion limits on BR(h->ZX)*Br(X->mumu)
# mX[GeV] | BR*Br_95%
4.2045	0.000016816
4.2255	0.000018924
4.2466	0.000019186
4.2678	0.000024204
4.2892	0.000023964
4.3106	0.000030845
4.3322	0.000038356
4.3538	0.000037152
4.3756	0.000035454
4.3975	0.000034586
4.4195	0.000036083
4.4416	0.00002813
4.4638	0.00002817
4.4861	0.00002203
4.5085	0.000022775
4.5311	0.000023344
4.5537	0.000022467
4.5765	0.000021972
4.5994	0.000022205
4.6224	0.00002176
4.6455	0.000021928
4.6687	0.000021878
4.6921	0.000018086
4.7155	0.00002177
4.7391	0.000022042
4.7628	0.000021889
4.7866	0.00002201
4.8105	0.000022309
4.8346	0.000028848
4.8588	0.000029377
4.8831	0.000030359
4.9075	0.000022742
4.932	0.000023007
4.9567	0.000022995
4.9815	0.000023004
5.0064	0.000023191
5.0314	0.000018617
5.0565	0.000022989
5.0818	0.00002925
5.1072	0.000029626
5.1328	0.000029784
5.1584	0.000029815
5.1842	0.00002956
5.2102	0.000030549
5.2362	0.000031224
5.2624	0.000024269
5.2887	0.000024463
5.3151	0.000024486
5.3417	0.000031158
5.3684	0.000031135
5.3953	0.000031814
5.4222	0.000031449
5.4494	0.000040492
5.4766	0.000040665
5.504	0.000032667
5.5315	0.000040804
5.5592	0.000031182
5.587	0.000039499
5.6149	0.000050193
5.643	0.000059469
5.6712	0.000049406
5.6995	0.000059765
5.728	0.000059751
5.7567	0.000049834
5.7855	0.000050134
5.8144	0.000049918
5.8435	0.000039875
5.8727	0.000031689
5.902	0.000032459
5.9315	0.000025069
5.9612	0.000031248
5.991	0.0000312
6.021	0.000031041
6.0511	0.000024673
6.0813	0.000024651
6.1117	0.000024554
6.1423	0.00003208
6.173	0.000041238
6.2039	0.000041642
6.2349	0.000034722
6.2661	0.000034571
6.2974	0.000034542
6.3289	0.000034706
6.3605	0.000034198
6.3923	0.000026417
6.4243	0.000020194
6.4564	0.000020107
6.4887	0.000020138
6.5211	0.000020127
6.5537	0.000020149
6.5865	0.000020175
6.6194	0.00002025
6.6525	0.000020324
6.6858	0.000025459
6.7192	0.000032117
6.7528	0.000032174
6.7866	0.000032005
6.8205	0.000050746
6.8546	0.000050518
6.8889	0.000051762
6.9233	0.000052418
6.958	0.000051531
6.9928	0.000050465
7.0277	0.000050907
7.0629	0.000050965
7.0982	0.000040924
7.1337	0.000042046
7.1693	0.000051977
7.2052	0.000051957
7.2412	0.000042105
7.2774	0.000033123
7.3138	0.000033209
7.3504	0.000041172
7.3871	0.00004061
7.4241	0.000033579
7.4612	0.000026792
7.4985	0.000025648
7.536	0.0000261
7.5736	0.000026333
7.6115	0.000026613
7.6496	0.00002116
7.6878	0.000020699
7.7263	0.000020928
7.7649	0.00002153
7.8037	0.00002188
7.8427	0.000021918
7.8819	0.000026612
7.9214	0.000026526
7.961	0.000026613
11.515	0.00008388
11.572	0.000094605
11.63	0.000093819
11.688	0.000093227
11.747	0.00008117
11.806	0.00006884
11.865	0.000048266
11.924	0.000050217
11.983	0.000041231
12.043	0.000033997
12.104	0.00002769
12.164	0.000023369
12.225	0.000023469
12.286	0.000034484
12.348	0.00003445
12.409	0.000034263
12.471	0.00003361
12.534	0.00003348
12.596	0.000033364
12.659	0.000033275
12.723	0.000033379
12.786	0.000023668
12.85	0.000023691
12.914	0.00002823
12.979	0.000028351
13.044	0.000048646
13.109	0.000048658
13.175	0.000048154
13.24	0.00004685
13.307	0.000053693
13.373	0.000053753
13.44	0.000054571
13.507	0.000054752
13.575	0.000032813
13.643	0.000033043
13.711	0.000039978
13.779	0.000058723
13.848	0.000048397
13.918	0.000048656
13.987	0.000047628
14.057	0.000057537
14.127	0.000067123
14.198	0.000067406
14.269	0.000056695
14.34	0.000039503
14.412	0.000055958
14.484	0.000065635
14.557	0.00006435
14.629	0.000045314
14.703	0.000053731
14.776	0.000053308
14.85	0.000053774
14.924	0.000053566
14.999	0.000045511
15.074	0.000052461
15.149	0.000061298
15.225	0.000082977
15.301	0.000092286
15.378	0.00010318
15.454	0.0001252
15.532	0.00013672
15.609	0.00013651
15.687	0.0001252
15.766	0.0001132
15.845	0.00011275
15.924	0.00010034
16.003	0.000079778
16.084	0.000078615
16.164	0.000067693
16.245	0.000057839
16.326	0.000048444
16.408	0.000048837
16.49	0.000034772
16.572	0.000029875
16.655	0.000035155
16.738	0.000030154
16.822	0.000041169
16.906	0.000057163
16.991	0.00006742
17.075	0.000097809
17.161	0.00010829
17.247	0.00010791
17.333	0.000096529
17.42	0.00010717
17.507	0.000086701
17.594	0.000065595
17.682	0.00006374
17.771	0.000038423
17.859	0.000033341
17.949	0.000032969
18.038	0.000032738
18.129	0.000028374
18.219	0.000024738
18.31	0.000027686
18.402	0.000027843
18.494	0.000031992
18.586	0.000037116
18.679	0.00004334
18.773	0.000057877
18.867	0.000057606
18.961	0.000066159
19.056	0.000057095
19.151	0.000056842
19.247	0.000064834
19.343	0.000073829
19.44	0.000064325
19.537	0.000048277
19.635	0.000063054
19.733	0.000070608
19.831	0.000079519
19.931	0.000089004
20.03	0.0000987
20.13	0.000096459
20.231	0.000095036
20.332	0.000095088
20.434	0.000085697
20.536	0.000066356
20.639	0.000066835
20.742	0.000049918
20.846	0.000042995
20.95	0.000029648
21.055	0.000037809
21.16	0.000037636
21.266	0.000049208
21.372	0.000049251
21.479	0.000055782
21.586	0.000064117
21.694	0.000063798
21.803	0.00007164
21.912	0.000071084
22.021	0.000071333
22.131	0.000060626
22.242	0.00006769
22.353	0.000045206
22.465	0.000039911
22.577	0.000045301
22.69	0.000039276
22.804	0.0000351
22.918	0.0000451
23.032	0.000035351
23.147	0.000031648
23.263	0.000035414
23.379	0.000039215
23.496	0.00003444
23.614	0.00004764
23.732	0.000062094
23.851	0.000053848
23.97	0.000060163
24.09	0.000059802
24.21	0.000051271
24.331	0.000058858
24.453	0.000058773
24.575	0.000046099
24.698	0.000035702
24.821	0.000032144
24.946	0.000035878
25.07	0.000044249
25.196	0.000056363
25.322	0.000044622
25.448	0.000056788
25.576	0.000056553
25.703	0.000057946
25.832	0.000057664
25.961	0.000081611
26.091	0.000081054
26.221	0.000079351
26.352	0.000071357
26.484	0.000049372
26.617	0.000049191
26.75	0.000053819
26.883	0.000059673
27.018	0.000047043
27.153	0.000042957
27.289	0.000062795
27.425	0.000077766
27.562	0.000094592
27.7	0.00011317
27.839	0.00011328
27.978	0.00013244
28.118	0.00011187
28.258	0.00012173
28.4	0.000084237
28.542	0.00008244
28.684	0.000066417
28.828	0.000052862
28.972	0.000066841
29.117	0.000060313
29.262	0.00005336
29.409	0.000047024
29.556	0.000059581
29.703	0.000060566
29.852	0.000068704
30.001	0.00012552
30.151	0.00010492
30.302	0.000095251
30.453	0.00011324
30.606	0.00011354
30.759	0.00010459
30.913	0.00011422
31.067	0.00011401
31.222	0.000076329
31.379	0.000077161
31.535	0.000070855
31.693	0.000091092
31.852	0.000083645
32.011	0.000093542
32.171	0.000077241
32.332	0.000076382
32.493	0.000076732
32.656	0.000068324
32.819	0.000077708
32.983	0.000067232
33.148	0.000067348
33.314	0.0000606
33.48	0.000053897
33.648	0.000047869
33.816	0.000047879
33.985	0.000036148
34.155	0.000031325
34.326	0.000022097
34.498	0.000022701
34.67	0.000020439
34.843	0.000021101
