# CMS-PAS-EXO-16-021, Fig. 003 left
# observed 95% exclusion limits on sigBR(pp->A->Zgamma)
# mA[GeV] | sig*BR_95% [pb]
200.0	0.0719512
210.0	0.0617061
220.0	0.0406073
230.0	0.1042646
240.0	0.0563366
250.0	0.0670671
260.0	0.0862122
270.0	0.0459670
280.0	0.0342586
290.0	0.0331598
300.0	0.0384024
310.0	0.0429134
320.0	0.0307170
330.0	0.0235207
340.0	0.0237634
350.0	0.0372988
360.0	0.0603463
370.0	0.0632719
380.0	0.0598561
390.0	0.0414403
400.0	0.0270488
410.0	0.0258280
420.0	0.0347293
430.0	0.0446061
440.0	0.0407025
450.0	0.0328964
460.0	0.0255781
470.0	0.0139915
480.0	0.0172829
490.0	0.0124037
500.0	0.0119147
510.0	0.0136207
520.0	0.0156927
530.0	0.0176427
540.0	0.0159341
550.0	0.0149574
560.0	0.0105659
570.0	0.0082476
580.0	0.0092219
590.0	0.0089768
600.0	0.0081220
610.0	0.0072671
620.0	0.0065341
630.0	0.0067768
640.0	0.0071414
650.0	0.0078720
660.0	0.0099439
670.0	0.0092110
680.0	0.0078683
690.0	0.0068914
700.0	0.0068902
710.0	0.0074988
720.0	0.0077415
730.0	0.0093256
740.0	0.0104219
750.0	0.0111524
760.0	0.0143220
770.0	0.0154183
780.0	0.0138317
790.0	0.0107817
800.0	0.0087073
810.0	0.0072427
820.0	0.0066317
830.0	0.0090695
840.0	0.0101658
850.0	0.0088231
860.0	0.0060171
870.0	0.0046744
880.0	0.0043073
890.0	0.0041841
900.0	0.0044268
910.0	0.0049134
920.0	0.0055220
930.0	0.0060085
940.0	0.0061293
950.0	0.0061280
960.0	0.0058829
970.0	0.0055159
980.0	0.0050268
990.0	0.0045378
1000.0	0.0041707
1010.0	0.0041695
1020.0	0.0045342
1030.0	0.0057525
1040.0	0.0062390
1050.0	0.0062378
1060.0	0.0057487
1070.0	0.0050158
1080.0	0.0048927
1090.0	0.0050134
1100.0	0.0053780
1110.0	0.0057427
1120.0	0.0061073
1130.0	0.0064720
1140.0	0.0068366
1150.0	0.0073232
1160.0	0.0076878
1170.0	0.0082963
1180.0	0.0089049
1190.0	0.0096354
1200.0	0.0100000
