# CMS-PAS-HIG-16-037, Fig. 9-a
# observed 95% exclusion limits on sigBR(gg->phi->tautau)
# mphi[GeV] | sig*BR_95% [pb]
90.0	3.93E+01
100.0	3.38E+01
110.0	3.35E+01
120.0	2.61E+01
130.0	1.67E+01
140.0	1.01E+01
150.0	6.84E+00
160.0	3.55E+00
170.0	2.61E+00
180.0	1.67E+00
190.0	1.31E+00
200.0	9.42E-01
210.0	8.49E-01
220.0	7.55E-01
230.0	6.62E-01
240.0	5.68E-01
250.0	4.74E-01
260.0	4.44E-01
270.0	4.14E-01
280.0	3.84E-01
290.0	3.54E-01
300.0	3.23E-01
310.0	2.93E-01
320.0	2.63E-01
330.0	2.33E-01
340.0	2.03E-01
350.0	1.73E-01
360.0	1.64E-01
370.0	1.55E-01
380.0	1.46E-01
390.0	1.37E-01
400.0	1.28E-01
410.0	1.21E-01
420.0	1.15E-01
430.0	1.08E-01
440.0	1.01E-01
450.0	9.44E-02
460.0	9.17E-02
470.0	8.89E-02
480.0	8.61E-02
490.0	8.34E-02
500.0	8.06E-02
510.0	7.96E-02
520.0	7.86E-02
530.0	7.75E-02
540.0	7.65E-02
550.0	7.55E-02
560.0	7.44E-02
570.0	7.34E-02
580.0	7.24E-02
590.0	7.13E-02
600.0	7.03E-02
610.0	6.92E-02
620.0	6.82E-02
630.0	6.72E-02
640.0	6.61E-02
650.0	6.51E-02
660.0	6.41E-02
670.0	6.30E-02
680.0	6.20E-02
690.0	6.10E-02
700.0	5.99E-02
710.0	5.83E-02
720.0	5.67E-02
730.0	5.51E-02
740.0	5.34E-02
750.0	5.18E-02
760.0	5.02E-02
770.0	4.86E-02
780.0	4.70E-02
790.0	4.53E-02
800.0	4.37E-02
810.0	4.28E-02
820.0	4.19E-02
830.0	4.10E-02
840.0	4.01E-02
850.0	3.92E-02
860.0	3.83E-02
870.0	3.74E-02
880.0	3.65E-02
890.0	3.56E-02
900.0	3.47E-02
910.0	3.40E-02
920.0	3.34E-02
930.0	3.27E-02
940.0	3.21E-02
950.0	3.15E-02
960.0	3.08E-02
970.0	3.02E-02
980.0	2.95E-02
990.0	2.89E-02
1000.0	2.83E-02
1010.0	2.78E-02
1020.0	2.73E-02
1030.0	2.68E-02
1040.0	2.63E-02
1050.0	2.59E-02
1060.0	2.54E-02
1070.0	2.49E-02
1080.0	2.44E-02
1090.0	2.39E-02
1100.0	2.34E-02
1110.0	2.30E-02
1120.0	2.25E-02
1130.0	2.20E-02
1140.0	2.15E-02
1150.0	2.10E-02
1160.0	2.05E-02
1170.0	2.01E-02
1180.0	1.96E-02
1190.0	1.91E-02
1200.0	1.86E-02
1210.0	1.84E-02
1220.0	1.82E-02
1230.0	1.80E-02
1240.0	1.78E-02
1250.0	1.76E-02
1260.0	1.74E-02
1270.0	1.72E-02
1280.0	1.70E-02
1290.0	1.68E-02
1300.0	1.66E-02
1310.0	1.64E-02
1320.0	1.62E-02
1330.0	1.60E-02
1340.0	1.58E-02
1350.0	1.56E-02
1360.0	1.54E-02
1370.0	1.52E-02
1380.0	1.50E-02
1390.0	1.48E-02
1400.0	1.46E-02
1410.0	1.45E-02
1420.0	1.43E-02
1430.0	1.42E-02
1440.0	1.40E-02
1450.0	1.39E-02
1460.0	1.37E-02
1470.0	1.36E-02
1480.0	1.34E-02
1490.0	1.33E-02
1500.0	1.31E-02
1510.0	1.30E-02
1520.0	1.28E-02
1530.0	1.27E-02
1540.0	1.25E-02
1550.0	1.24E-02
1560.0	1.22E-02
1570.0	1.21E-02
1580.0	1.19E-02
1590.0	1.18E-02
1600.0	1.16E-02
1610.0	1.15E-02
1620.0	1.15E-02
1630.0	1.14E-02
1640.0	1.14E-02
1650.0	1.13E-02
1660.0	1.12E-02
1670.0	1.12E-02
1680.0	1.11E-02
1690.0	1.11E-02
1700.0	1.10E-02
1710.0	1.09E-02
1720.0	1.09E-02
1730.0	1.08E-02
1740.0	1.07E-02
1750.0	1.07E-02
1760.0	1.06E-02
1770.0	1.06E-02
1780.0	1.05E-02
1790.0	1.04E-02
1800.0	1.04E-02
1810.0	1.03E-02
1820.0	1.03E-02
1830.0	1.02E-02
1840.0	1.02E-02
1850.0	1.01E-02
1860.0	1.01E-02
1870.0	1.01E-02
1880.0	1.00E-02
1890.0	9.96E-03
1900.0	9.92E-03
1910.0	9.87E-03
1920.0	9.83E-03
1930.0	9.78E-03
1940.0	9.73E-03
1950.0	9.69E-03
1960.0	9.64E-03
1970.0	9.60E-03
1980.0	9.55E-03
1990.0	9.50E-03
2000.0	9.46E-03
2010.0	9.43E-03
2020.0	9.41E-03
2030.0	9.38E-03
2040.0	9.36E-03
2050.0	9.33E-03
2060.0	9.31E-03
2070.0	9.28E-03
2080.0	9.26E-03
2090.0	9.23E-03
2100.0	9.21E-03
2110.0	9.18E-03
2120.0	9.16E-03
2130.0	9.13E-03
2140.0	9.11E-03
2150.0	9.08E-03
2160.0	9.05E-03
2170.0	9.03E-03
2180.0	9.00E-03
2190.0	8.98E-03
2200.0	8.95E-03
2210.0	8.93E-03
2220.0	8.90E-03
2230.0	8.88E-03
2240.0	8.85E-03
2250.0	8.83E-03
2260.0	8.80E-03
2270.0	8.78E-03
2280.0	8.75E-03
2290.0	8.73E-03
2300.0	8.70E-03
2310.0	8.69E-03
2320.0	8.67E-03
2330.0	8.65E-03
2340.0	8.64E-03
2350.0	8.62E-03
2360.0	8.61E-03
2370.0	8.59E-03
2380.0	8.58E-03
2390.0	8.56E-03
2400.0	8.54E-03
2410.0	8.53E-03
2420.0	8.51E-03
2430.0	8.50E-03
2440.0	8.48E-03
2450.0	8.47E-03
2460.0	8.45E-03
2470.0	8.43E-03
2480.0	8.42E-03
2490.0	8.40E-03
2500.0	8.39E-03
2510.0	8.37E-03
2520.0	8.36E-03
2530.0	8.34E-03
2540.0	8.32E-03
2550.0	8.31E-03
2560.0	8.29E-03
2570.0	8.28E-03
2580.0	8.26E-03
2590.0	8.25E-03
2600.0	8.23E-03
2610.0	8.21E-03
2620.0	8.20E-03
2630.0	8.18E-03
2640.0	8.16E-03
2650.0	8.14E-03
2660.0	8.13E-03
2670.0	8.11E-03
2680.0	8.09E-03
2690.0	8.07E-03
2700.0	8.06E-03
2710.0	8.04E-03
2720.0	8.02E-03
2730.0	8.01E-03
2740.0	7.99E-03
2750.0	7.97E-03
2760.0	7.95E-03
2770.0	7.94E-03
2780.0	7.92E-03
2790.0	7.90E-03
2800.0	7.88E-03
2810.0	7.87E-03
2820.0	7.85E-03
2830.0	7.83E-03
2840.0	7.82E-03
2850.0	7.80E-03
2860.0	7.78E-03
2870.0	7.76E-03
2880.0	7.75E-03
2890.0	7.73E-03
2900.0	7.71E-03
2910.0	7.71E-03
2920.0	7.71E-03
2930.0	7.71E-03
2940.0	7.70E-03
2950.0	7.70E-03
2960.0	7.70E-03
2970.0	7.70E-03
2980.0	7.69E-03
2990.0	7.69E-03
3000.0	7.69E-03
3010.0	7.69E-03
3020.0	7.68E-03
3030.0	7.68E-03
3040.0	7.68E-03
3050.0	7.68E-03
3060.0	7.67E-03
3070.0	7.67E-03
3080.0	7.67E-03
3090.0	7.67E-03
3100.0	7.66E-03
3110.0	7.66E-03
3120.0	7.66E-03
3130.0	7.66E-03
3140.0	7.66E-03
3150.0	7.65E-03
3160.0	7.65E-03
3170.0	7.65E-03
3180.0	7.65E-03
3190.0	7.64E-03
3200.0	7.64E-03
