# bbF->phi->bb [pb]
# CMS-HIG-14-017, Figure 6
# Mphi=[100 GeV, 900 GeV]
# 1000
10	250800
20	250700
30	250600
40	250500
50	250400
60	250300
70	250200
80	250100
90	250000
100	251.9
110	228.625
120	205.35
130	182.075
140	158.8
150	113.75
160	68.7
170	55.975
180	43.25
190	30.525
200	17.8
210	17.07
220	16.34
230	15.61
240	14.88
250	14.15
260	13.42
270	12.69
280	11.96
290	11.23
300	10.5
310	9.82
320	9.14
330	8.46
340	7.78
350	7.1
360	6.16
370	5.22
380	4.28
390	3.34
400	2.4
410	2.31
420	2.22
430	2.13
440	2.04
450	1.95
460	1.86
470	1.77
480	1.68
490	1.59
500	1.5
510	1.42
520	1.34
530	1.26
540	1.18
550	1.1
560	1.02
570	0.94
580	0.86
590	0.78
600	0.7
610	0.76
620	0.82
630	0.88
640	0.94
650	1
660	1.06
670	1.12
680	1.18
690	1.24
700	1.3
710	1.275
720	1.25
730	1.225
740	1.2
750	1.175
760	1.15
770	1.125
780	1.1
790	1.075
800	1.05
810	1.025
820	1
830	0.975
840	0.95
850	0.925
860	0.9
870	0.875
880	0.85
890	0.825
900	0.8
910	1000
920	1010
930	1020
940	1030
950	1040
960	1050
970	1060
980	1070
990	1080
1000	1090
1010	1100
1020	1110
1030	1120
1040	1130
1050	1140
1060	1150
1070	1160
1080	1170
1090	1180
1100	1190
1110	1200
1120	1210
1130	1220
1140	1230
1150	1240
1160	1250
1170	1260
1180	1270
1190	1280
1200	1290
1210	1300
1220	1310
1230	1320
1240	1330
1250	1340
1260	1350
1270	1360
1280	1370
1290	1380
1300	1390
1310	1400
1320	1410
1330	1420
1340	1430
1350	1440
1360	1450
1370	1460
1380	1470
1390	1480
1400	1490
1410	1500
1420	1510
1430	1520
1440	1530
1450	1540
1460	1550
1470	1560
1480	1570
1490	1580
1500	1590
1510	1600
1520	1610
1530	1620
1540	1630
1550	1640
1560	1650
1570	1660
1580	1670
1590	1680
1600	1690
1610	1700
1620	1710
1630	1720
1640	1730
1650	1740
1660	1750
1670	1760
1680	1770
1690	1780
1700	1790
1710	1800
1720	1810
1730	1820
1740	1830
1750	1840
1760	1850
1770	1860
1780	1870
1790	1880
1800	1890
1810	1900
1820	1910
1830	1920
1840	1930
1850	1940
1860	1950
1870	1960
1880	1970
1890	1980
1900	1990
1910	2000
1920	2010
1930	2020
1940	2030
1950	2040
1960	2050
1970	2060
1980	2070
1990	2080
2000	2090
2010	2100
2020	2110
2030	2120
2040	2130
2050	2140
2060	2150
2070	2160
2080	2170
2090	2180
2100	2190
2110	2200
2120	2210
2130	2220
2140	2230
2150	2240
2160	2250
2170	2260
2180	2270
2190	2280
2200	2290
2210	2300
2220	2310
2230	2320
2240	2330
2250	2340
2260	2350
2270	2360
2280	2370
2290	2380
2300	2390
2310	2400
2320	2410
2330	2420
2340	2430
2350	2440
2360	2450
2370	2460
2380	2470
2390	2480
2400	2490
2410	2500
2420	2510
2430	2520
2440	2530
2450	2540
2460	2550
2470	2560
2480	2570
2490	2580
2500	2590
2510	2600
2520	2610
2530	2620
2540	2630
2550	2640
2560	2650
2570	2660
2580	2670
2590	2680
2600	2690
2610	2700
2620	2710
2630	2720
2640	2730
2650	2740
2660	2750
2670	2760
2680	2770
2690	2780
2700	2790
2710	2800
2720	2810
2730	2820
2740	2830
2750	2840
2760	2850
2770	2860
2780	2870
2790	2880
2800	2890
2810	2900
2820	2910
2830	2920
2840	2930
2850	2940
2860	2950
2870	2960
2880	2970
2890	2980
2900	2990
2910	3000
2920	3010
2930	3020
2940	3030
2950	3040
2960	3050
2970	3060
2980	3070
2990	3080
3000	3090
3010	3100
3020	3110
3030	3120
3040	3130
3050	3140
3060	3150
3070	3160
3080	3170
3090	3180
3100	3190
3110	3200
3120	3210
3130	3220
3140	3230
3150	3240
3160	3250
3170	3260
3180	3270
3190	3280
3200	3290
3210	3300
3220	3310
3230	3320
3240	3330
3250	3340
3260	3350
3270	3360
3280	3370
3290	3380
3300	3390
3310	3400
3320	3410
3330	3420
3340	3430
3350	3440
3360	3450
3370	3460
3380	3470
3390	3480
3400	3490
3410	3500
3420	3510
3430	3520
3440	3530
3450	3540
3460	3550
3470	3560
3480	3570
3490	3580
3500	3590
3510	3600
3520	3610
3530	3620
3540	3630
3550	3640
3560	3650
3570	3660
3580	3670
3590	3680
3600	3690
3610	3700
3620	3710
3630	3720
3640	3730
3650	3740
3660	3750
3670	3760
3680	3770
3690	3780
3700	3790
3710	3800
3720	3810
3730	3820
3740	3830
3750	3840
3760	3850
3770	3860
3780	3870
3790	3880
3800	3890
3810	3900
3820	3910
3830	3920
3840	3930
3850	3940
3860	3950
3870	3960
3880	3970
3890	3980
3900	3990
3910	4000
3920	4010
3930	4020
3940	4030
3950	4040
3960	4050
3970	4060
3980	4070
3990	4080
4000	4090
4010	4100
4020	4110
4030	4120
4040	4130
4050	4140
4060	4150
4070	4160
4080	4170
4090	4180
4100	4190
4110	4200
4120	4210
4130	4220
4140	4230
4150	4240
4160	4250
4170	4260
4180	4270
4190	4280
4200	4290
4210	4300
4220	4310
4230	4320
4240	4330
4250	4340
4260	4350
4270	4360
4280	4370
4290	4380
4300	4390
4310	4400
4320	4410
4330	4420
4340	4430
4350	4440
4360	4450
4370	4460
4380	4470
4390	4480
4400	4490
4410	4500
4420	4510
4430	4520
4440	4530
4450	4540
4460	4550
4470	4560
4480	4570
4490	4580
4500	4590
4510	4600
4520	4610
4530	4620
4540	4630
4550	4640
4560	4650
4570	4660
4580	4670
4590	4680
4600	4690
4610	4700
4620	4710
4630	4720
4640	4730
4650	4740
4660	4750
4670	4760
4680	4770
4690	4780
4700	4790
4710	4800
4720	4810
4730	4820
4740	4830
4750	4840
4760	4850
4770	4860
4780	4870
4790	4880
4800	4890
4810	4900
4820	4910
4830	4920
4840	4930
4850	4940
4860	4950
4870	4960
4880	4970
4890	4980
4900	4990
4910	5000
4920	5010
4930	5020
4940	5030
4950	5040
4960	5050
4970	5060
4980	5070
4990	5080
5000	5090
5010	5100
5020	5110
5030	5120
5040	5130
5050	5140
5060	5150
5070	5160
5080	5170
5090	5180
5100	5190
5110	5200
5120	5210
5130	5220
5140	5230
5150	5240
5160	5250
5170	5260
5180	5270
5190	5280
5200	5290
5210	5300
5220	5310
5230	5320
5240	5330
5250	5340
5260	5350
5270	5360
5280	5370
5290	5380
5300	5390
5310	5400
5320	5410
5330	5420
5340	5430
5350	5440
5360	5450
5370	5460
5380	5470
5390	5480
5400	5490
5410	5500
5420	5510
5430	5520
5440	5530
5450	5540
5460	5550
5470	5560
5480	5570
5490	5580
5500	5590
5510	5600
5520	5610
5530	5620
5540	5630
5550	5640
5560	5650
5570	5660
5580	5670
5590	5680
5600	5690
5610	5700
5620	5710
5630	5720
5640	5730
5650	5740
5660	5750
5670	5760
5680	5770
5690	5780
5700	5790
5710	5800
5720	5810
5730	5820
5740	5830
5750	5840
5760	5850
5770	5860
5780	5870
5790	5880
5800	5890
5810	5900
5820	5910
5830	5920
5840	5930
5850	5940
5860	5950
5870	5960
5880	5970
5890	5980
5900	5990
5910	6000
5920	6010
5930	6020
5940	6030
5950	6040
5960	6050
5970	6060
5980	6070
5990	6080
6000	6090
6010	6100
6020	6110
6030	6120
6040	6130
6050	6140
6060	6150
6070	6160
6080	6170
6090	6180
6100	6190
6110	6200
6120	6210
6130	6220
6140	6230
6150	6240
6160	6250
6170	6260
6180	6270
6190	6280
6200	6290
6210	6300
6220	6310
6230	6320
6240	6330
6250	6340
6260	6350
6270	6360
6280	6370
6290	6380
6300	6390
6310	6400
6320	6410
6330	6420
6340	6430
6350	6440
6360	6450
6370	6460
6380	6470
6390	6480
6400	6490
6410	6500
6420	6510
6430	6520
6440	6530
6450	6540
6460	6550
6470	6560
6480	6570
6490	6580
6500	6590
6510	6600
6520	6610
6530	6620
6540	6630
6550	6640
6560	6650
6570	6660
6580	6670
6590	6680
6600	6690
6610	6700
6620	6710
6630	6720
6640	6730
6650	6740
6660	6750
6670	6760
6680	6770
6690	6780
6700	6790
6710	6800
6720	6810
6730	6820
6740	6830
6750	6840
6760	6850
6770	6860
6780	6870
6790	6880
6800	6890
6810	6900
6820	6910
6830	6920
6840	6930
6850	6940
6860	6950
6870	6960
6880	6970
6890	6980
6900	6990
6910	7000
6920	7010
6930	7020
6940	7030
6950	7040
6960	7050
6970	7060
6980	7070
6990	7080
7000	7090
7010	7100
7020	7110
7030	7120
7040	7130
7050	7140
7060	7150
7070	7160
7080	7170
7090	7180
7100	7190
7110	7200
7120	7210
7130	7220
7140	7230
7150	7240
7160	7250
7170	7260
7180	7270
7190	7280
7200	7290
7210	7300
7220	7310
7230	7320
7240	7330
7250	7340
7260	7350
7270	7360
7280	7370
7290	7380
7300	7390
7310	7400
7320	7410
7330	7420
7340	7430
7350	7440
7360	7450
7370	7460
7380	7470
7390	7480
7400	7490
7410	7500
7420	7510
7430	7520
7440	7530
7450	7540
7460	7550
7470	7560
7480	7570
7490	7580
7500	7590
7510	7600
7520	7610
7530	7620
7540	7630
7550	7640
7560	7650
7570	7660
7580	7670
7590	7680
7600	7690
7610	7700
7620	7710
7630	7720
7640	7730
7650	7740
7660	7750
7670	7760
7680	7770
7690	7780
7700	7790
7710	7800
7720	7810
7730	7820
7740	7830
7750	7840
7760	7850
7770	7860
7780	7870
7790	7880
7800	7890
7810	7900
7820	7910
7830	7920
7840	7930
7850	7940
7860	7950
7870	7960
7880	7970
7890	7980
7900	7990
7910	8000
7920	8010
7930	8020
7940	8030
7950	8040
7960	8050
7970	8060
7980	8070
7990	8080
8000	8090
8010	8100
8020	8110
8030	8120
8040	8130
8050	8140
8060	8150
8070	8160
8080	8170
8090	8180
8100	8190
8110	8200
8120	8210
8130	8220
8140	8230
8150	8240
8160	8250
8170	8260
8180	8270
8190	8280
8200	8290
8210	8300
8220	8310
8230	8320
8240	8330
8250	8340
8260	8350
8270	8360
8280	8370
8290	8380
8300	8390
8310	8400
8320	8410
8330	8420
8340	8430
8350	8440
8360	8450
8370	8460
8380	8470
8390	8480
8400	8490
8410	8500
8420	8510
8430	8520
8440	8530
8450	8540
8460	8550
8470	8560
8480	8570
8490	8580
8500	8590
8510	8600
8520	8610
8530	8620
8540	8630
8550	8640
8560	8650
8570	8660
8580	8670
8590	8680
8600	8690
8610	8700
8620	8710
8630	8720
8640	8730
8650	8740
8660	8750
8670	8760
8680	8770
8690	8780
8700	8790
8710	8800
8720	8810
8730	8820
8740	8830
8750	8840
8760	8850
8770	8860
8780	8870
8790	8880
8800	8890
8810	8900
8820	8910
8830	8920
8840	8930
8850	8940
8860	8950
8870	8960
8880	8970
8890	8980
8900	8990
8910	9000
8920	9010
8930	9020
8940	9030
8950	9040
8960	9050
8970	9060
8980	9070
8990	9080
9000	9090
9010	9100
9020	9110
9030	9120
9040	9130
9050	9140
9060	9150
9070	9160
9080	9170
9090	9180
9100	9190
9110	9200
9120	9210
9130	9220
9140	9230
9150	9240
9160	9250
9170	9260
9180	9270
9190	9280
9200	9290
9210	9300
9220	9310
9230	9320
9240	9330
9250	9340
9260	9350
9270	9360
9280	9370
9290	9380
9300	9390
9310	9400
9320	9410
9330	9420
9340	9430
9350	9440
9360	9450
9370	9460
9380	9470
9390	9480
9400	9490
9410	9500
9420	9510
9430	9520
9440	9530
9450	9540
9460	9550
9470	9560
9480	9570
9490	9580
9500	9590
9510	9600
9520	9610
9530	9620
9540	9630
9550	9640
9560	9650
9570	9660
9580	9670
9590	9680
9600	9690
9610	9700
9620	9710
9630	9720
9640	9730
9650	9740
9660	9750
9670	9760
9680	9770
9690	9780
9700	9790
9710	9800
9720	9810
9730	9820
9740	9830
9750	9840
9760	9850
9770	9860
9780	9870
9790	9880
9800	9890
9810	9900
9820	9910
9830	9920
9840	9930
9850	9940
9860	9950
9870	9960
9880	9970
9890	9980
9900	9990
9910	10000
9920	10010
9930	10020
9940	10030
9950	10040
9960	10050
9970	10060
9980	10070
9990	10080
10000	10090