#CMS-PAS-HIG-21-001, Fig. 9b
# observed 95% exclusion limits on sig(pp ->bbbar PHI) x BR( PHI -> tau tau)
# mPHI[GeV] | sig*BR_95% [pb]
######## Number of Input lines:	689
60.0		27.680052575727483
65.0		23.976611115950572
70.0		20.27316965617366
75.0		16.569728196396753
80.0		12.93961257907208
85.0		9.83685748808718
90.0		6.734102397102279
95.0		3.6313473061173784
100.0		2.406618166349585
105.0		1.9710165644094078
110.0		1.5354149624692308
115.0		1.0998133605290539
120.0		0.7047302491135873
125.0		0.6152601204311963
130.0		0.46253852470626233
135.0		0.4103323284650762
140.0		0.3642648620441116
145.0		0.342502423251093
150.0		0.3207399844580744
155.0		0.29897754566505574
160.0		0.27740042388574426
165.0		0.26339118239143283
170.0		0.2493819408971214
175.0		0.23537269940280997
180.0		0.22136345790849854
185.0		0.22162097979317663
190.0		0.224270063727565
195.0		0.22691914766195334
200.0		0.2295682315963417
205.0		0.21754025383122394
210.0		0.20301525676934312
215.0		0.1884902597074623
220.0		0.17396526264558151
225.0		0.1594402655837007
230.0		0.1449152685218199
235.0		0.1303902714599391
240.0		0.11586527439805827
245.0		0.10134027733617745
250.0		0.08878188558196852
255.0		0.08501167877192609
260.0		0.08124147196188367
265.0		0.07747126515184123
270.0		0.0737010583417988
275.0		0.06993085153175638
280.0		0.06616064472171394
285.0		0.062390437911671516
290.0		0.05862023110162909
295.0		0.05485002429158666
300.0		0.051079817481544235
305.0		0.04887195385946392
310.0		0.04767614651397445
315.0		0.046480339168484985
320.0		0.04528453182299552
325.0		0.04408872447750605
330.0		0.04289291713201659
335.0		0.04169710978652712
340.0		0.040501302441037654
345.0		0.03930549509554818
350.0		0.038225747904668615
355.0		0.03796514190173063
360.0		0.03770453589879265
365.0		0.03744392989585466
370.0		0.03718332389291668
375.0		0.0369227178899787
380.0		0.036662111887040716
385.0		0.036401505884102736
390.0		0.03614089988116475
395.0		0.03588029387822677
400.0		0.0356356097063964
405.0		0.03555154964973459
410.0		0.03546748959307278
415.0		0.03538342953641097
420.0		0.03529936947974917
425.0		0.03521530942308736
430.0		0.03513124936642555
435.0		0.03504718930976374
440.0		0.03496312925310194
445.0		0.03487906919644013
450.0		0.034574601515696114
455.0		0.03339336002218958
460.0		0.032212118528683054
465.0		0.031030877035176523
470.0		0.02984963554166999
475.0		0.02866839404816346
480.0		0.02748715255465693
485.0		0.0263059110611504
490.0		0.025124669567643865
495.0		0.024212905455626217
500.0		0.02368056660476275
505.0		0.023148227753899287
510.0		0.02261588890303582
515.0		0.022083550052172357
520.0		0.02155121120130889
525.0		0.021018872350445427
530.0		0.02048653349958196
535.0		0.019954194648718497
540.0		0.01942185579785503
545.0		0.018889516946991567
550.0		0.0183571780961281
555.0		0.017824839245264637
560.0		0.01729250039440117
565.0		0.016760161543537707
570.0		0.01622782269267424
575.0		0.015695483841810777
580.0		0.015163144990947312
585.0		0.014630806140083845
590.0		0.01409846728922038
595.0		0.013566128438356915
600.0		0.01303378958749345
605.0		0.012687426076947296
610.0		0.012391433592151299
615.0		0.012095441107355302
620.0		0.011799448622559307
625.0		0.01150345613776331
630.0		0.011207463652967313
635.0		0.010911471168171316
640.0		0.01061547868337532
645.0		0.010319486198579322
650.0		0.010023493713783325
655.0		0.009727501228987329
660.0		0.009431508744191332
665.0		0.009135516259395335
670.0		0.008839523774599338
675.0		0.008543531289803341
680.0		0.008247538805007344
685.0		0.007951546320211347
690.0		0.007655553835415351
695.0		0.0073595613506193544
700.0		0.007197799337825483
705.0		0.007049099764002304
710.0		0.006900400190179123
715.0		0.006751700616355944
720.0		0.0066030010425327645
725.0		0.006454301468709584
730.0		0.006305601894886405
735.0		0.006156902321063224
740.0		0.006008202747240045
745.0		0.0058595031734168645
750.0		0.005710803599593685
755.0		0.0055621040257705055
760.0		0.005413404451947325
765.0		0.005264704878124146
770.0		0.005116005304300966
775.0		0.004967305730477786
780.0		0.004818606156654606
785.0		0.004669906582831427
790.0		0.004521207009008247
795.0		0.004372507435185067
800.0		0.004319652734030639
805.0		0.004273056568699584
810.0		0.00422646040336853
815.0		0.004179864238037475
820.0		0.004133268072706421
825.0		0.004086671907375366
830.0		0.004040075742044311
835.0		0.003993479576713257
840.0		0.003946883411382203
845.0		0.003900287246051148
850.0		0.003853691080720093
855.0		0.0038070949153890385
860.0		0.003760498750057984
865.0		0.00371390258472693
870.0		0.003667306419395875
875.0		0.0036207102540648205
880.0		0.0035741140887337658
885.0		0.0035275179234027115
890.0		0.0034809217580716568
895.0		0.0034351237773674443
900.0		0.0033916706614307048
905.0		0.0033482175454939652
910.0		0.0033047644295572257
915.0		0.0032613113136204866
920.0		0.003217858197683747
925.0		0.0031744050817470075
930.0		0.003130951965810268
935.0		0.0030874988498735285
940.0		0.003044045733936789
945.0		0.0030005926180000494
950.0		0.0029571395020633103
955.0		0.002913686386126571
960.0		0.0028702332701898313
965.0		0.0028267801542530917
970.0		0.002783327038316352
975.0		0.002739873922379613
980.0		0.002696420806442873
985.0		0.002652967690506134
990.0		0.0026095145745693945
995.0		0.002566061458632655
1000.0		0.0025284205210864006
1005.0		0.0025042443407934014
1010.0		0.0024800681605004022
1015.0		0.002455891980207403
1020.0		0.0024317157999144035
1025.0		0.0024075396196214043
1030.0		0.002383363439328405
1035.0		0.002359187259035406
1040.0		0.0023350110787424064
1045.0		0.002310834898449407
1050.0		0.002286658718156408
1055.0		0.002262482537863409
1060.0		0.0022383063575704097
1065.0		0.00221413017727741
1070.0		0.002189953996984411
1075.0		0.002165777816691412
1080.0		0.0021416016363984126
1085.0		0.002117425456105413
1090.0		0.002093249275812414
1095.0		0.0020690730955194147
1100.0		0.0020448969152264155
1105.0		0.0020207207349334164
1110.0		0.0019965445546404168
1115.0		0.0019723683743474176
1120.0		0.0019481921940544184
1125.0		0.001924016013761419
1130.0		0.0018998398334684199
1135.0		0.0018756636531754205
1140.0		0.0018514874728824213
1145.0		0.0018273112925894222
1150.0		0.0018031351122964228
1155.0		0.0017789589320034234
1160.0		0.0017547827517104242
1165.0		0.001730606571417425
1170.0		0.0017064303911244257
1175.0		0.0016822542108314263
1180.0		0.0016580780305384272
1185.0		0.001633901850245428
1190.0		0.0016097256699524288
1195.0		0.0015855494896594294
1200.0		0.00156137330936643
1205.0		0.0015416749363494138
1210.0		0.0015317352261775335
1215.0		0.0015217955160056532
1220.0		0.001511855805833773
1225.0		0.0015019160956618927
1230.0		0.0014919763854900124
1235.0		0.0014820366753181323
1240.0		0.001472096965146252
1245.0		0.0014621572549743716
1250.0		0.0014522175448024915
1255.0		0.0014422778346306112
1260.0		0.001432338124458731
1265.0		0.0014223984142868508
1270.0		0.0014124587041149704
1275.0		0.0014025189939430903
1280.0		0.00139257928377121
1285.0		0.0013826395735993297
1290.0		0.0013726998634274496
1295.0		0.0013627601532555692
1300.0		0.001352820443083689
1305.0		0.0013428807329118088
1310.0		0.0013329410227399285
1315.0		0.0013230013125680481
1320.0		0.001313061602396168
1325.0		0.0013031218922242877
1330.0		0.0012931821820524074
1335.0		0.0012832424718805273
1340.0		0.001273302761708647
1345.0		0.0012633630515367666
1350.0		0.0012534233413648865
1355.0		0.0012434836311930062
1360.0		0.001233543921021126
1365.0		0.0012236042108492457
1370.0		0.0012136645006773654
1375.0		0.0012037247905054853
1380.0		0.001193785080333605
1385.0		0.0011838453701617248
1390.0		0.0011739056599898445
1395.0		0.0011639659498179642
1400.0		0.001154026239646084
1405.0		0.0011440865294742037
1410.0		0.001135308283973363
1415.0		0.0011299321721511125
1420.0		0.0011245560603288622
1425.0		0.0011191799485066117
1430.0		0.0011138038366843611
1435.0		0.0011084277248621108
1440.0		0.0011030516130398603
1445.0		0.0010976755012176097
1450.0		0.0010922993893953594
1455.0		0.0010869232775731089
1460.0		0.0010815471657508583
1465.0		0.001076171053928608
1470.0		0.0010707949421063575
1475.0		0.001065418830284107
1480.0		0.0010600427184618566
1485.0		0.001054666606639606
1490.0		0.0010492904948173557
1495.0		0.0010439143829951052
1500.0		0.0010385382711728547
1505.0		0.0010331621593506043
1510.0		0.0010277860475283538
1515.0		0.0010224099357061033
1520.0		0.001017033823883853
1525.0		0.0010116577120616024
1530.0		0.0010062816002393519
1535.0		0.0010009054884171015
1540.0		0.000995529376594851
1545.0		0.0009901532647726005
1550.0		0.0009847771529503501
1555.0		0.0009794010411280996
1560.0		0.0009740249293058492
1565.0		0.0009686488174835987
1570.0		0.0009632727056613482
1575.0		0.0009578965938390978
1580.0		0.0009525204820168473
1585.0		0.0009471443701945968
1590.0		0.0009417682583723464
1595.0		0.0009363921465500959
1600.0		0.0009310160347278454
1605.0		0.000925639922905595
1610.0		0.0009202638110833445
1615.0		0.000917230548377278
1620.0		0.0009147943480239195
1625.0		0.0009123581476705609
1630.0		0.0009099219473172024
1635.0		0.0009074857469638438
1640.0		0.0009050495466104854
1645.0		0.0009026133462571268
1650.0		0.0009001771459037683
1655.0		0.0008977409455504097
1660.0		0.0008953047451970512
1665.0		0.0008928685448436926
1670.0		0.0008904323444903341
1675.0		0.0008879961441369756
1680.0		0.0008855599437836171
1685.0		0.0008831237434302585
1690.0		0.0008806875430769
1695.0		0.0008782513427235414
1700.0		0.0008758151423701829
1705.0		0.0008733789420168243
1710.0		0.0008709427416634659
1715.0		0.0008685065413101073
1720.0		0.0008660703409567488
1725.0		0.0008636341406033902
1730.0		0.0008611979402500317
1735.0		0.0008587617398966731
1740.0		0.0008563255395433147
1745.0		0.0008538893391899561
1750.0		0.0008514531388365976
1755.0		0.000849016938483239
1760.0		0.0008465807381298804
1765.0		0.0008441445377765219
1770.0		0.0008417083374231635
1775.0		0.0008392721370698049
1780.0		0.0008368359367164463
1785.0		0.0008343997363630878
1790.0		0.0008319635360097292
1795.0		0.0008295273356563707
1800.0		0.0008270911353030121
1805.0		0.0008246549349496537
1810.0		0.0008222187345962951
1815.0		0.0008197825342429366
1820.0		0.000817346333889578
1825.0		0.0008137523342145745
1830.0		0.0008098760022636199
1835.0		0.0008059996703126655
1840.0		0.0008021233383617109
1845.0		0.0007982470064107563
1850.0		0.0007943706744598019
1855.0		0.0007904943425088473
1860.0		0.0007866180105578928
1865.0		0.0007827416786069382
1870.0		0.0007788653466559838
1875.0		0.0007749890147050292
1880.0		0.0007711126827540746
1885.0		0.0007672363508031202
1890.0		0.0007633600188521656
1895.0		0.0007594836869012111
1900.0		0.0007556073549502566
1905.0		0.0007517310229993021
1910.0		0.0007478546910483475
1915.0		0.000743978359097393
1920.0		0.0007401020271464385
1925.0		0.0007362256951954839
1930.0		0.0007323493632445294
1935.0		0.0007284730312935748
1940.0		0.0007245966993426204
1945.0		0.0007207203673916658
1950.0		0.0007168440354407112
1955.0		0.0007129677034897568
1960.0		0.0007090913715388022
1965.0		0.0007052150395878477
1970.0		0.0007013387076368932
1975.0		0.0006974623756859387
1980.0		0.0006935860437349841
1985.0		0.0006897097117840297
1990.0		0.0006858333798330751
1995.0		0.0006819570478821205
2000.0		0.000678080715931166
2005.0		0.0006742043839802114
2010.0		0.000670328052029257
2015.0		0.0006664517200783024
2020.0		0.0006625753881273479
2025.0		0.0006598391104946238
2030.0		0.0006583377347015398
2035.0		0.0006568363589084557
2040.0		0.0006553349831153717
2045.0		0.0006538336073222877
2050.0		0.0006523322315292036
2055.0		0.0006508308557361197
2060.0		0.0006493294799430356
2065.0		0.0006478281041499516
2070.0		0.0006463267283568676
2075.0		0.0006448253525637835
2080.0		0.0006433239767706995
2085.0		0.0006418226009776154
2090.0		0.0006403212251845315
2095.0		0.0006388198493914475
2100.0		0.0006373184735983634
2105.0		0.0006358170978052794
2110.0		0.0006343157220121954
2115.0		0.0006328143462191113
2120.0		0.0006313129704260273
2125.0		0.0006298115946329433
2130.0		0.0006283102188398593
2135.0		0.0006268088430467753
2140.0		0.0006253074672536912
2145.0		0.0006238060914606072
2150.0		0.0006223047156675231
2155.0		0.0006208033398744391
2160.0		0.0006193019640813552
2165.0		0.0006178005882882711
2170.0		0.0006162992124951871
2175.0		0.000614797836702103
2180.0		0.000613296460909019
2185.0		0.000611795085115935
2190.0		0.0006102937093228509
2195.0		0.000608792333529767
2200.0		0.000607290957736683
2205.0		0.0006057895819435989
2210.0		0.0006042882061505149
2215.0		0.0006027868303574308
2220.0		0.0006012854545643468
2225.0		0.0005997840787712627
2230.0		0.0005982827029781788
2235.0		0.0005967813271850948
2240.0		0.0005952799513920107
2245.0		0.0005937785755989267
2250.0		0.0005922771998058427
2255.0		0.0005907758240127586
2260.0		0.0005892744482196746
2265.0		0.0005877730724265906
2270.0		0.0005862716966335066
2275.0		0.0005847703208404226
2280.0		0.0005832689450473385
2285.0		0.0005817675692542545
2290.0		0.0005802661934611704
2295.0		0.0005787648176680865
2300.0		0.0005772634418750025
2305.0		0.0005757620660819184
2310.0		0.0005742606902888344
2315.0		0.000572536461136869
2320.0		0.000570467281990024
2325.0		0.0005683981028431788
2330.0		0.0005663289236963337
2335.0		0.0005642597445494886
2340.0		0.0005621905654026435
2345.0		0.0005601213862557983
2350.0		0.0005580522071089532
2355.0		0.0005559830279621081
2360.0		0.0005539138488152629
2365.0		0.0005518446696684178
2370.0		0.0005497754905215728
2375.0		0.0005477063113747276
2380.0		0.0005456371322278825
2385.0		0.0005435679530810374
2390.0		0.0005414987739341923
2395.0		0.0005394295947873471
2400.0		0.000537360415640502
2405.0		0.0005352912364936569
2410.0		0.0005332220573468117
2415.0		0.0005311528781999666
2420.0		0.0005290836990531216
2425.0		0.0005270145199062764
2430.0		0.0005249453407594313
2435.0		0.0005228761616125862
2440.0		0.0005208069824657411
2445.0		0.0005187378033188959
2450.0		0.0005166686241720508
2455.0		0.0005145994450252057
2460.0		0.0005125302658783605
2465.0		0.0005104610867315154
2470.0		0.0005083919075846704
2475.0		0.0005063227284378253
2480.0		0.0005042535492909801
2485.0		0.000502184370144135
2490.0		0.0005001151909972898
2495.0		0.0004980460118504447
2500.0		0.0004959768327035996
2505.0		0.0004939076535567545
2510.0		0.0004918384744099093
2515.0		0.0004897692952630642
2520.0		0.00048770011611621916
2525.0		0.000485630936969374
2530.0		0.0004835617578225289
2535.0		0.0004814925786756838
2540.0		0.00047942339952883865
2545.0		0.0004773542203819935
2550.0		0.0004752850412351484
2555.0		0.0004732158620883033
2560.0		0.0004711466829414582
2565.0		0.00046907750379461305
2570.0		0.00046700832464776796
2575.0		0.0004649391455009228
2580.0		0.0004628699663540777
2585.0		0.0004608007872072326
2590.0		0.00045873160806038745
2595.0		0.0004566624289135423
2600.0		0.0004545932497666972
2605.0		0.0004525240706198521
2610.0		0.00045045489147300694
2615.0		0.00044838571232616185
2620.0		0.00044631653317931677
2625.0		0.0004442473540324716
2630.0		0.00044221832347645713
2635.0		0.00044112601728660164
2640.0		0.00044003371109674615
2645.0		0.0004389414049068907
2650.0		0.0004378490987170352
2655.0		0.00043675679252717974
2660.0		0.0004356644863373243
2665.0		0.0004345721801474688
2670.0		0.0004334798739576133
2675.0		0.0004323875677677579
2680.0		0.0004312952615779024
2685.0		0.0004302029553880469
2690.0		0.0004291106491981915
2695.0		0.000428018343008336
2700.0		0.0004269260368184805
2705.0		0.00042583373062862507
2710.0		0.0004247414244387696
2715.0		0.0004236491182489141
2720.0		0.00042255681205905865
2725.0		0.00042146450586920316
2730.0		0.0004203721996793477
2735.0		0.00041927989348949224
2740.0		0.00041818758729963675
2745.0		0.00041709528110978126
2750.0		0.00041600297491992583
2755.0		0.00041491066873007034
2760.0		0.00041381836254021485
2765.0		0.0004127260563503594
2770.0		0.0004116337501605039
2775.0		0.0004105414439706485
2780.0		0.000409449137780793
2785.0		0.0004083568315909375
2790.0		0.0004072645254010821
2795.0		0.0004061722192112266
2800.0		0.0004050799130213711
2805.0		0.00040398760683151567
2810.0		0.0004028953006416602
2815.0		0.0004018029944518047
2820.0		0.00040071068826194925
2825.0		0.00039961838207209377
2830.0		0.0003985260758822383
2835.0		0.00039743376969238284
2840.0		0.00039634146350252735
2845.0		0.00039524915731267186
2850.0		0.00039415685112281643
2855.0		0.00039306454493296094
2860.0		0.00039197223874310545
2865.0		0.00039087993255325
2870.0		0.00038978762636339453
2875.0		0.00038869532017353904
2880.0		0.0003876030139836836
2885.0		0.0003865107077938281
2890.0		0.0003854184016039726
2895.0		0.0003843260954141172
2900.0		0.0003832337892242617
2905.0		0.0003821414830344062
2910.0		0.0003810491768445508
2915.0		0.0003799568706546953
2920.0		0.0003788645644648398
2925.0		0.00037777225827498437
2930.0		0.0003766799520851289
2935.0		0.0003755876458952734
2940.0		0.0003748607920865221
2945.0		0.0003747086926992368
2950.0		0.0003745565933119515
2955.0		0.0003744044939246662
2960.0		0.0003742523945373809
2965.0		0.0003741002951500956
2970.0		0.0003739481957628103
2975.0		0.000373796096375525
2980.0		0.00037364399698823963
2985.0		0.00037349189760095433
2990.0		0.00037333979821366903
2995.0		0.0003731876988263837
3000.0		0.0003730355994390984
3005.0		0.0003728835000518131
3010.0		0.0003727314006645278
3015.0		0.0003725793012772425
3020.0		0.0003724272018899572
3025.0		0.0003722751025026719
3030.0		0.0003721230031153866
3035.0		0.0003719709037281013
3040.0		0.000371818804340816
3045.0		0.0003716667049535307
3050.0		0.0003715146055662454
3055.0		0.0003713625061789601
3060.0		0.0003712104067916748
3065.0		0.0003710583074043895
3070.0		0.0003709062080171042
3075.0		0.0003707541086298189
3080.0		0.0003706020092425336
3085.0		0.0003704499098552483
3090.0		0.000370297810467963
3095.0		0.0003701457110806777
3100.0		0.0003699936116933924
3105.0		0.0003698415123061071
3110.0		0.0003696894129188218
3115.0		0.0003695373135315365
3120.0		0.0003693852141442512
3125.0		0.00036923311475696587
3130.0		0.00036908101536968057
3135.0		0.00036892891598239527
3140.0		0.00036877681659510997
3145.0		0.00036862471720782466
3150.0		0.00036847261782053936
3155.0		0.00036832051843325406
3160.0		0.00036816841904596876
3165.0		0.00036801631965868346
3170.0		0.00036786422027139815
3175.0		0.00036771212088411285
3180.0		0.00036756002149682755
3185.0		0.00036740792210954225
3190.0		0.00036725582272225695
3195.0		0.00036710372333497164
3200.0		0.00036695162394768634
3205.0		0.00036679952456040104
3210.0		0.00036664742517311574
3215.0		0.00036649532578583044
3220.0		0.00036634322639854513
3225.0		0.00036619112701125983
3230.0		0.00036563561378175546
3235.0		0.00036503479804504414
3240.0		0.0003644339823083328
3245.0		0.0003638331665716215
3250.0		0.0003632323508349102
3255.0		0.00036263153509819886
3260.0		0.00036203071936148753
3265.0		0.0003614299036247762
3270.0		0.0003608290878880649
3275.0		0.00036022827215135357
3280.0		0.00035962745641464225
3285.0		0.00035902664067793093
3290.0		0.0003584258249412196
3295.0		0.0003578250092045083
3300.0		0.00035722419346779697
3305.0		0.00035662337773108564
3310.0		0.0003560225619943743
3315.0		0.00035542174625766295
3320.0		0.00035482093052095163
3325.0		0.0003542201147842403
3330.0		0.000353619299047529
3335.0		0.00035301848331081766
3340.0		0.00035241766757410634
3345.0		0.000351816851837395
3350.0		0.0003512160361006837
3355.0		0.0003506152203639724
3360.0		0.00035001440462726106
3365.0		0.00034941358889054974
3370.0		0.0003488127731538384
3375.0		0.0003482119574171271
3380.0		0.0003476111416804158
3385.0		0.00034701032594370445
3390.0		0.00034640951020699313
3395.0		0.0003458086944702818
3400.0		0.0003452078787335705
3405.0		0.00034460706299685917
3410.0		0.00034400624726014785
3415.0		0.00034340543152343653
3420.0		0.0003428046157867252
3425.0		0.0003422038000500139
3430.0		0.00034160298431330256
3435.0		0.00034100216857659124
3440.0		0.00034040135283987987
3445.0		0.00033980053710316855
3450.0		0.0003391997213664572
3455.0		0.0003385989056297459
3460.0		0.0003379980898930346
3465.0		0.00033739727415632326
3470.0		0.00033679645841961194
3475.0		0.0003361956426829006
3480.0		0.0003355948269461893
3485.0		0.000334994011209478
3490.0		0.00033439319547276666
3495.0		0.00033379237973605534
3500.0		0.000333191563999344
