# CMS-PAS-HIG-14-013
# gg->H->hh->bbbb 95% exclusion limits
#100
#20
#496
# mHH[GeV] | sig*BR_95% [pb]
100.0	80000.0
120.0	70000.0
140.0	60000.0
160.0	50000.0
180.0	40000.0
200.0	30000.0
220.0	20000.0
240.0	10000.0
260.0	5.835641989
280.0	5.2880654459
300.0	2.3931558181
320.0	1.0242105275
340.0	0.6740945147
360.0	0.6533492648
380.0	0.4316113286
400.0	0.1460130893
420.0	0.1195608213
440.0	0.0672236146
460.0	0.0865825868
480.0	0.0920341862
500.0	0.0769408317
520.0	0.0408344181
540.0	0.0374065418
560.0	0.0251393607
580.0	0.0300669681
600.0	0.044634326
620.0	0.0371582262
640.0	0.0312162481
660.0	0.0291620109
680.0	0.0244979681
700.0	0.0176466976
720.0	0.0118979379
740.0	0.0151391864
760.0	0.0174325617
780.0	0.0180489343
800.0	0.0159719531
820.0	0.0153205245
840.0	0.0148972291
860.0	0.0123716469
880.0	0.0105599725
900.0	0.0082161984
920.0	0.0077261057
940.0	0.008154089
960.0	0.008286471
980.0	0.0082798646
1000.0	0.0076846846
1020.0	0.0078194284
1040.0	0.0086058689
1060.0	0.0098728617
1080.0	0.0122535306
1100.0	0.0174385124
1120.0	1000.0
1140.0	2000.0
1160.0	3000.0
1180.0	4000.0
1200.0	5000.0
1220.0	6000.0
1240.0	7000.0
1260.0	8000.0
1280.0	9000.0
1300.0	10000.0
1320.0	11000.0
1340.0	12000.0
1360.0	13000.0
1380.0	14000.0
1400.0	15000.0
1420.0	16000.0
1440.0	17000.0
1460.0	18000.0
1480.0	19000.0
1500.0	20000.0
1520.0	21000.0
1540.0	22000.0
1560.0	23000.0
1580.0	24000.0
1600.0	25000.0
1620.0	26000.0
1640.0	27000.0
1660.0	28000.0
1680.0	29000.0
1700.0	30000.0
1720.0	31000.0
1740.0	32000.0
1760.0	33000.0
1780.0	34000.0
1800.0	35000.0
1820.0	36000.0
1840.0	37000.0
1860.0	38000.0
1880.0	39000.0
1900.0	40000.0
1920.0	41000.0
1940.0	42000.0
1960.0	43000.0
1980.0	44000.0
2000.0	45000.0
2020.0	46000.0
2040.0	47000.0
2060.0	48000.0
2080.0	49000.0
2100.0	50000.0
2120.0	51000.0
2140.0	52000.0
2160.0	53000.0
2180.0	54000.0
2200.0	55000.0
2220.0	56000.0
2240.0	57000.0
2260.0	58000.0
2280.0	59000.0
2300.0	60000.0
2320.0	61000.0
2340.0	62000.0
2360.0	63000.0
2380.0	64000.0
2400.0	65000.0
2420.0	66000.0
2440.0	67000.0
2460.0	68000.0
2480.0	69000.0
2500.0	70000.0
2520.0	71000.0
2540.0	72000.0
2560.0	73000.0
2580.0	74000.0
2600.0	75000.0
2620.0	76000.0
2640.0	77000.0
2660.0	78000.0
2680.0	79000.0
2700.0	80000.0
2720.0	81000.0
2740.0	82000.0
2760.0	83000.0
2780.0	84000.0
2800.0	85000.0
2820.0	86000.0
2840.0	87000.0
2860.0	88000.0
2880.0	89000.0
2900.0	90000.0
2920.0	91000.0
2940.0	92000.0
2960.0	93000.0
2980.0	94000.0
3000.0	95000.0
3020.0	96000.0
3040.0	97000.0
3060.0	98000.0
3080.0	99000.0
3100.0	100000.0
3120.0	101000.0
3140.0	102000.0
3160.0	103000.0
3180.0	104000.0
3200.0	105000.0
3220.0	106000.0
3240.0	107000.0
3260.0	108000.0
3280.0	109000.0
3300.0	110000.0
3320.0	111000.0
3340.0	112000.0
3360.0	113000.0
3380.0	114000.0
3400.0	115000.0
3420.0	116000.0
3440.0	117000.0
3460.0	118000.0
3480.0	119000.0
3500.0	120000.0
3520.0	121000.0
3540.0	122000.0
3560.0	123000.0
3580.0	124000.0
3600.0	125000.0
3620.0	126000.0
3640.0	127000.0
3660.0	128000.0
3680.0	129000.0
3700.0	130000.0
3720.0	131000.0
3740.0	132000.0
3760.0	133000.0
3780.0	134000.0
3800.0	135000.0
3820.0	136000.0
3840.0	137000.0
3860.0	138000.0
3880.0	139000.0
3900.0	140000.0
3920.0	141000.0
3940.0	142000.0
3960.0	143000.0
3980.0	144000.0
4000.0	145000.0
4020.0	146000.0
4040.0	147000.0
4060.0	148000.0
4080.0	149000.0
4100.0	150000.0
4120.0	151000.0
4140.0	152000.0
4160.0	153000.0
4180.0	154000.0
4200.0	155000.0
4220.0	156000.0
4240.0	157000.0
4260.0	158000.0
4280.0	159000.0
4300.0	160000.0
4320.0	161000.0
4340.0	162000.0
4360.0	163000.0
4380.0	164000.0
4400.0	165000.0
4420.0	166000.0
4440.0	167000.0
4460.0	168000.0
4480.0	169000.0
4500.0	170000.0
4520.0	171000.0
4540.0	172000.0
4560.0	173000.0
4580.0	174000.0
4600.0	175000.0
4620.0	176000.0
4640.0	177000.0
4660.0	178000.0
4680.0	179000.0
4700.0	180000.0
4720.0	181000.0
4740.0	182000.0
4760.0	183000.0
4780.0	184000.0
4800.0	185000.0
4820.0	186000.0
4840.0	187000.0
4860.0	188000.0
4880.0	189000.0
4900.0	190000.0
4920.0	191000.0
4940.0	192000.0
4960.0	193000.0
4980.0	194000.0
5000.0	195000.0
5020.0	196000.0
5040.0	197000.0
5060.0	198000.0
5080.0	199000.0
5100.0	200000.0
5120.0	201000.0
5140.0	202000.0
5160.0	203000.0
5180.0	204000.0
5200.0	205000.0
5220.0	206000.0
5240.0	207000.0
5260.0	208000.0
5280.0	209000.0
5300.0	210000.0
5320.0	211000.0
5340.0	212000.0
5360.0	213000.0
5380.0	214000.0
5400.0	215000.0
5420.0	216000.0
5440.0	217000.0
5460.0	218000.0
5480.0	219000.0
5500.0	220000.0
5520.0	221000.0
5540.0	222000.0
5560.0	223000.0
5580.0	224000.0
5600.0	225000.0
5620.0	226000.0
5640.0	227000.0
5660.0	228000.0
5680.0	229000.0
5700.0	230000.0
5720.0	231000.0
5740.0	232000.0
5760.0	233000.0
5780.0	234000.0
5800.0	235000.0
5820.0	236000.0
5840.0	237000.0
5860.0	238000.0
5880.0	239000.0
5900.0	240000.0
5920.0	241000.0
5940.0	242000.0
5960.0	243000.0
5980.0	244000.0
6000.0	245000.0
6020.0	246000.0
6040.0	247000.0
6060.0	248000.0
6080.0	249000.0
6100.0	250000.0
6120.0	251000.0
6140.0	252000.0
6160.0	253000.0
6180.0	254000.0
6200.0	255000.0
6220.0	256000.0
6240.0	257000.0
6260.0	258000.0
6280.0	259000.0
6300.0	260000.0
6320.0	261000.0
6340.0	262000.0
6360.0	263000.0
6380.0	264000.0
6400.0	265000.0
6420.0	266000.0
6440.0	267000.0
6460.0	268000.0
6480.0	269000.0
6500.0	270000.0
6520.0	271000.0
6540.0	272000.0
6560.0	273000.0
6580.0	274000.0
6600.0	275000.0
6620.0	276000.0
6640.0	277000.0
6660.0	278000.0
6680.0	279000.0
6700.0	280000.0
6720.0	281000.0
6740.0	282000.0
6760.0	283000.0
6780.0	284000.0
6800.0	285000.0
6820.0	286000.0
6840.0	287000.0
6860.0	288000.0
6880.0	289000.0
6900.0	290000.0
6920.0	291000.0
6940.0	292000.0
6960.0	293000.0
6980.0	294000.0
7000.0	295000.0
7020.0	296000.0
7040.0	297000.0
7060.0	298000.0
7080.0	299000.0
7100.0	300000.0
7120.0	301000.0
7140.0	302000.0
7160.0	303000.0
7180.0	304000.0
7200.0	305000.0
7220.0	306000.0
7240.0	307000.0
7260.0	308000.0
7280.0	309000.0
7300.0	310000.0
7320.0	311000.0
7340.0	312000.0
7360.0	313000.0
7380.0	314000.0
7400.0	315000.0
7420.0	316000.0
7440.0	317000.0
7460.0	318000.0
7480.0	319000.0
7500.0	320000.0
7520.0	321000.0
7540.0	322000.0
7560.0	323000.0
7580.0	324000.0
7600.0	325000.0
7620.0	326000.0
7640.0	327000.0
7660.0	328000.0
7680.0	329000.0
7700.0	330000.0
7720.0	331000.0
7740.0	332000.0
7760.0	333000.0
7780.0	334000.0
7800.0	335000.0
7820.0	336000.0
7840.0	337000.0
7860.0	338000.0
7880.0	339000.0
7900.0	340000.0
7920.0	341000.0
7940.0	342000.0
7960.0	343000.0
7980.0	344000.0
8000.0	345000.0
8020.0	346000.0
8040.0	347000.0
8060.0	348000.0
8080.0	349000.0
8100.0	350000.0
8120.0	351000.0
8140.0	352000.0
8160.0	353000.0
8180.0	354000.0
8200.0	355000.0
8220.0	356000.0
8240.0	357000.0
8260.0	358000.0
8280.0	359000.0
8300.0	360000.0
8320.0	361000.0
8340.0	362000.0
8360.0	363000.0
8380.0	364000.0
8400.0	365000.0
8420.0	366000.0
8440.0	367000.0
8460.0	368000.0
8480.0	369000.0
8500.0	370000.0
8520.0	371000.0
8540.0	372000.0
8560.0	373000.0
8580.0	374000.0
8600.0	375000.0
8620.0	376000.0
8640.0	377000.0
8660.0	378000.0
8680.0	379000.0
8700.0	380000.0
8720.0	381000.0
8740.0	382000.0
8760.0	383000.0
8780.0	384000.0
8800.0	385000.0
8820.0	386000.0
8840.0	387000.0
8860.0	388000.0
8880.0	389000.0
8900.0	390000.0
8920.0	391000.0
8940.0	392000.0
8960.0	393000.0
8980.0	394000.0
9000.0	395000.0
9020.0	396000.0
9040.0	397000.0
9060.0	398000.0
9080.0	399000.0
9100.0	400000.0
9120.0	401000.0
9140.0	402000.0
9160.0	403000.0
9180.0	404000.0
9200.0	405000.0
9220.0	406000.0
9240.0	407000.0
9260.0	408000.0
9280.0	409000.0
9300.0	410000.0
9320.0	411000.0
9340.0	412000.0
9360.0	413000.0
9380.0	414000.0
9400.0	415000.0
9420.0	416000.0
9440.0	417000.0
9460.0	418000.0
9480.0	419000.0
9500.0	420000.0
9520.0	421000.0
9540.0	422000.0
9560.0	423000.0
9580.0	424000.0
9600.0	425000.0
9620.0	426000.0
9640.0	427000.0
9660.0	428000.0
9680.0	429000.0
9700.0	430000.0
9720.0	431000.0
9740.0	432000.0
9760.0	433000.0
9780.0	434000.0
9800.0	435000.0
9820.0	436000.0
9840.0	437000.0
9860.0	438000.0
9880.0	439000.0
9900.0	440000.0
9920.0	441000.0
9940.0	442000.0
9960.0	443000.0
9980.0	444000.0
10000.0	445000.0
