# HIGLU 
# ratio of the top-loop produced H contribution (NNLO QCD) and the total ggH cross section (NNLO QCD) at 8 TeV.
# mH[GeV] | sigma_ggH_t(NNLO)/sigma_ggH(NNLO)
10.0	0.2290124
20.0	0.3824609
30.0	0.655667
40.0	0.8574124
50.0	0.9725976
60.0	1.0310482
70.0	1.0586416
80.0	1.0703242
90.0	1.0738427
100.0	1.0733565
110.0	1.0707629
120.0	1.0673902
130.0	1.063581
140.0	1.0597214
150.0	1.0560098
160.0	1.0524288
170.0	1.0490774
180.0	1.0459679
190.0	1.043053
200.0	1.0403416
210.0	1.0377953
220.0	1.0354654
230.0	1.0332842
240.0	1.0312522
250.0	1.0293491
260.0	1.0275617
270.0	1.0258754
280.0	1.0242803
290.0	1.0227639
300.0	1.0213221
310.0	1.0199336
320.0	1.0185841
330.0	1.017245
340.0	1.0158687
350.0	1.0139141
360.0	1.0118025
370.0	1.0100668
380.0	1.0086197
390.0	1.0073992
400.0	1.006344
410.0	1.0054305
420.0	1.0046243
430.0	1.0039167
440.0	1.0032783
450.0	1.0027106
460.0	1.0021891
470.0	1.0017183
480.0	1.0012965
490.0	1.0009033
500.0	1.0005501
510.0	1.0002227
520.0	0.9999176
530.0	0.9996383
540.0	0.9993794
550.0	0.9991398
560.0	0.9989159
570.0	0.9987091
580.0	0.9985121
590.0	0.9983305
600.0	0.9981626
610.0	0.9980021
620.0	0.997854
630.0	0.9977136
640.0	0.9975789
650.0	0.9974566
660.0	0.997341
670.0	0.9972268
680.0	0.9971239
690.0	0.9970265
700.0	0.9969311
710.0	0.9968439
720.0	0.9967608
730.0	0.9966824
740.0	0.9966026
750.0	0.9965353
760.0	0.9964665
770.0	0.9964038
780.0	0.996338
790.0	0.9962786
800.0	0.9962228
810.0	0.9961701
820.0	0.9961187
830.0	0.9960701
840.0	0.9960252
850.0	0.9959801
860.0	0.9959385
870.0	0.9958978
880.0	0.9958606
890.0	0.9958241
900.0	0.995789
910.0	0.995754
920.0	0.9957231
930.0	0.9956925
940.0	0.9956638
950.0	0.9956357
960.0	0.9956104
970.0	0.9955828
980.0	0.995555
990.0	0.9955343
1000.0	0.995511
1010.0	0.9954932
1020.0	0.9954691
1030.0	0.9954538
1040.0	0.9954347
1050.0	0.995416
1060.0	0.9953962
1070.0	0.9953815
1080.0	0.9953628
1090.0	0.9953467
1100.0	0.9953321
1110.0	0.9953179
1120.0	0.9953047
1130.0	0.9952911
1140.0	0.9952805
1150.0	0.995268
1160.0	0.995256
1170.0	0.9952444
1180.0	0.9952337
1190.0	0.9952241
1200.0	0.9952145
1210.0	0.9952053
1220.0	0.9951972
1230.0	0.9951892
1240.0	0.9951819
1250.0	0.9951742
1260.0	0.9951675
1270.0	0.9951575
1280.0	0.9951513
1290.0	0.9951482
1300.0	0.995141
1310.0	0.9951345
1320.0	0.9951275
1330.0	0.9951229
1340.0	0.9951154
1350.0	0.9951124
1360.0	0.9951086
1370.0	0.9951077
1380.0	0.9950983
1390.0	0.9951006
1400.0	0.9950908
1410.0	0.9950916
1420.0	0.9950834
1430.0	0.9950849
1440.0	0.9950816
1450.0	0.9950793
1460.0	0.9950771
1470.0	0.9950741
1480.0	0.9950689
1490.0	0.995068
1500.0	0.995066
1510.0	0.9950637
1520.0	0.9950625
1530.0	0.9950602
1540.0	0.9950596
1550.0	0.9950585
1560.0	0.9950573
1570.0	0.9950565
1580.0	0.9950536
1590.0	0.9950542
1600.0	0.9950524
1610.0	0.9950526
1620.0	0.9950521
1630.0	0.9950499
1640.0	0.9950516
1650.0	0.9950521
1660.0	0.9950527
1670.0	0.99505
1680.0	0.9950509
1690.0	0.995052
1700.0	0.9950495
1710.0	0.995055
1720.0	0.9950516
1730.0	0.9950516
1740.0	0.9950546
1750.0	0.9950523
1760.0	0.9950556
1770.0	0.9950557
1780.0	0.9950559
1790.0	0.9950604
1800.0	0.9950585
1810.0	0.9950595
1820.0	0.9950572
1830.0	0.9950624
1840.0	0.9950628
1850.0	0.9950636
1860.0	0.9950639
1870.0	0.9950704
1880.0	0.9950677
1890.0	0.9950699
1900.0	0.9950685
1910.0	0.9950711
1920.0	0.9950777
1930.0	0.9950682
1940.0	0.995077
1950.0	0.9950789
1960.0	0.9950812
1970.0	0.995082
1980.0	0.9950842
1990.0	0.995086
2000.0	0.9950867