-4.47214	-1.41421	-13.	400.	5.52676e-6
-2.98142	-1.41421	-13.	400.	6.00686e-6
-1.49071	-1.41421	-13.	400.	7.67681e-6
0	-1.41421	-13.	400.	0.0000332853
1.49071	-1.41421	-13.	400.	7.16989e-6
2.98142	-1.41421	-13.	400.	4.43024e-6
4.47214	-1.41421	-13.	400.	3.25262e-6
-4.47214	0	-13.	400.	0.000318769
-2.98142	0	-13.	400.	0.00605617
-1.49071	0	-13.	400.	0.784034
0	0	-13.	400.	11.0204
1.49071	0	-13.	400.	0.754827
2.98142	0	-13.	400.	0.00501268
4.47214	0	-13.	400.	0.000212012
-4.47214	1.41421	-13.	400.	0.000336417
-2.98142	1.41421	-13.	400.	0.000597552
-1.49071	1.41421	-13.	400.	0.000693668
0	1.41421	-13.	400.	0.000721019
1.49071	1.41421	-13.	400.	0.00067724
2.98142	1.41421	-13.	400.	0.000543097
4.47214	1.41421	-13.	400.	0.000273598
-4.47214	-1.41421	-8.66667	400.	3.18019e-6
-2.98142	-1.41421	-8.66667	400.	3.24545e-6
-1.49071	-1.41421	-8.66667	400.	3.71505e-6
0	-1.41421	-8.66667	400.	0.0000309265
1.49071	-1.41421	-8.66667	400.	3.5945e-6
2.98142	-1.41421	-8.66667	400.	2.91866e-6
4.47214	-1.41421	-8.66667	400.	2.68585e-6
-4.47214	0	-8.66667	400.	0.0000851907
-2.98142	0	-8.66667	400.	0.00135139
-1.49071	0	-8.66667	400.	0.216537
0	0	-8.66667	400.	11.0301
1.49071	0	-8.66667	400.	0.202724
2.98142	0	-8.66667	400.	0.00101177
4.47214	0	-8.66667	400.	0.0000491823
-4.47214	1.41421	-8.66667	400.	0.000160994
-2.98142	1.41421	-8.66667	400.	0.00027692
-1.49071	1.41421	-8.66667	400.	0.000317971
0	1.41421	-8.66667	400.	0.000344454
1.49071	1.41421	-8.66667	400.	0.000309415
2.98142	1.41421	-8.66667	400.	0.000247852
4.47214	1.41421	-8.66667	400.	0.000126828
-4.47214	-1.41421	-4.33333	400.	5.72245e-6
-2.98142	-1.41421	-4.33333	400.	7.90396e-6
-1.49071	-1.41421	-4.33333	400.	9.04781e-6
0	-1.41421	-4.33333	400.	0.0000369797
1.49071	-1.41421	-4.33333	400.	9.35689e-6
2.98142	-1.41421	-4.33333	400.	8.82666e-6
4.47214	-1.41421	-4.33333	400.	6.98616e-6
-4.47214	0	-4.33333	400.	0.0000143399
-2.98142	0	-4.33333	400.	0.000122696
-1.49071	0	-4.33333	400.	0.0177792
0	0	-4.33333	400.	11.0198
1.49071	0	-4.33333	400.	0.0153762
2.98142	0	-4.33333	400.	0.0000739897
4.47214	0	-4.33333	400.	7.20362e-6
-4.47214	1.41421	-4.33333	400.	0.0000669308
-2.98142	1.41421	-4.33333	400.	0.00010915
-1.49071	1.41421	-4.33333	400.	0.000123195
0	1.41421	-4.33333	400.	0.000150338
1.49071	1.41421	-4.33333	400.	0.000119194
2.98142	1.41421	-4.33333	400.	0.0000958309
4.47214	1.41421	-4.33333	400.	0.0000507224
-4.47214	-1.41421	-1.e-9	400.	0.0000174195
-2.98142	-1.41421	-1.e-9	400.	0.0000299569
-1.49071	-1.41421	-1.e-9	400.	0.000036568
0	-1.41421	-1.e-9	400.	0.0000376922
1.49071	-1.41421	-1.e-9	400.	0.000037936
2.98142	-1.41421	-1.e-9	400.	0.0000347252
4.47214	-1.41421	-1.e-9	400.	0.0000233164
-4.47214	0	-1.e-9	400.	2.5859e-6
-2.98142	0	-1.e-9	400.	2.59285e-6
-1.49071	0	-1.e-9	400.	2.5829e-6
0	0	-1.e-9	400.	2.54303e-9
1.49071	0	-1.e-9	400.	2.58147e-6
2.98142	0	-1.e-9	400.	2.59134e-6
4.47214	0	-1.e-9	400.	2.59236e-6
-4.47214	1.41421	-1.e-9	400.	0.000023374
-2.98142	1.41421	-1.e-9	400.	0.0000346224
-1.49071	1.41421	-1.e-9	400.	0.0000380421
0	1.41421	-1.e-9	400.	0.0000377475
1.49071	1.41421	-1.e-9	400.	0.0000365826
2.98142	1.41421	-1.e-9	400.	0.0000299735
4.47214	1.41421	-1.e-9	400.	0.0000173405
-4.47214	-1.41421	4.33333	400.	0.000050585
-2.98142	-1.41421	4.33333	400.	0.0000958876
-1.49071	-1.41421	4.33333	400.	0.000119065
0	-1.41421	4.33333	400.	0.000150116
1.49071	-1.41421	4.33333	400.	0.000123189
2.98142	-1.41421	4.33333	400.	0.000108979
4.47214	-1.41421	4.33333	400.	0.0000669069
-4.47214	0	4.33333	400.	7.17257e-6
-2.98142	0	4.33333	400.	0.0000739784
-1.49071	0	4.33333	400.	0.0153649
0	0	4.33333	400.	11.024
1.49071	0	4.33333	400.	0.0177072
2.98142	0	4.33333	400.	0.000123017
4.47214	0	4.33333	400.	0.0000143559
-4.47214	1.41421	4.33333	400.	7.00449e-6
-2.98142	1.41421	4.33333	400.	8.80021e-6
-1.49071	1.41421	4.33333	400.	9.34185e-6
0	1.41421	4.33333	400.	0.0000370104
1.49071	1.41421	4.33333	400.	9.01014e-6
2.98142	1.41421	4.33333	400.	7.90389e-6
4.47214	1.41421	4.33333	400.	5.71498e-6
-4.47214	-1.41421	8.66667	400.	0.000126174
-2.98142	-1.41421	8.66667	400.	0.000247988
-1.49071	-1.41421	8.66667	400.	0.000309389
0	-1.41421	8.66667	400.	0.000344904
1.49071	-1.41421	8.66667	400.	0.000317351
2.98142	-1.41421	8.66667	400.	0.000275917
4.47214	-1.41421	8.66667	400.	0.000161395
-4.47214	0	8.66667	400.	0.0000491891
-2.98142	0	8.66667	400.	0.0010158
-1.49071	0	8.66667	400.	0.202041
0	0	8.66667	400.	11.0107
1.49071	0	8.66667	400.	0.215958
2.98142	0	8.66667	400.	0.00135112
4.47214	0	8.66667	400.	0.0000850585
-4.47214	1.41421	8.66667	400.	2.69499e-6
-2.98142	1.41421	8.66667	400.	2.91781e-6
-1.49071	1.41421	8.66667	400.	3.59137e-6
0	1.41421	8.66667	400.	0.0000308641
1.49071	1.41421	8.66667	400.	3.7159e-6
2.98142	1.41421	8.66667	400.	3.23676e-6
4.47214	1.41421	8.66667	400.	3.19272e-6
-4.47214	-1.41421	13.	400.	0.000272583
-2.98142	-1.41421	13.	400.	0.000543707
-1.49071	-1.41421	13.	400.	0.000678503
0	-1.41421	13.	400.	0.00071958
1.49071	-1.41421	13.	400.	0.000694675
2.98142	-1.41421	13.	400.	0.000596416
4.47214	-1.41421	13.	400.	0.00033688
-4.47214	0	13.	400.	0.000212515
-2.98142	0	13.	400.	0.00498798
-1.49071	0	13.	400.	0.754597
0	0	13.	400.	11.0174
1.49071	0	13.	400.	0.782683
2.98142	0	13.	400.	0.00604664
4.47214	0	13.	400.	0.000318827
-4.47214	1.41421	13.	400.	3.25354e-6
-2.98142	1.41421	13.	400.	4.40682e-6
-1.49071	1.41421	13.	400.	7.15361e-6
0	1.41421	13.	400.	0.0000332443
1.49071	1.41421	13.	400.	7.66521e-6
2.98142	1.41421	13.	400.	5.97248e-6
4.47214	1.41421	13.	400.	5.53079e-6
-4.47214	-1.41421	-13.	500.	2.96458e-6
-2.98142	-1.41421	-13.	500.	3.20549e-6
-1.49071	-1.41421	-13.	500.	4.09326e-6
0	-1.41421	-13.	500.	0.0000184459
1.49071	-1.41421	-13.	500.	3.82576e-6
2.98142	-1.41421	-13.	500.	2.37475e-6
4.47214	-1.41421	-13.	500.	1.75864e-6
-4.47214	0	-13.	500.	0.000169246
-2.98142	0	-13.	500.	0.00320753
-1.49071	0	-13.	500.	0.41735
0	0	-13.	500.	6.15225
1.49071	0	-13.	500.	0.401722
2.98142	0	-13.	500.	0.00265375
4.47214	0	-13.	500.	0.00011257
-4.47214	1.41421	-13.	500.	0.000175108
-2.98142	1.41421	-13.	500.	0.000310583
-1.49071	1.41421	-13.	500.	0.000360461
0	1.41421	-13.	500.	0.000375718
1.49071	1.41421	-13.	500.	0.000351933
2.98142	1.41421	-13.	500.	0.000282316
4.47214	1.41421	-13.	500.	0.000142469
-4.47214	-1.41421	-8.66667	500.	1.73519e-6
-2.98142	-1.41421	-8.66667	500.	1.76267e-6
-1.49071	-1.41421	-8.66667	500.	2.00924e-6
0	-1.41421	-8.66667	500.	0.0000172171
1.49071	-1.41421	-8.66667	500.	1.94375e-6
2.98142	-1.41421	-8.66667	500.	1.5846e-6
4.47214	-1.41421	-8.66667	500.	1.46172e-6
-4.47214	0	-8.66667	500.	0.0000453838
-2.98142	0	-8.66667	500.	0.000716249
-1.49071	0	-8.66667	500.	0.114893
0	0	-8.66667	500.	6.15854
1.49071	0	-8.66667	500.	0.107546
2.98142	0	-8.66667	500.	0.00053611
4.47214	0	-8.66667	500.	0.0000262302
-4.47214	1.41421	-8.66667	500.	0.0000838709
-2.98142	1.41421	-8.66667	500.	0.000144019
-1.49071	1.41421	-8.66667	500.	0.000165316
0	1.41421	-8.66667	500.	0.000180146
1.49071	1.41421	-8.66667	500.	0.000160873
2.98142	1.41421	-8.66667	500.	0.000128931
4.47214	1.41421	-8.66667	500.	0.0000661246
-4.47214	-1.41421	-4.33333	500.	3.06426e-6
-2.98142	-1.41421	-4.33333	500.	4.19281e-6
-1.49071	-1.41421	-4.33333	500.	4.78405e-6
0	-1.41421	-4.33333	500.	0.0000203692
1.49071	-1.41421	-4.33333	500.	4.94348e-6
2.98142	-1.41421	-4.33333	500.	4.66625e-6
4.47214	-1.41421	-4.33333	500.	3.70946e-6
-4.47214	0	-4.33333	500.	7.72732e-6
-2.98142	0	-4.33333	500.	0.0000652932
-1.49071	0	-4.33333	500.	0.00941587
0	0	-4.33333	500.	6.15182
1.49071	0	-4.33333	500.	0.00814187
2.98142	0	-4.33333	500.	0.0000393942
4.47214	0	-4.33333	500.	3.90951e-6
-4.47214	1.41421	-4.33333	500.	0.0000349335
-2.98142	1.41421	-4.33333	500.	0.0000568398
-1.49071	1.41421	-4.33333	500.	0.0000641253
0	1.41421	-4.33333	500.	0.0000793018
1.49071	1.41421	-4.33333	500.	0.0000620492
2.98142	1.41421	-4.33333	500.	0.0000499274
4.47214	1.41421	-4.33333	500.	0.0000265177
-4.47214	-1.41421	-1.e-9	500.	9.16861e-6
-2.98142	-1.41421	-1.e-9	500.	0.0000156741
-1.49071	-1.41421	-1.e-9	500.	0.0000191034
0	-1.41421	-1.e-9	500.	0.0000196865
1.49071	-1.41421	-1.e-9	500.	0.0000198124
2.98142	-1.41421	-1.e-9	500.	0.0000181456
4.47214	-1.41421	-1.e-9	500.	0.0000122245
-4.47214	0	-1.e-9	500.	1.43836e-6
-2.98142	0	-1.e-9	500.	1.44197e-6
-1.49071	0	-1.e-9	500.	1.4373e-6
0	0	-1.e-9	500.	1.41965e-9
1.49071	0	-1.e-9	500.	1.43631e-6
2.98142	0	-1.e-9	500.	1.44135e-6
4.47214	0	-1.e-9	500.	1.44198e-6
-4.47214	1.41421	-1.e-9	500.	0.0000122548
-2.98142	1.41421	-1.e-9	500.	0.0000180926
-1.49071	1.41421	-1.e-9	500.	0.0000198673
0	1.41421	-1.e-9	500.	0.0000197146
1.49071	1.41421	-1.e-9	500.	0.0000191107
2.98142	1.41421	-1.e-9	500.	0.0000156826
4.47214	1.41421	-1.e-9	500.	9.12774e-6
-4.47214	-1.41421	4.33333	500.	0.0000264464
-2.98142	-1.41421	4.33333	500.	0.0000499564
-1.49071	-1.41421	4.33333	500.	0.0000619821
0	-1.41421	4.33333	500.	0.0000791891
1.49071	-1.41421	4.33333	500.	0.0000641216
2.98142	-1.41421	4.33333	500.	0.0000567517
4.47214	-1.41421	4.33333	500.	0.000034922
-4.47214	0	4.33333	500.	3.89311e-6
-2.98142	0	4.33333	500.	0.0000393897
-1.49071	0	4.33333	500.	0.00813535
0	0	4.33333	500.	6.15486
1.49071	0	4.33333	500.	0.00937918
2.98142	0	4.33333	500.	0.000065464
4.47214	0	4.33333	500.	7.73535e-6
-4.47214	1.41421	4.33333	500.	3.71921e-6
-2.98142	1.41421	4.33333	500.	4.65247e-6
-1.49071	1.41421	4.33333	500.	4.93561e-6
0	1.41421	4.33333	500.	0.0000203878
1.49071	1.41421	4.33333	500.	4.76514e-6
2.98142	1.41421	4.33333	500.	4.19264e-6
4.47214	1.41421	4.33333	500.	3.06074e-6
-4.47214	-1.41421	8.66667	500.	0.0000657852
-2.98142	-1.41421	8.66667	500.	0.000128999
-1.49071	-1.41421	8.66667	500.	0.00016086
0	-1.41421	8.66667	500.	0.000180371
1.49071	-1.41421	8.66667	500.	0.000164994
2.98142	-1.41421	8.66667	500.	0.000143496
4.47214	-1.41421	8.66667	500.	0.0000840807
-4.47214	0	8.66667	500.	0.0000262332
-2.98142	0	8.66667	500.	0.000538192
-1.49071	0	8.66667	500.	0.107193
0	0	8.66667	500.	6.14571
1.49071	0	8.66667	500.	0.114595
2.98142	0	8.66667	500.	0.000716091
4.47214	0	8.66667	500.	0.0000453139
-4.47214	1.41421	8.66667	500.	1.46637e-6
-2.98142	1.41421	8.66667	500.	1.58439e-6
-1.49071	1.41421	8.66667	500.	1.94225e-6
0	1.41421	8.66667	500.	0.000017178
1.49071	1.41421	8.66667	500.	2.00966e-6
2.98142	1.41421	8.66667	500.	1.75794e-6
4.47214	1.41421	8.66667	500.	1.74187e-6
-4.47214	-1.41421	13.	500.	0.000141944
-2.98142	-1.41421	13.	500.	0.00028263
-1.49071	-1.41421	13.	500.	0.000352589
0	-1.41421	13.	500.	0.000374966
1.49071	-1.41421	13.	500.	0.000360984
2.98142	-1.41421	13.	500.	0.000309995
4.47214	-1.41421	13.	500.	0.000175348
-4.47214	0	13.	500.	0.000112823
-2.98142	0	13.	500.	0.00264093
-1.49071	0	13.	500.	0.40161
0	0	13.	500.	6.14892
1.49071	0	13.	500.	0.416652
2.98142	0	13.	500.	0.00320289
4.47214	0	13.	500.	0.000169273
-4.47214	1.41421	13.	500.	1.75897e-6
-2.98142	1.41421	13.	500.	2.36235e-6
-1.49071	1.41421	13.	500.	3.81723e-6
0	1.41421	13.	500.	0.0000184203
1.49071	1.41421	13.	500.	4.08703e-6
2.98142	1.41421	13.	500.	3.18756e-6
4.47214	1.41421	13.	500.	2.96649e-6
-4.47214	-1.41421	-13.	600.	4.02399e-7
-2.98142	-1.41421	-13.	600.	4.04124e-7
-1.49071	-1.41421	-13.	600.	5.09704e-7
0	-1.41421	-13.	600.	3.60655e-6
1.49071	-1.41421	-13.	600.	4.8162e-7
2.98142	-1.41421	-13.	600.	3.19267e-7
4.47214	-1.41421	-13.	600.	2.64661e-7
-4.47214	0	-13.	600.	0.0000197226
-2.98142	0	-13.	600.	0.000358899
-1.49071	0	-13.	600.	0.0506653
0	0	-13.	600.	1.28407
1.49071	0	-13.	600.	0.0486164
2.98142	0	-13.	600.	0.000294818
4.47214	0	-13.	600.	0.000013129
-4.47214	1.41421	-13.	600.	0.0000137989
-2.98142	1.41421	-13.	600.	0.0000236144
-1.49071	1.41421	-13.	600.	0.0000272542
0	1.41421	-13.	600.	0.0000304178
1.49071	1.41421	-13.	600.	0.0000266258
2.98142	1.41421	-13.	600.	0.0000215358
4.47214	1.41421	-13.	600.	0.0000113395
-4.47214	-1.41421	-8.66667	600.	2.90187e-7
-2.98142	-1.41421	-8.66667	600.	2.7988e-7
-1.49071	-1.41421	-8.66667	600.	3.03423e-7
0	-1.41421	-8.66667	600.	3.50756e-6
1.49071	-1.41421	-8.66667	600.	2.92988e-7
2.98142	-1.41421	-8.66667	600.	2.50546e-7
4.47214	-1.41421	-8.66667	600.	2.37588e-7
-4.47214	0	-8.66667	600.	5.57698e-6
-2.98142	0	-8.66667	600.	0.0000811125
-1.49071	0	-8.66667	600.	0.0132488
0	0	-8.66667	600.	1.28697
1.49071	0	-8.66667	600.	0.0123684
2.98142	0	-8.66667	600.	0.0000604541
4.47214	0	-8.66667	600.	3.27806e-6
-4.47214	1.41421	-8.66667	600.	6.7482e-6
-2.98142	1.41421	-8.66667	600.	0.0000111179
-1.49071	1.41421	-8.66667	600.	0.0000126617
0	1.41421	-8.66667	600.	0.0000158381
1.49071	1.41421	-8.66667	600.	0.0000123313
2.98142	1.41421	-8.66667	600.	0.00001001
4.47214	1.41421	-8.66667	600.	5.42097e-6
-4.47214	-1.41421	-4.33333	600.	4.0607e-7
-2.98142	-1.41421	-4.33333	600.	4.81659e-7
-1.49071	-1.41421	-4.33333	600.	5.20301e-7
0	-1.41421	-4.33333	600.	3.75867e-6
1.49071	-1.41421	-4.33333	600.	5.30068e-7
2.98142	-1.41421	-4.33333	600.	5.05832e-7
4.47214	-1.41421	-4.33333	600.	4.32764e-7
-4.47214	0	-4.33333	600.	1.11472e-6
-2.98142	0	-4.33333	600.	7.89052e-6
-1.49071	0	-4.33333	600.	0.00105255
0	0	-4.33333	600.	1.28384
1.49071	0	-4.33333	600.	0.000907586
2.98142	0	-4.33333	600.	4.79862e-6
4.47214	0	-4.33333	600.	6.15396e-7
-4.47214	1.41421	-4.33333	600.	2.93612e-6
-2.98142	1.41421	-4.33333	600.	4.52907e-6
-1.49071	1.41421	-4.33333	600.	5.05581e-6
0	1.41421	-4.33333	600.	8.26532e-6
1.49071	1.41421	-4.33333	600.	4.9046e-6
2.98142	1.41421	-4.33333	600.	4.02398e-6
4.47214	1.41421	-4.33333	600.	2.31306e-6
-4.47214	-1.41421	-1.e-9	600.	9.17704e-7
-2.98142	-1.41421	-1.e-9	600.	1.39124e-6
-1.49071	-1.41421	-1.e-9	600.	1.63887e-6
0	-1.41421	-1.e-9	600.	1.68076e-6
1.49071	-1.41421	-1.e-9	600.	1.68873e-6
2.98142	-1.41421	-1.e-9	600.	1.56609e-6
4.47214	-1.41421	-1.e-9	600.	1.13249e-6
-4.47214	0	-1.e-9	600.	2.90825e-7
-2.98142	0	-1.e-9	600.	2.91094e-7
-1.49071	0	-1.e-9	600.	2.91706e-7
0	0	-1.e-9	600.	2.9627e-10
1.49071	0	-1.e-9	600.	2.91142e-7
2.98142	0	-1.e-9	600.	2.91366e-7
4.47214	0	-1.e-9	600.	2.91602e-7
-4.47214	1.41421	-1.e-9	600.	1.13557e-6
-2.98142	1.41421	-1.e-9	600.	1.56283e-6
-1.49071	1.41421	-1.e-9	600.	1.69243e-6
0	1.41421	-1.e-9	600.	1.6816e-6
1.49071	1.41421	-1.e-9	600.	1.63889e-6
2.98142	1.41421	-1.e-9	600.	1.39165e-6
4.47214	1.41421	-1.e-9	600.	9.14986e-7
-4.47214	-1.41421	4.33333	600.	2.30784e-6
-2.98142	-1.41421	4.33333	600.	4.02512e-6
-1.49071	-1.41421	4.33333	600.	4.89911e-6
0	-1.41421	4.33333	600.	8.26213e-6
1.49071	-1.41421	4.33333	600.	5.05387e-6
2.98142	-1.41421	4.33333	600.	4.52424e-6
4.47214	-1.41421	4.33333	600.	2.93712e-6
-4.47214	0	4.33333	600.	6.13648e-7
-2.98142	0	4.33333	600.	4.80094e-6
-1.49071	0	4.33333	600.	0.0009058
0	0	4.33333	600.	1.2857
1.49071	0	4.33333	600.	0.00105114
2.98142	0	4.33333	600.	7.91057e-6
4.47214	0	4.33333	600.	1.11476e-6
-4.47214	1.41421	4.33333	600.	4.33926e-7
-2.98142	1.41421	4.33333	600.	5.04741e-7
-1.49071	1.41421	4.33333	600.	5.29376e-7
0	1.41421	4.33333	600.	3.76528e-6
1.49071	1.41421	4.33333	600.	5.20139e-7
2.98142	1.41421	4.33333	600.	4.81387e-7
4.47214	1.41421	4.33333	600.	4.06507e-7
-4.47214	-1.41421	8.66667	600.	5.39647e-6
-2.98142	-1.41421	8.66667	600.	0.0000100097
-1.49071	-1.41421	8.66667	600.	0.0000123316
0	-1.41421	8.66667	600.	0.0000158377
1.49071	-1.41421	8.66667	600.	0.0000126361
2.98142	-1.41421	8.66667	600.	0.0000110758
4.47214	-1.41421	8.66667	600.	6.76692e-6
-4.47214	0	8.66667	600.	3.27721e-6
-2.98142	0	8.66667	600.	0.0000605841
-1.49071	0	8.66667	600.	0.0123452
0	0	8.66667	600.	1.28078
1.49071	0	8.66667	600.	0.0132315
2.98142	0	8.66667	600.	0.0000810565
4.47214	0	8.66667	600.	5.56937e-6
-4.47214	1.41421	8.66667	600.	2.3775e-7
-2.98142	1.41421	8.66667	600.	2.50964e-7
-1.49071	1.41421	8.66667	600.	2.93124e-7
0	1.41421	8.66667	600.	3.49184e-6
1.49071	1.41421	8.66667	600.	3.03419e-7
2.98142	1.41421	8.66667	600.	2.79121e-7
4.47214	1.41421	8.66667	600.	2.91012e-7
-4.47214	-1.41421	13.	600.	0.0000113052
-2.98142	-1.41421	13.	600.	0.000021554
-1.49071	-1.41421	13.	600.	0.0000266749
0	-1.41421	13.	600.	0.0000303518
1.49071	-1.41421	13.	600.	0.0000272934
2.98142	-1.41421	13.	600.	0.0000235738
4.47214	-1.41421	13.	600.	0.0000138163
-4.47214	0	13.	600.	0.0000131312
-2.98142	0	13.	600.	0.000293891
-1.49071	0	13.	600.	0.0486226
0	0	13.	600.	1.28046
1.49071	0	13.	600.	0.0506212
2.98142	0	13.	600.	0.000359134
4.47214	0	13.	600.	0.0000197195
-4.47214	1.41421	13.	600.	2.64394e-7
-2.98142	1.41421	13.	600.	3.17885e-7
-1.49071	1.41421	13.	600.	4.80843e-7
0	1.41421	13.	600.	3.59637e-6
1.49071	1.41421	13.	600.	5.08845e-7
2.98142	1.41421	13.	600.	4.02651e-7
4.47214	1.41421	13.	600.	4.02187e-7
-4.47214	-1.41421	-13.	700.	1.19475e-7
-2.98142	-1.41421	-13.	700.	1.09929e-7
-1.49071	-1.41421	-13.	700.	1.34389e-7
0	-1.41421	-13.	700.	1.45603e-6
1.49071	-1.41421	-13.	700.	1.29021e-7
2.98142	-1.41421	-13.	700.	9.43781e-8
4.47214	-1.41421	-13.	700.	8.78855e-8
-4.47214	0	-13.	700.	4.50326e-6
-2.98142	0	-13.	700.	0.0000759026
-1.49071	0	-13.	700.	0.012251
0	0	-13.	700.	0.537735
1.49071	0	-13.	700.	0.0116974
2.98142	0	-13.	700.	0.0000615275
4.47214	0	-13.	700.	3.00312e-6
-4.47214	1.41421	-13.	700.	7.3551e-7
-2.98142	1.41421	-13.	700.	8.06852e-7
-1.49071	1.41421	-13.	700.	8.49176e-7
0	1.41421	-13.	700.	2.17203e-6
1.49071	1.41421	-13.	700.	8.38575e-7
2.98142	1.41421	-13.	700.	7.74745e-7
4.47214	1.41421	-13.	700.	6.65014e-7
-4.47214	-1.41421	-8.66667	700.	1.03864e-7
-2.98142	-1.41421	-8.66667	700.	9.60959e-8
-1.49071	-1.41421	-8.66667	700.	9.93241e-8
0	-1.41421	-8.66667	700.	1.44863e-6
1.49071	-1.41421	-8.66667	700.	9.58642e-8
2.98142	-1.41421	-8.66667	700.	8.5849e-8
4.47214	-1.41421	-8.66667	700.	8.32535e-8
-4.47214	0	-8.66667	700.	1.39119e-6
-2.98142	0	-8.66667	700.	0.0000175666
-1.49071	0	-8.66667	700.	0.00294963
0	0	-8.66667	700.	0.539381
1.49071	0	-8.66667	700.	0.00274047
2.98142	0	-8.66667	700.	0.0000129896
4.47214	0	-8.66667	700.	8.4011e-7
-4.47214	1.41421	-8.66667	700.	4.35468e-7
-2.98142	1.41421	-8.66667	700.	4.73643e-7
-1.49071	1.41421	-8.66667	700.	4.85639e-7
0	1.41421	-8.66667	700.	1.83474e-6
1.49071	1.41421	-8.66667	700.	4.78603e-7
2.98142	1.41421	-8.66667	700.	4.57549e-7
4.47214	1.41421	-8.66667	700.	4.03148e-7
-4.47214	-1.41421	-4.33333	700.	1.14876e-7
-2.98142	-1.41421	-4.33333	700.	1.11215e-7
-1.49071	-1.41421	-4.33333	700.	1.08878e-7
0	-1.41421	-4.33333	700.	1.46159e-6
1.49071	-1.41421	-4.33333	700.	1.07785e-7
2.98142	-1.41421	-4.33333	700.	1.05063e-7
4.47214	-1.41421	-4.33333	700.	1.02389e-7
-4.47214	0	-4.33333	700.	3.43803e-7
-2.98142	0	-4.33333	700.	1.91603e-6
-1.49071	0	-4.33333	700.	0.000222055
0	0	-4.33333	700.	0.537516
1.49071	0	-4.33333	700.	0.000190348
2.98142	0	-4.33333	700.	1.182e-6
4.47214	0	-4.33333	700.	2.07942e-7
-4.47214	1.41421	-4.33333	700.	2.56878e-7
-2.98142	1.41421	-4.33333	700.	2.71557e-7
-1.49071	1.41421	-4.33333	700.	2.74886e-7
0	1.41421	-4.33333	700.	1.62799e-6
1.49071	1.41421	-4.33333	700.	2.73482e-7
2.98142	1.41421	-4.33333	700.	2.65946e-7
4.47214	1.41421	-4.33333	700.	2.45743e-7
-4.47214	-1.41421	-1.e-9	700.	1.57387e-7
-2.98142	-1.41421	-1.e-9	700.	1.61377e-7
-1.49071	-1.41421	-1.e-9	700.	1.62436e-7
0	-1.41421	-1.e-9	700.	1.62539e-7
1.49071	-1.41421	-1.e-9	700.	1.61933e-7
2.98142	-1.41421	-1.e-9	700.	1.5981e-7
4.47214	-1.41421	-1.e-9	700.	1.54196e-7
-4.47214	0	-1.e-9	700.	1.19457e-7
-2.98142	0	-1.e-9	700.	1.19407e-7
-1.49071	0	-1.e-9	700.	1.20054e-7
0	0	-1.e-9	700.	1.24042e-10
1.49071	0	-1.e-9	700.	1.19766e-7
2.98142	0	-1.e-9	700.	1.19693e-7
4.47214	0	-1.e-9	700.	1.19753e-7
-4.47214	1.41421	-1.e-9	700.	1.54668e-7
-2.98142	1.41421	-1.e-9	700.	1.60126e-7
-1.49071	1.41421	-1.e-9	700.	1.61765e-7
0	1.41421	-1.e-9	700.	1.61893e-7
1.49071	1.41421	-1.e-9	700.	1.62196e-7
2.98142	1.41421	-1.e-9	700.	1.61328e-7
4.47214	1.41421	-1.e-9	700.	1.57515e-7
-4.47214	-1.41421	4.33333	700.	2.45657e-7
-2.98142	-1.41421	4.33333	700.	2.65401e-7
-1.49071	-1.41421	4.33333	700.	2.73112e-7
0	-1.41421	4.33333	700.	1.63025e-6
1.49071	-1.41421	4.33333	700.	2.73928e-7
2.98142	-1.41421	4.33333	700.	2.7232e-7
4.47214	-1.41421	4.33333	700.	2.57939e-7
-4.47214	0	4.33333	700.	2.07605e-7
-2.98142	0	4.33333	700.	1.1834e-6
-1.49071	0	4.33333	700.	0.000189605
0	0	4.33333	700.	0.538245
1.49071	0	4.33333	700.	0.000222737
2.98142	0	4.33333	700.	1.92018e-6
4.47214	0	4.33333	700.	3.43486e-7
-4.47214	1.41421	4.33333	700.	1.02627e-7
-2.98142	1.41421	4.33333	700.	1.05009e-7
-1.49071	1.41421	4.33333	700.	1.07677e-7
0	1.41421	4.33333	700.	1.4641e-6
1.49071	1.41421	4.33333	700.	1.09517e-7
2.98142	1.41421	4.33333	700.	1.11079e-7
4.47214	1.41421	4.33333	700.	1.1521e-7
-4.47214	-1.41421	8.66667	700.	4.03091e-7
-2.98142	-1.41421	8.66667	700.	4.54803e-7
-1.49071	-1.41421	8.66667	700.	4.79257e-7
0	-1.41421	8.66667	700.	1.82491e-6
1.49071	-1.41421	8.66667	700.	4.84253e-7
2.98142	-1.41421	8.66667	700.	4.70958e-7
4.47214	-1.41421	8.66667	700.	4.37525e-7
-4.47214	0	8.66667	700.	8.39728e-7
-2.98142	0	8.66667	700.	0.0000129802
-1.49071	0	8.66667	700.	0.00274084
0	0	8.66667	700.	0.536198
1.49071	0	8.66667	700.	0.00295235
2.98142	0	8.66667	700.	0.0000175373
4.47214	0	8.66667	700.	1.39003e-6
-4.47214	1.41421	8.66667	700.	8.31897e-8
-2.98142	1.41421	8.66667	700.	8.60877e-8
-1.49071	1.41421	8.66667	700.	9.59777e-8
0	1.41421	8.66667	700.	1.44087e-6
1.49071	1.41421	8.66667	700.	9.93332e-8
2.98142	1.41421	8.66667	700.	9.59119e-8
4.47214	1.41421	8.66667	700.	1.04038e-7
-4.47214	-1.41421	13.	700.	6.66913e-7
-2.98142	-1.41421	13.	700.	7.72263e-7
-1.49071	-1.41421	13.	700.	8.39729e-7
0	-1.41421	13.	700.	2.16485e-6
1.49071	-1.41421	13.	700.	8.50209e-7
2.98142	-1.41421	13.	700.	8.07651e-7
4.47214	-1.41421	13.	700.	7.35505e-7
-4.47214	0	13.	700.	2.99431e-6
-2.98142	0	13.	700.	0.0000615265
-1.49071	0	13.	700.	0.0117074
0	0	13.	700.	0.535677
1.49071	0	13.	700.	0.0122553
2.98142	0	13.	700.	0.0000762147
4.47214	0	13.	700.	4.49918e-6
-4.47214	1.41421	13.	700.	8.76936e-8
-2.98142	1.41421	13.	700.	9.40782e-8
-1.49071	1.41421	13.	700.	1.2885e-7
0	1.41421	13.	700.	1.45089e-6
1.49071	1.41421	13.	700.	1.34203e-7
2.98142	1.41421	13.	700.	1.09789e-7
4.47214	1.41421	13.	700.	1.19374e-7
-4.47214	-1.41421	-13.	800.	2.96181e-8
-2.98142	-1.41421	-13.	800.	2.7572e-8
-1.49071	-1.41421	-13.	800.	3.01837e-8
0	-1.41421	-13.	800.	3.97617e-7
1.49071	-1.41421	-13.	800.	2.92958e-8
2.98142	-1.41421	-13.	800.	2.44568e-8
4.47214	-1.41421	-13.	800.	2.30699e-8
-4.47214	0	-13.	800.	6.2532e-7
-2.98142	0	-13.	800.	9.3273e-6
-1.49071	0	-13.	800.	0.00160011
0	0	-13.	800.	0.147606
1.49071	0	-13.	800.	0.00151727
2.98142	0	-13.	800.	7.50421e-6
4.47214	0	-13.	800.	4.19716e-7
-4.47214	1.41421	-13.	800.	6.66017e-8
-2.98142	1.41421	-13.	800.	6.91037e-8
-1.49071	1.41421	-13.	800.	7.35253e-8
0	1.41421	-13.	800.	4.41132e-7
1.49071	1.41421	-13.	800.	7.27463e-8
2.98142	1.41421	-13.	800.	6.77906e-8
4.47214	1.41421	-13.	800.	6.35086e-8
-4.47214	-1.41421	-8.66667	800.	2.51018e-8
-2.98142	-1.41421	-8.66667	800.	2.30576e-8
-1.49071	-1.41421	-8.66667	800.	2.30091e-8
0	-1.41421	-8.66667	800.	3.9501e-7
1.49071	-1.41421	-8.66667	800.	2.24142e-8
2.98142	-1.41421	-8.66667	800.	2.08173e-8
4.47214	-1.41421	-8.66667	800.	2.02132e-8
-4.47214	0	-8.66667	800.	2.18011e-7
-2.98142	0	-8.66667	800.	2.25167e-6
-1.49071	0	-8.66667	800.	0.000363286
0	0	-8.66667	800.	0.148201
1.49071	0	-8.66667	800.	0.000335474
2.98142	0	-8.66667	800.	1.65157e-6
4.47214	0	-8.66667	800.	1.37931e-7
-4.47214	1.41421	-8.66667	800.	4.541e-8
-2.98142	1.41421	-8.66667	800.	4.65295e-8
-1.49071	1.41421	-8.66667	800.	4.75727e-8
0	1.41421	-8.66667	800.	4.20011e-7
1.49071	1.41421	-8.66667	800.	4.74916e-8
2.98142	1.41421	-8.66667	800.	4.61014e-8
4.47214	1.41421	-8.66667	800.	4.4761e-8
-4.47214	-1.41421	-4.33333	800.	2.41878e-8
-2.98142	-1.41421	-4.33333	800.	2.24833e-8
-1.49071	-1.41421	-4.33333	800.	2.18098e-8
0	-1.41421	-4.33333	800.	3.92654e-7
1.49071	-1.41421	-4.33333	800.	2.14197e-8
2.98142	-1.41421	-4.33333	800.	2.0826e-8
4.47214	-1.41421	-4.33333	800.	2.05902e-8
-4.47214	0	-4.33333	800.	6.94611e-8
-2.98142	0	-4.33333	800.	2.88954e-7
-1.49071	0	-4.33333	800.	0.0000269759
0	0	-4.33333	800.	0.147385
1.49071	0	-4.33333	800.	0.0000228039
2.98142	0	-4.33333	800.	1.84636e-7
4.47214	0	-4.33333	800.	4.66418e-8
-4.47214	1.41421	-4.33333	800.	3.19985e-8
-2.98142	1.41421	-4.33333	800.	3.2326e-8
-1.49071	1.41421	-4.33333	800.	3.26629e-8
0	1.41421	-4.33333	800.	4.03879e-7
1.49071	1.41421	-4.33333	800.	3.28805e-8
2.98142	1.41421	-4.33333	800.	3.29641e-8
4.47214	1.41421	-4.33333	800.	3.31076e-8
-4.47214	-1.41421	-1.e-9	800.	2.65798e-8
-2.98142	-1.41421	-1.e-9	800.	2.53978e-8
-1.49071	-1.41421	-1.e-9	800.	2.48858e-8
0	-1.41421	-1.e-9	800.	2.48724e-8
1.49071	-1.41421	-1.e-9	800.	2.47959e-8
2.98142	-1.41421	-1.e-9	800.	2.43403e-8
4.47214	-1.41421	-1.e-9	800.	2.42976e-8
-4.47214	0	-1.e-9	800.	3.2294e-8
-2.98142	0	-1.e-9	800.	3.21799e-8
-1.49071	0	-1.e-9	800.	3.24343e-8
0	0	-1.e-9	800.	3.40118e-11
1.49071	0	-1.e-9	800.	3.23995e-8
2.98142	0	-1.e-9	800.	3.24045e-8
4.47214	0	-1.e-9	800.	3.23148e-8
-4.47214	1.41421	-1.e-9	800.	2.42455e-8
-2.98142	1.41421	-1.e-9	800.	2.43939e-8
-1.49071	1.41421	-1.e-9	800.	2.47138e-8
0	1.41421	-1.e-9	800.	2.48644e-8
1.49071	1.41421	-1.e-9	800.	2.49515e-8
2.98142	1.41421	-1.e-9	800.	2.55185e-8
4.47214	1.41421	-1.e-9	800.	2.66107e-8
-4.47214	-1.41421	4.33333	800.	3.30643e-8
-2.98142	-1.41421	4.33333	800.	3.28892e-8
-1.49071	-1.41421	4.33333	800.	3.28981e-8
0	-1.41421	4.33333	800.	4.03055e-7
1.49071	-1.41421	4.33333	800.	3.25923e-8
2.98142	-1.41421	4.33333	800.	3.22414e-8
4.47214	-1.41421	4.33333	800.	3.21298e-8
-4.47214	0	4.33333	800.	4.66025e-8
-2.98142	0	4.33333	800.	1.84522e-7
-1.49071	0	4.33333	800.	0.0000227698
0	0	4.33333	800.	0.147027
1.49071	0	4.33333	800.	0.000027
2.98142	0	4.33333	800.	2.88641e-7
4.47214	0	4.33333	800.	6.94194e-8
-4.47214	1.41421	4.33333	800.	2.0556e-8
-2.98142	1.41421	4.33333	800.	2.0834e-8
-1.49071	1.41421	4.33333	800.	2.13464e-8
0	1.41421	4.33333	800.	3.91854e-7
1.49071	1.41421	4.33333	800.	2.17774e-8
2.98142	1.41421	4.33333	800.	2.24995e-8
4.47214	1.41421	4.33333	800.	2.40974e-8
-4.47214	-1.41421	8.66667	800.	4.49029e-8
-2.98142	-1.41421	8.66667	800.	4.62803e-8
-1.49071	-1.41421	8.66667	800.	4.75008e-8
0	-1.41421	8.66667	800.	4.18408e-7
1.49071	-1.41421	8.66667	800.	4.76231e-8
2.98142	-1.41421	8.66667	800.	4.63426e-8
4.47214	-1.41421	8.66667	800.	4.54334e-8
-4.47214	0	8.66667	800.	1.38336e-7
-2.98142	0	8.66667	800.	1.6537e-6
-1.49071	0	8.66667	800.	0.000333979
0	0	8.66667	800.	0.147637
1.49071	0	8.66667	800.	0.000364316
2.98142	0	8.66667	800.	2.2422e-6
4.47214	0	8.66667	800.	2.18592e-7
-4.47214	1.41421	8.66667	800.	2.02739e-8
-2.98142	1.41421	8.66667	800.	2.08183e-8
-1.49071	1.41421	8.66667	800.	2.23747e-8
0	1.41421	8.66667	800.	3.9372e-7
1.49071	1.41421	8.66667	800.	2.30649e-8
2.98142	1.41421	8.66667	800.	2.31528e-8
4.47214	1.41421	8.66667	800.	2.50685e-8
-4.47214	-1.41421	13.	800.	6.37858e-8
-2.98142	-1.41421	13.	800.	6.75879e-8
-1.49071	-1.41421	13.	800.	7.26101e-8
0	-1.41421	13.	800.	4.40169e-7
1.49071	-1.41421	13.	800.	7.36144e-8
2.98142	-1.41421	13.	800.	6.90575e-8
4.47214	-1.41421	13.	800.	6.63701e-8
-4.47214	0	13.	800.	4.19535e-7
-2.98142	0	13.	800.	7.51419e-6
-1.49071	0	13.	800.	0.00152176
0	0	13.	800.	0.147196
1.49071	0	13.	800.	0.00160237
2.98142	0	13.	800.	9.32777e-6
4.47214	0	13.	800.	6.22836e-7
-4.47214	1.41421	13.	800.	2.30053e-8
-2.98142	1.41421	13.	800.	2.44013e-8
-1.49071	1.41421	13.	800.	2.91364e-8
0	1.41421	13.	800.	3.96516e-7
1.49071	1.41421	13.	800.	3.02668e-8
2.98142	1.41421	13.	800.	2.75022e-8
4.47214	1.41421	13.	800.	2.97994e-8
-4.47214	-1.41421	-13.	900.	1.6106e-8
-2.98142	-1.41421	-13.	900.	1.49643e-8
-1.49071	-1.41421	-13.	900.	1.62412e-8
0	-1.41421	-13.	900.	2.23821e-7
1.49071	-1.41421	-13.	900.	1.57596e-8
2.98142	-1.41421	-13.	900.	1.33264e-8
4.47214	-1.41421	-13.	900.	1.26258e-8
-4.47214	0	-13.	900.	3.18458e-7
-2.98142	0	-13.	900.	4.6599e-6
-1.49071	0	-13.	900.	0.000800288
0	0	-13.	900.	0.0832826
1.49071	0	-13.	900.	0.00075825
2.98142	0	-13.	900.	3.74298e-6
4.47214	0	-13.	900.	2.14452e-7
-4.47214	1.41421	-13.	900.	3.30791e-8
-2.98142	1.41421	-13.	900.	3.41712e-8
-1.49071	1.41421	-13.	900.	3.63582e-8
0	1.41421	-13.	900.	2.44039e-7
1.49071	1.41421	-13.	900.	3.59958e-8
2.98142	1.41421	-13.	900.	3.35991e-8
4.47214	1.41421	-13.	900.	3.16984e-8
-4.47214	-1.41421	-8.66667	900.	1.36142e-8
-2.98142	-1.41421	-8.66667	900.	1.24952e-8
-1.49071	-1.41421	-8.66667	900.	1.24225e-8
0	-1.41421	-8.66667	900.	2.22168e-7
1.49071	-1.41421	-8.66667	900.	1.20952e-8
2.98142	-1.41421	-8.66667	900.	1.12857e-8
4.47214	-1.41421	-8.66667	900.	1.09933e-8
-4.47214	0	-8.66667	900.	1.13225e-7
-2.98142	0	-8.66667	900.	1.13159e-6
-1.49071	0	-8.66667	900.	0.000181051
0	0	-8.66667	900.	0.0835298
1.49071	0	-8.66667	900.	0.000167023
2.98142	0	-8.66667	900.	8.30678e-7
4.47214	0	-8.66667	900.	7.23211e-8
-4.47214	1.41421	-8.66667	900.	2.28662e-8
-2.98142	1.41421	-8.66667	900.	2.33181e-8
-1.49071	1.41421	-8.66667	900.	2.38334e-8
0	1.41421	-8.66667	900.	2.33819e-7
1.49071	1.41421	-8.66667	900.	2.38041e-8
2.98142	1.41421	-8.66667	900.	2.3189e-8
4.47214	1.41421	-8.66667	900.	2.26809e-8
-4.47214	-1.41421	-4.33333	900.	1.29592e-8
-2.98142	-1.41421	-4.33333	900.	1.20234e-8
-1.49071	-1.41421	-4.33333	900.	1.16347e-8
0	-1.41421	-4.33333	900.	2.20829e-7
1.49071	-1.41421	-4.33333	900.	1.14131e-8
2.98142	-1.41421	-4.33333	900.	1.11181e-8
4.47214	-1.41421	-4.33333	900.	1.10304e-8
-4.47214	0	-4.33333	900.	3.74586e-8
-2.98142	0	-4.33333	900.	1.49036e-7
-1.49071	0	-4.33333	900.	0.0000134348
0	0	-4.33333	900.	0.0831284
1.49071	0	-4.33333	900.	0.0000113459
2.98142	0	-4.33333	900.	9.59147e-8
4.47214	0	-4.33333	900.	2.55789e-8
-4.47214	1.41421	-4.33333	900.	1.64169e-8
-2.98142	1.41421	-4.33333	900.	1.65182e-8
-1.49071	1.41421	-4.33333	900.	1.66802e-8
0	1.41421	-4.33333	900.	2.26066e-7
1.49071	1.41421	-4.33333	900.	1.68022e-8
2.98142	1.41421	-4.33333	900.	1.68852e-8
4.47214	1.41421	-4.33333	900.	1.70914e-8
-4.47214	-1.41421	-1.e-9	900.	1.40094e-8
-2.98142	-1.41421	-1.e-9	900.	1.33059e-8
-1.49071	-1.41421	-1.e-9	900.	1.3012e-8
0	-1.41421	-1.e-9	900.	1.29928e-8
1.49071	-1.41421	-1.e-9	900.	1.29412e-8
2.98142	-1.41421	-1.e-9	900.	1.27227e-8
4.47214	-1.41421	-1.e-9	900.	1.27292e-8
-4.47214	0	-1.e-9	900.	1.8173e-8
-2.98142	0	-1.e-9	900.	1.812e-8
-1.49071	0	-1.e-9	900.	1.82359e-8
0	0	-1.e-9	900.	1.91835e-11
1.49071	0	-1.e-9	900.	1.82056e-8
2.98142	0	-1.e-9	900.	1.82135e-8
4.47214	0	-1.e-9	900.	1.81769e-8
-4.47214	1.41421	-1.e-9	900.	1.27083e-8
-2.98142	1.41421	-1.e-9	900.	1.27499e-8
-1.49071	1.41421	-1.e-9	900.	1.29123e-8
0	1.41421	-1.e-9	900.	1.29877e-8
1.49071	1.41421	-1.e-9	900.	1.3042e-8
2.98142	1.41421	-1.e-9	900.	1.33654e-8
4.47214	1.41421	-1.e-9	900.	1.402e-8
-4.47214	-1.41421	4.33333	900.	1.7063e-8
-2.98142	-1.41421	4.33333	900.	1.68349e-8
-1.49071	-1.41421	4.33333	900.	1.68023e-8
0	-1.41421	4.33333	900.	2.25743e-7
1.49071	-1.41421	4.33333	900.	1.66565e-8
2.98142	-1.41421	4.33333	900.	1.64897e-8
4.47214	-1.41421	4.33333	900.	1.64803e-8
-4.47214	0	4.33333	900.	2.55649e-8
-2.98142	0	4.33333	900.	9.59107e-8
-1.49071	0	4.33333	900.	0.0000113407
0	0	4.33333	900.	0.0829859
1.49071	0	4.33333	900.	0.0000134511
2.98142	0	4.33333	900.	1.48922e-7
4.47214	0	4.33333	900.	3.74444e-8
-4.47214	1.41421	4.33333	900.	1.10159e-8
-2.98142	1.41421	4.33333	900.	1.11301e-8
-1.49071	1.41421	4.33333	900.	1.13854e-8
0	1.41421	4.33333	900.	2.2052e-7
1.49071	1.41421	4.33333	900.	1.16234e-8
2.98142	1.41421	4.33333	900.	1.20329e-8
4.47214	1.41421	4.33333	900.	1.29281e-8
-4.47214	-1.41421	8.66667	900.	2.27402e-8
-2.98142	-1.41421	8.66667	900.	2.32596e-8
-1.49071	-1.41421	8.66667	900.	2.38084e-8
0	-1.41421	8.66667	900.	2.33107e-7
1.49071	-1.41421	8.66667	900.	2.38584e-8
2.98142	-1.41421	8.66667	900.	2.32387e-8
4.47214	-1.41421	8.66667	900.	2.28845e-8
-4.47214	0	8.66667	900.	7.24854e-8
-2.98142	0	8.66667	900.	8.31205e-7
-1.49071	0	8.66667	900.	0.000166302
0	0	8.66667	900.	0.0832797
1.49071	0	8.66667	900.	0.000181435
2.98142	0	8.66667	900.	1.12761e-6
4.47214	0	8.66667	900.	1.1348e-7
-4.47214	1.41421	8.66667	900.	1.10311e-8
-2.98142	1.41421	8.66667	900.	1.12968e-8
-1.49071	1.41421	8.66667	900.	1.2085e-8
0	1.41421	8.66667	900.	2.21597e-7
1.49071	1.41421	8.66667	900.	1.24433e-8
2.98142	1.41421	8.66667	900.	1.25292e-8
4.47214	1.41421	8.66667	900.	1.35941e-8
-4.47214	-1.41421	13.	900.	3.18122e-8
-2.98142	-1.41421	13.	900.	3.34934e-8
-1.49071	-1.41421	13.	900.	3.59524e-8
0	-1.41421	13.	900.	2.43587e-7
1.49071	-1.41421	13.	900.	3.63853e-8
2.98142	-1.41421	13.	900.	3.41638e-8
4.47214	-1.41421	13.	900.	3.29718e-8
-4.47214	0	13.	900.	2.14277e-7
-2.98142	0	13.	900.	3.74973e-6
-1.49071	0	13.	900.	0.00076021
0	0	13.	900.	0.0830905
1.49071	0	13.	900.	0.000801184
2.98142	0	13.	900.	4.6591e-6
4.47214	0	13.	900.	3.17465e-7
-4.47214	1.41421	13.	900.	1.25928e-8
-2.98142	1.41421	13.	900.	1.32862e-8
-1.49071	1.41421	13.	900.	1.56931e-8
0	1.41421	13.	900.	2.23305e-7
1.49071	1.41421	13.	900.	1.627e-8
2.98142	1.41421	13.	900.	1.49298e-8
4.47214	1.41421	13.	900.	1.61868e-8
-4.47214	-1.41421	-13.	1000.	5.11459e-9
-2.98142	-1.41421	-13.	1000.	4.71287e-9
-1.49071	-1.41421	-13.	1000.	4.93078e-9
0	-1.41421	-13.	1000.	8.12436e-8
1.49071	-1.41421	-13.	1000.	4.78064e-9
2.98142	-1.41421	-13.	1000.	4.26565e-9
4.47214	-1.41421	-13.	1000.	4.11447e-9
-4.47214	0	-13.	1000.	7.30736e-8
-2.98142	0	-13.	1000.	9.43963e-7
-1.49071	0	-13.	1000.	0.000163226
0	0	-13.	1000.	0.0304819
1.49071	0	-13.	1000.	0.000153818
2.98142	0	-13.	1000.	7.49779e-7
4.47214	0	-13.	1000.	5.01933e-8
-4.47214	1.41421	-13.	1000.	6.44196e-9
-2.98142	1.41421	-13.	1000.	6.44192e-9
-1.49071	1.41421	-13.	1000.	6.85348e-9
0	1.41421	-13.	1000.	8.32069e-8
1.49071	1.41421	-13.	1000.	6.81713e-9
2.98142	1.41421	-13.	1000.	6.44319e-9
4.47214	1.41421	-13.	1000.	6.39279e-9
-4.47214	-1.41421	-8.66667	1000.	4.27698e-9
-2.98142	-1.41421	-8.66667	1000.	3.91117e-9
-1.49071	-1.41421	-8.66667	1000.	3.82692e-9
0	-1.41421	-8.66667	1000.	8.04158e-8
1.49071	-1.41421	-8.66667	1000.	3.71935e-9
2.98142	-1.41421	-8.66667	1000.	3.53931e-9
4.47214	-1.41421	-8.66667	1000.	3.49407e-9
-4.47214	0	-8.66667	1000.	2.90427e-8
-2.98142	0	-8.66667	1000.	2.38708e-7
-1.49071	0	-8.66667	1000.	0.0000360309
0	0	-8.66667	1000.	0.0304621
1.49071	0	-8.66667	1000.	0.0000330075
2.98142	0	-8.66667	1000.	1.76147e-7
4.47214	0	-8.66667	1000.	1.94897e-8
-4.47214	1.41421	-8.66667	1000.	4.89488e-9
-2.98142	1.41421	-8.66667	1000.	4.83593e-9
-1.49071	1.41421	-8.66667	1000.	4.93077e-9
0	1.41421	-8.66667	1000.	8.15975e-8
1.49071	1.41421	-8.66667	1000.	4.94165e-9
2.98142	1.41421	-8.66667	1000.	4.92683e-9
4.47214	1.41421	-8.66667	1000.	5.05199e-9
-4.47214	-1.41421	-4.33333	1000.	3.86497e-9
-2.98142	-1.41421	-4.33333	1000.	3.55394e-9
-1.49071	-1.41421	-4.33333	1000.	3.40194e-9
0	-1.41421	-4.33333	1000.	7.99231e-8
1.49071	-1.41421	-4.33333	1000.	3.3203e-9
2.98142	-1.41421	-4.33333	1000.	3.26268e-9
4.47214	-1.41421	-4.33333	1000.	3.28759e-9
-4.47214	0	-4.33333	1000.	1.15094e-8
-2.98142	0	-4.33333	1000.	3.68219e-8
-1.49071	0	-4.33333	1000.	2.66203e-6
0	0	-4.33333	1000.	0.0303929
1.49071	0	-4.33333	1000.	2.2329e-6
2.98142	0	-4.33333	1000.	2.46418e-8
4.47214	0	-4.33333	1000.	8.42638e-9
-4.47214	1.41421	-4.33333	1000.	3.93878e-9
-2.98142	1.41421	-4.33333	1000.	3.87093e-9
-1.49071	1.41421	-4.33333	1000.	3.89485e-9
0	1.41421	-4.33333	1000.	8.04621e-8
1.49071	1.41421	-4.33333	1000.	3.93803e-9
2.98142	1.41421	-4.33333	1000.	4.01313e-9
4.47214	1.41421	-4.33333	1000.	4.24532e-9
-4.47214	-1.41421	-1.e-9	1000.	3.87225e-9
-2.98142	-1.41421	-1.e-9	1000.	3.57014e-9
-1.49071	-1.41421	-1.e-9	1000.	3.45664e-9
0	-1.41421	-1.e-9	1000.	3.43498e-9
1.49071	-1.41421	-1.e-9	1000.	3.40606e-9
2.98142	-1.41421	-1.e-9	1000.	3.37394e-9
4.47214	-1.41421	-1.e-9	1000.	3.41654e-9
-4.47214	0	-1.e-9	1000.	6.58952e-9
-2.98142	0	-1.e-9	1000.	6.58566e-9
-1.49071	0	-1.e-9	1000.	6.5927e-9
0	0	-1.e-9	1000.	7.01374e-12
1.49071	0	-1.e-9	1000.	6.56952e-9
2.98142	0	-1.e-9	1000.	6.57832e-9
4.47214	0	-1.e-9	1000.	6.58232e-9
-4.47214	1.41421	-1.e-9	1000.	3.41926e-9
-2.98142	1.41421	-1.e-9	1000.	3.38024e-9
-1.49071	1.41421	-1.e-9	1000.	3.41624e-9
0	1.41421	-1.e-9	1000.	3.43263e-9
1.49071	1.41421	-1.e-9	1000.	3.45828e-9
2.98142	1.41421	-1.e-9	1000.	3.58102e-9
4.47214	1.41421	-1.e-9	1000.	3.86806e-9
-4.47214	-1.41421	4.33333	1000.	4.23008e-9
-2.98142	-1.41421	4.33333	1000.	3.98621e-9
-1.49071	-1.41421	4.33333	1000.	3.92609e-9
0	-1.41421	4.33333	1000.	8.05093e-8
1.49071	-1.41421	4.33333	1000.	3.90543e-9
2.98142	-1.41421	4.33333	1000.	3.88387e-9
4.47214	-1.41421	4.33333	1000.	3.94842e-9
-4.47214	0	4.33333	1000.	8.43081e-9
-2.98142	0	4.33333	1000.	2.47099e-8
-1.49071	0	4.33333	1000.	2.24733e-6
0	0	4.33333	1000.	0.0304098
1.49071	0	4.33333	1000.	2.6712e-6
2.98142	0	4.33333	1000.	3.68549e-8
4.47214	0	4.33333	1000.	1.15154e-8
-4.47214	1.41421	4.33333	1000.	3.28813e-9
-2.98142	1.41421	4.33333	1000.	3.27537e-9
-1.49071	1.41421	4.33333	1000.	3.32706e-9
0	1.41421	4.33333	1000.	7.99762e-8
1.49071	1.41421	4.33333	1000.	3.4062e-9
2.98142	1.41421	4.33333	1000.	3.55776e-9
4.47214	1.41421	4.33333	1000.	3.87783e-9
-4.47214	-1.41421	8.66667	1000.	5.04831e-9
-2.98142	-1.41421	8.66667	1000.	4.91594e-9
-1.49071	-1.41421	8.66667	1000.	4.94155e-9
0	-1.41421	8.66667	1000.	8.15773e-8
1.49071	-1.41421	8.66667	1000.	4.93645e-9
2.98142	-1.41421	8.66667	1000.	4.83841e-9
4.47214	-1.41421	8.66667	1000.	4.9078e-9
-4.47214	0	8.66667	1000.	1.94707e-8
-2.98142	0	8.66667	1000.	1.75532e-7
-1.49071	0	8.66667	1000.	0.0000328961
0	0	8.66667	1000.	0.0304559
1.49071	0	8.66667	1000.	0.0000359315
2.98142	0	8.66667	1000.	2.38916e-7
4.47214	0	8.66667	1000.	2.90497e-8
-4.47214	1.41421	8.66667	1000.	3.51268e-9
-2.98142	1.41421	8.66667	1000.	3.55587e-9
-1.49071	1.41421	8.66667	1000.	3.72989e-9
0	1.41421	8.66667	1000.	8.04031e-8
1.49071	1.41421	8.66667	1000.	3.82224e-9
2.98142	1.41421	8.66667	1000.	3.89949e-9
4.47214	1.41421	8.66667	1000.	4.26826e-9
-4.47214	-1.41421	13.	1000.	6.38248e-9
-2.98142	-1.41421	13.	1000.	6.41575e-9
-1.49071	-1.41421	13.	1000.	6.84188e-9
0	-1.41421	13.	1000.	8.31448e-8
1.49071	-1.41421	13.	1000.	6.83564e-9
2.98142	-1.41421	13.	1000.	6.46115e-9
4.47214	-1.41421	13.	1000.	6.43251e-9
-4.47214	0	13.	1000.	5.00401e-8
-2.98142	0	13.	1000.	7.5345e-7
-1.49071	0	13.	1000.	0.000153833
0	0	13.	1000.	0.0304566
1.49071	0	13.	1000.	0.000163093
2.98142	0	13.	1000.	9.42385e-7
4.47214	0	13.	1000.	7.3218e-8
-4.47214	1.41421	13.	1000.	4.10615e-9
-2.98142	1.41421	13.	1000.	4.24086e-9
-1.49071	1.41421	13.	1000.	4.78561e-9
0	1.41421	13.	1000.	8.11753e-8
1.49071	1.41421	13.	1000.	4.91947e-9
2.98142	1.41421	13.	1000.	4.70751e-9
4.47214	1.41421	13.	1000.	5.11705e-9
-4.47214	-1.41421	-13.	1100.	2.61464e-9
-2.98142	-1.41421	-13.	1100.	2.39913e-9
-1.49071	-1.41421	-13.	1100.	2.48703e-9
0	-1.41421	-13.	1100.	4.38314e-8
1.49071	-1.41421	-13.	1100.	2.41644e-9
2.98142	-1.41421	-13.	1100.	2.17683e-9
4.47214	-1.41421	-13.	1100.	2.11395e-9
-4.47214	0	-13.	1100.	3.47923e-8
-2.98142	0	-13.	1100.	4.33217e-7
-1.49071	0	-13.	1100.	0.0000744492
0	0	-13.	1100.	0.0164982
1.49071	0	-13.	1100.	0.0000701397
2.98142	0	-13.	1100.	3.43887e-7
4.47214	0	-13.	1100.	2.40707e-8
-4.47214	1.41421	-13.	1100.	2.99968e-9
-2.98142	1.41421	-13.	1100.	2.97842e-9
-1.49071	1.41421	-13.	1100.	3.16136e-9
0	1.41421	-13.	1100.	4.45259e-8
1.49071	1.41421	-13.	1100.	3.14608e-9
2.98142	1.41421	-13.	1100.	2.98783e-9
4.47214	1.41421	-13.	1100.	2.99921e-9
-4.47214	-1.41421	-8.66667	1100.	2.18359e-9
-2.98142	-1.41421	-8.66667	1100.	1.99159e-9
-1.49071	-1.41421	-8.66667	1100.	1.93889e-9
0	-1.41421	-8.66667	1100.	4.34002e-8
1.49071	-1.41421	-8.66667	1100.	1.88982e-9
2.98142	-1.41421	-8.66667	1100.	1.8072e-9
4.47214	-1.41421	-8.66667	1100.	1.79144e-9
-4.47214	0	-8.66667	1100.	1.42721e-8
-2.98142	0	-8.66667	1100.	1.11152e-7
-1.49071	0	-8.66667	1100.	0.0000163779
0	0	-8.66667	1100.	0.0164849
1.49071	0	-8.66667	1100.	0.0000149953
2.98142	0	-8.66667	1100.	8.20455e-8
4.47214	0	-8.66667	1100.	9.70476e-9
-4.47214	1.41421	-8.66667	1100.	2.3275e-9
-2.98142	1.41421	-8.66667	1100.	2.28503e-9
-1.49071	1.41421	-8.66667	1100.	2.3214e-9
0	1.41421	-8.66667	1100.	4.3817e-8
1.49071	1.41421	-8.66667	1100.	2.33337e-9
2.98142	1.41421	-8.66667	1100.	2.32983e-9
4.47214	1.41421	-8.66667	1100.	2.41764e-9
-4.47214	-1.41421	-4.33333	1100.	1.96123e-9
-2.98142	-1.41421	-4.33333	1100.	1.78999e-9
-1.49071	-1.41421	-4.33333	1100.	1.71248e-9
0	-1.41421	-4.33333	1100.	4.31736e-8
1.49071	-1.41421	-4.33333	1100.	1.67474e-9
2.98142	-1.41421	-4.33333	1100.	1.64804e-9
4.47214	-1.41421	-4.33333	1100.	1.66549e-9
-4.47214	0	-4.33333	1100.	5.95192e-9
-2.98142	0	-4.33333	1100.	1.79352e-8
-1.49071	0	-4.33333	1100.	1.21514e-6
0	0	-4.33333	1100.	0.0164669
1.49071	0	-4.33333	1100.	1.01934e-6
2.98142	0	-4.33333	1100.	1.21474e-8
4.47214	0	-4.33333	1100.	4.44695e-9
-4.47214	1.41421	-4.33333	1100.	1.91504e-9
-2.98142	1.41421	-4.33333	1100.	1.87063e-9
-1.49071	1.41421	-4.33333	1100.	1.88023e-9
0	1.41421	-4.33333	1100.	4.33648e-8
1.49071	1.41421	-4.33333	1100.	1.90116e-9
2.98142	1.41421	-4.33333	1100.	1.94428e-9
4.47214	1.41421	-4.33333	1100.	2.07874e-9
-4.47214	-1.41421	-1.e-9	1100.	1.93197e-9
-2.98142	-1.41421	-1.e-9	1100.	1.77134e-9
-1.49071	-1.41421	-1.e-9	1100.	1.71103e-9
0	-1.41421	-1.e-9	1100.	1.69827e-9
1.49071	-1.41421	-1.e-9	1100.	1.68485e-9
2.98142	-1.41421	-1.e-9	1100.	1.66863e-9
4.47214	-1.41421	-1.e-9	1100.	1.70322e-9
-4.47214	0	-1.e-9	1100.	3.55426e-9
-2.98142	0	-1.e-9	1100.	3.55899e-9
-1.49071	0	-1.e-9	1100.	3.55679e-9
0	0	-1.e-9	1100.	3.80005e-12
1.49071	0	-1.e-9	1100.	3.54987e-9
2.98142	0	-1.e-9	1100.	3.55296e-9
4.47214	0	-1.e-9	1100.	3.55545e-9
-4.47214	1.41421	-1.e-9	1100.	1.70391e-9
-2.98142	1.41421	-1.e-9	1100.	1.67205e-9
-1.49071	1.41421	-1.e-9	1100.	1.687e-9
0	1.41421	-1.e-9	1100.	1.69852e-9
1.49071	1.41421	-1.e-9	1100.	1.70945e-9
2.98142	1.41421	-1.e-9	1100.	1.77577e-9
4.47214	1.41421	-1.e-9	1100.	1.93185e-9
-4.47214	-1.41421	4.33333	1100.	2.07073e-9
-2.98142	-1.41421	4.33333	1100.	1.93659e-9
-1.49071	-1.41421	4.33333	1100.	1.89579e-9
0	-1.41421	4.33333	1100.	4.3339e-8
1.49071	-1.41421	4.33333	1100.	1.88271e-9
2.98142	-1.41421	4.33333	1100.	1.87539e-9
4.47214	-1.41421	4.33333	1100.	1.91886e-9
-4.47214	0	4.33333	1100.	4.44663e-9
-2.98142	0	4.33333	1100.	1.21594e-8
-1.49071	0	4.33333	1100.	1.02289e-6
0	0	4.33333	1100.	0.0164559
1.49071	0	4.33333	1100.	1.21961e-6
2.98142	0	4.33333	1100.	1.79369e-8
4.47214	0	4.33333	1100.	5.95339e-9
-4.47214	1.41421	4.33333	1100.	1.66542e-9
-2.98142	1.41421	4.33333	1100.	1.64973e-9
-1.49071	1.41421	4.33333	1100.	1.67792e-9
0	1.41421	4.33333	1100.	4.31513e-8
1.49071	1.41421	4.33333	1100.	1.71364e-9
2.98142	1.41421	4.33333	1100.	1.7915e-9
4.47214	1.41421	4.33333	1100.	1.96597e-9
-4.47214	-1.41421	8.66667	1100.	2.41734e-9
-2.98142	-1.41421	8.66667	1100.	2.3282e-9
-1.49071	-1.41421	8.66667	1100.	2.33059e-9
0	-1.41421	8.66667	1100.	4.38145e-8
1.49071	-1.41421	8.66667	1100.	2.32802e-9
2.98142	-1.41421	8.66667	1100.	2.28358e-9
4.47214	-1.41421	8.66667	1100.	2.33358e-9
-4.47214	0	8.66667	1100.	9.69632e-9
-2.98142	0	8.66667	1100.	8.18414e-8
-1.49071	0	8.66667	1100.	0.0000149413
0	0	8.66667	1100.	0.0164856
1.49071	0	8.66667	1100.	0.0000163438
2.98142	0	8.66667	1100.	1.112e-7
4.47214	0	8.66667	1100.	1.42862e-8
-4.47214	1.41421	8.66667	1100.	1.80324e-9
-2.98142	1.41421	8.66667	1100.	1.81352e-9
-1.49071	1.41421	8.66667	1100.	1.89156e-9
0	1.41421	8.66667	1100.	4.34002e-8
1.49071	1.41421	8.66667	1100.	1.94059e-9
2.98142	1.41421	8.66667	1100.	1.98659e-9
4.47214	1.41421	8.66667	1100.	2.1806e-9
-4.47214	-1.41421	13.	1100.	2.99696e-9
-2.98142	-1.41421	13.	1100.	2.97617e-9
-1.49071	-1.41421	13.	1100.	3.15604e-9
0	-1.41421	13.	1100.	4.44502e-8
1.49071	-1.41421	13.	1100.	3.15554e-9
2.98142	-1.41421	13.	1100.	2.98328e-9
4.47214	-1.41421	13.	1100.	2.99957e-9
-4.47214	0	13.	1100.	2.39938e-8
-2.98142	0	13.	1100.	3.44924e-7
-1.49071	0	13.	1100.	0.0000701756
0	0	13.	1100.	0.0164681
1.49071	0	13.	1100.	0.0000744207
2.98142	0	13.	1100.	4.32515e-7
4.47214	0	13.	1100.	3.48782e-8
-4.47214	1.41421	13.	1100.	2.10707e-9
-2.98142	1.41421	13.	1100.	2.16816e-9
-1.49071	1.41421	13.	1100.	2.4202e-9
0	1.41421	13.	1100.	4.37522e-8
1.49071	1.41421	13.	1100.	2.48335e-9
2.98142	1.41421	13.	1100.	2.40234e-9
4.47214	1.41421	13.	1100.	2.6137e-9
-4.47214	-1.41421	-13.	1200.	1.01972e-9
-2.98142	-1.41421	-13.	1200.	9.26645e-10
-1.49071	-1.41421	-13.	1200.	9.39743e-10
0	-1.41421	-13.	1200.	1.93035e-8
1.49071	-1.41421	-13.	1200.	9.17378e-10
2.98142	-1.41421	-13.	1200.	8.45518e-10
4.47214	-1.41421	-13.	1200.	8.34238e-10
-4.47214	0	-13.	1200.	1.1274e-8
-2.98142	0	-13.	1200.	1.24585e-7
-1.49071	0	-13.	1200.	0.0000209421
0	0	-13.	1200.	0.00731422
1.49071	0	-13.	1200.	0.0000197068
2.98142	0	-13.	1200.	9.87094e-8
4.47214	0	-13.	1200.	7.96441e-9
-4.47214	1.41421	-13.	1200.	9.08441e-10
-2.98142	1.41421	-13.	1200.	8.81166e-10
-1.49071	1.41421	-13.	1200.	9.28059e-10
0	1.41421	-13.	1200.	1.92995e-8
1.49071	1.41421	-13.	1200.	9.25414e-10
2.98142	1.41421	-13.	1200.	8.9268e-10
4.47214	1.41421	-13.	1200.	9.30332e-10
-4.47214	-1.41421	-8.66667	1200.	8.49749e-10
-2.98142	-1.41421	-8.66667	1200.	7.69373e-10
-1.49071	-1.41421	-8.66667	1200.	7.40801e-10
0	-1.41421	-8.66667	1200.	1.91328e-8
1.49071	-1.41421	-8.66667	1200.	7.26583e-10
2.98142	-1.41421	-8.66667	1200.	7.02716e-10
4.47214	-1.41421	-8.66667	1200.	7.04023e-10
-4.47214	0	-8.66667	1200.	5.05892e-9
-2.98142	0	-8.66667	1200.	3.35625e-8
-1.49071	0	-8.66667	1200.	4.55339e-6
0	0	-8.66667	1200.	0.00730776
1.49071	0	-8.66667	1200.	4.15929e-6
2.98142	0	-8.66667	1200.	2.48162e-8
4.47214	0	-8.66667	1200.	3.56378e-9
-4.47214	1.41421	-8.66667	1200.	7.52224e-10
-2.98142	1.41421	-8.66667	1200.	7.23833e-10
-1.49071	1.41421	-8.66667	1200.	7.28044e-10
0	1.41421	-8.66667	1200.	1.91286e-8
1.49071	1.41421	-8.66667	1200.	7.37776e-10
2.98142	1.41421	-8.66667	1200.	7.40855e-10
4.47214	1.41421	-8.66667	1200.	7.96184e-10
-4.47214	-1.41421	-4.33333	1200.	7.52155e-10
-2.98142	-1.41421	-4.33333	1200.	6.74362e-10
-1.49071	-1.41421	-4.33333	1200.	6.44247e-10
0	-1.41421	-4.33333	1200.	1.90594e-8
1.49071	-1.41421	-4.33333	1200.	6.32883e-10
2.98142	-1.41421	-4.33333	1200.	6.24769e-10
4.47214	-1.41421	-4.33333	1200.	6.37022e-10
-4.47214	0	-4.33333	1200.	2.39377e-9
-2.98142	0	-4.33333	1200.	6.20362e-9
-1.49071	0	-4.33333	1200.	3.42973e-7
0	0	-4.33333	1200.	0.00731327
1.49071	0	-4.33333	1200.	2.87786e-7
2.98142	0	-4.33333	1200.	4.3404e-9
4.47214	0	-4.33333	1200.	1.87079e-9
-4.47214	1.41421	-4.33333	1200.	6.59527e-10
-2.98142	1.41421	-4.33333	1200.	6.32616e-10
-1.49071	1.41421	-4.33333	1200.	6.34473e-10
0	1.41421	-4.33333	1200.	1.90589e-8
1.49071	1.41421	-4.33333	1200.	6.41601e-10
2.98142	1.41421	-4.33333	1200.	6.63108e-10
4.47214	1.41421	-4.33333	1200.	7.29256e-10
-4.47214	-1.41421	-1.e-9	1200.	7.11599e-10
-2.98142	-1.41421	-1.e-9	1200.	6.42821e-10
-1.49071	-1.41421	-1.e-9	1200.	6.1724e-10
0	-1.41421	-1.e-9	1200.	6.10581e-10
1.49071	-1.41421	-1.e-9	1200.	6.06479e-10
2.98142	-1.41421	-1.e-9	1200.	6.00965e-10
4.47214	-1.41421	-1.e-9	1200.	6.259e-10
-4.47214	0	-1.e-9	1200.	1.56562e-9
-2.98142	0	-1.e-9	1200.	1.57251e-9
-1.49071	0	-1.e-9	1200.	1.56729e-9
0	0	-1.e-9	1200.	1.68768e-12
1.49071	0	-1.e-9	1200.	1.56854e-9
2.98142	0	-1.e-9	1200.	1.56853e-9
4.47214	0	-1.e-9	1200.	1.56891e-9
-4.47214	1.41421	-1.e-9	1200.	6.25344e-10
-2.98142	1.41421	-1.e-9	1200.	6.02348e-10
-1.49071	1.41421	-1.e-9	1200.	6.05063e-10
0	1.41421	-1.e-9	1200.	6.1202e-10
1.49071	1.41421	-1.e-9	1200.	6.14691e-10
2.98142	1.41421	-1.e-9	1200.	6.43517e-10
4.47214	1.41421	-1.e-9	1200.	7.13366e-10
-4.47214	-1.41421	4.33333	1200.	7.26196e-10
-2.98142	-1.41421	4.33333	1200.	6.64544e-10
-1.49071	-1.41421	4.33333	1200.	6.40241e-10
0	-1.41421	4.33333	1200.	1.90114e-8
1.49071	-1.41421	4.33333	1200.	6.33101e-10
2.98142	-1.41421	4.33333	1200.	6.33671e-10
4.47214	-1.41421	4.33333	1200.	6.60083e-10
-4.47214	0	4.33333	1200.	1.86784e-9
-2.98142	0	4.33333	1200.	4.32948e-9
-1.49071	0	4.33333	1200.	2.85935e-7
0	0	4.33333	1200.	0.00729434
1.49071	0	4.33333	1200.	3.44446e-7
2.98142	0	4.33333	1200.	6.19111e-9
4.47214	0	4.33333	1200.	2.39268e-9
-4.47214	1.41421	4.33333	1200.	6.36504e-10
-2.98142	1.41421	4.33333	1200.	6.21887e-10
-1.49071	1.41421	4.33333	1200.	6.33561e-10
0	1.41421	4.33333	1200.	1.90137e-8
1.49071	1.41421	4.33333	1200.	6.43944e-10
2.98142	1.41421	4.33333	1200.	6.74717e-10
4.47214	1.41421	4.33333	1200.	7.5253e-10
-4.47214	-1.41421	8.66667	1200.	7.97374e-10
-2.98142	-1.41421	8.66667	1200.	7.43245e-10
-1.49071	-1.41421	8.66667	1200.	7.34758e-10
0	-1.41421	8.66667	1200.	1.91309e-8
1.49071	-1.41421	8.66667	1200.	7.33389e-10
2.98142	-1.41421	8.66667	1200.	7.21514e-10
4.47214	-1.41421	8.66667	1200.	7.54085e-10
-4.47214	0	8.66667	1200.	3.56107e-9
-2.98142	0	8.66667	1200.	2.48268e-8
-1.49071	0	8.66667	1200.	4.14188e-6
0	0	8.66667	1200.	0.00730979
1.49071	0	8.66667	1200.	4.55418e-6
2.98142	0	8.66667	1200.	3.35436e-8
4.47214	0	8.66667	1200.	5.07091e-9
-4.47214	1.41421	8.66667	1200.	7.09799e-10
-2.98142	1.41421	8.66667	1200.	7.03254e-10
-1.49071	1.41421	8.66667	1200.	7.24436e-10
0	1.41421	8.66667	1200.	1.91348e-8
1.49071	1.41421	8.66667	1200.	7.44793e-10
2.98142	1.41421	8.66667	1200.	7.68648e-10
4.47214	1.41421	8.66667	1200.	8.49887e-10
-4.47214	-1.41421	13.	1200.	9.31938e-10
-2.98142	-1.41421	13.	1200.	8.90268e-10
-1.49071	-1.41421	13.	1200.	9.26509e-10
0	-1.41421	13.	1200.	1.92375e-8
1.49071	-1.41421	13.	1200.	9.28352e-10
2.98142	-1.41421	13.	1200.	8.7916e-10
4.47214	-1.41421	13.	1200.	9.12288e-10
-4.47214	0	13.	1200.	7.93897e-9
-2.98142	0	13.	1200.	9.84557e-8
-1.49071	0	13.	1200.	0.0000197468
0	0	13.	1200.	0.00728989
1.49071	0	13.	1200.	0.0000209602
2.98142	0	13.	1200.	1.24434e-7
4.47214	0	13.	1200.	1.13124e-8
-4.47214	1.41421	13.	1200.	8.29788e-10
-2.98142	1.41421	13.	1200.	8.45509e-10
-1.49071	1.41421	13.	1200.	9.19622e-10
0	1.41421	13.	1200.	1.92403e-8
1.49071	1.41421	13.	1200.	9.4009e-10
2.98142	1.41421	13.	1200.	9.32295e-10
4.47214	1.41421	13.	1200.	1.01738e-9
-4.47214	-1.41421	-13.	1300.	4.71902e-10
-2.98142	-1.41421	-13.	1300.	4.27478e-10
-1.49071	-1.41421	-13.	1300.	4.29648e-10
0	-1.41421	-13.	1300.	9.68251e-9
1.49071	-1.41421	-13.	1300.	4.19276e-10
2.98142	-1.41421	-13.	1300.	3.90632e-10
4.47214	-1.41421	-13.	1300.	3.88474e-10
-4.47214	0	-13.	1300.	4.83611e-9
-2.98142	0	-13.	1300.	4.97984e-8
-1.49071	0	-13.	1300.	8.24106e-6
0	0	-13.	1300.	0.00368326
1.49071	0	-13.	1300.	7.73778e-6
2.98142	0	-13.	1300.	3.94776e-8
4.47214	0	-13.	1300.	3.44692e-9
-4.47214	1.41421	-13.	1300.	3.80332e-10
-2.98142	1.41421	-13.	1300.	3.64645e-10
-1.49071	1.41421	-13.	1300.	3.82588e-10
0	1.41421	-13.	1300.	9.63967e-9
1.49071	1.41421	-13.	1300.	3.82815e-10
2.98142	1.41421	-13.	1300.	3.71257e-10
4.47214	1.41421	-13.	1300.	3.9412e-10
-4.47214	-1.41421	-8.66667	1300.	3.94701e-10
-2.98142	-1.41421	-8.66667	1300.	3.54005e-10
-1.49071	-1.41421	-8.66667	1300.	3.40967e-10
0	-1.41421	-8.66667	1300.	9.61499e-9
1.49071	-1.41421	-8.66667	1300.	3.3423e-10
2.98142	-1.41421	-8.66667	1300.	3.2439e-10
4.47214	-1.41421	-8.66667	1300.	3.28393e-10
-4.47214	0	-8.66667	1300.	2.27554e-9
-2.98142	0	-8.66667	1300.	1.37839e-8
-1.49071	0	-8.66667	1300.	1.78643e-6
0	0	-8.66667	1300.	0.00368434
1.49071	0	-8.66667	1300.	1.62611e-6
2.98142	0	-8.66667	1300.	1.0248e-8
4.47214	0	-8.66667	1300.	1.6388e-9
-4.47214	1.41421	-8.66667	1300.	3.24808e-10
-2.98142	1.41421	-8.66667	1300.	3.07689e-10
-1.49071	1.41421	-8.66667	1300.	3.10211e-10
0	1.41421	-8.66667	1300.	9.58758e-9
1.49071	1.41421	-8.66667	1300.	3.13835e-10
2.98142	1.41421	-8.66667	1300.	3.18147e-10
4.47214	1.41421	-8.66667	1300.	3.46643e-10
-4.47214	-1.41421	-4.33333	1300.	3.46808e-10
-2.98142	-1.41421	-4.33333	1300.	3.08837e-10
-1.49071	-1.41421	-4.33333	1300.	2.94764e-10
0	-1.41421	-4.33333	1300.	9.564e-9
1.49071	-1.41421	-4.33333	1300.	2.89522e-10
2.98142	-1.41421	-4.33333	1300.	2.8569e-10
4.47214	-1.41421	-4.33333	1300.	2.9539e-10
-4.47214	0	-4.33333	1300.	1.14887e-9
-2.98142	0	-4.33333	1300.	2.75054e-9
-1.49071	0	-4.33333	1300.	1.3576e-7
0	0	-4.33333	1300.	0.00368127
1.49071	0	-4.33333	1300.	1.13895e-7
2.98142	0	-4.33333	1300.	1.95681e-9
4.47214	0	-4.33333	1300.	9.18215e-10
-4.47214	1.41421	-4.33333	1300.	2.92832e-10
-2.98142	1.41421	-4.33333	1300.	2.76567e-10
-1.49071	1.41421	-4.33333	1300.	2.7827e-10
0	1.41421	-4.33333	1300.	9.55239e-9
1.49071	1.41421	-4.33333	1300.	2.81378e-10
2.98142	1.41421	-4.33333	1300.	2.93257e-10
4.47214	1.41421	-4.33333	1300.	3.25154e-10
-4.47214	-1.41421	-1.e-9	1300.	3.24148e-10
-2.98142	-1.41421	-1.e-9	1300.	2.89794e-10
-1.49071	-1.41421	-1.e-9	1300.	2.77587e-10
0	-1.41421	-1.e-9	1300.	2.73814e-10
1.49071	-1.41421	-1.e-9	1300.	2.71857e-10
2.98142	-1.41421	-1.e-9	1300.	2.71051e-10
4.47214	-1.41421	-1.e-9	1300.	2.84409e-10
-4.47214	0	-1.e-9	1300.	7.87921e-10
-2.98142	0	-1.e-9	1300.	7.89513e-10
-1.49071	0	-1.e-9	1300.	7.88474e-10
0	0	-1.e-9	1300.	8.49523e-13
1.49071	0	-1.e-9	1300.	7.88525e-10
2.98142	0	-1.e-9	1300.	7.88427e-10
4.47214	0	-1.e-9	1300.	7.86024e-10
-4.47214	1.41421	-1.e-9	1300.	2.83522e-10
-2.98142	1.41421	-1.e-9	1300.	2.71373e-10
-1.49071	1.41421	-1.e-9	1300.	2.72065e-10
0	1.41421	-1.e-9	1300.	2.74805e-10
1.49071	1.41421	-1.e-9	1300.	2.76691e-10
2.98142	1.41421	-1.e-9	1300.	2.89916e-10
4.47214	1.41421	-1.e-9	1300.	3.25283e-10
-4.47214	-1.41421	4.33333	1300.	3.24376e-10
-2.98142	-1.41421	4.33333	1300.	2.92131e-10
-1.49071	-1.41421	4.33333	1300.	2.81063e-10
0	-1.41421	4.33333	1300.	9.54287e-9
1.49071	-1.41421	4.33333	1300.	2.77963e-10
2.98142	-1.41421	4.33333	1300.	2.79097e-10
4.47214	-1.41421	4.33333	1300.	2.93085e-10
-4.47214	0	4.33333	1300.	9.15056e-10
-2.98142	0	4.33333	1300.	1.96108e-9
-1.49071	0	4.33333	1300.	1.12992e-7
0	0	4.33333	1300.	0.00367747
1.49071	0	4.33333	1300.	1.36192e-7
2.98142	0	4.33333	1300.	2.74335e-9
4.47214	0	4.33333	1300.	1.14741e-9
-4.47214	1.41421	4.33333	1300.	2.94585e-10
-2.98142	1.41421	4.33333	1300.	2.8569e-10
-1.49071	1.41421	4.33333	1300.	2.88933e-10
0	1.41421	4.33333	1300.	9.5552e-9
1.49071	1.41421	4.33333	1300.	2.94893e-10
2.98142	1.41421	4.33333	1300.	3.09368e-10
4.47214	1.41421	4.33333	1300.	3.47145e-10
-4.47214	-1.41421	8.66667	1300.	3.47113e-10
-2.98142	-1.41421	8.66667	1300.	3.18502e-10
-1.49071	-1.41421	8.66667	1300.	3.13421e-10
0	-1.41421	8.66667	1300.	9.57987e-9
1.49071	-1.41421	8.66667	1300.	3.11702e-10
2.98142	-1.41421	8.66667	1300.	3.0808e-10
4.47214	-1.41421	8.66667	1300.	3.25464e-10
-4.47214	0	8.66667	1300.	1.63622e-9
-2.98142	0	8.66667	1300.	1.02458e-8
-1.49071	0	8.66667	1300.	1.62102e-6
0	0	8.66667	1300.	0.00368134
1.49071	0	8.66667	1300.	1.78676e-6
2.98142	0	8.66667	1300.	1.38048e-8
4.47214	0	8.66667	1300.	2.27476e-9
-4.47214	1.41421	8.66667	1300.	3.29047e-10
-2.98142	1.41421	8.66667	1300.	3.24289e-10
-1.49071	1.41421	8.66667	1300.	3.33887e-10
0	1.41421	8.66667	1300.	9.60653e-9
1.49071	1.41421	8.66667	1300.	3.42502e-10
2.98142	1.41421	8.66667	1300.	3.54757e-10
4.47214	1.41421	8.66667	1300.	3.94947e-10
-4.47214	-1.41421	13.	1300.	3.94704e-10
-2.98142	-1.41421	13.	1300.	3.70565e-10
-1.49071	-1.41421	13.	1300.	3.81925e-10
0	-1.41421	13.	1300.	9.62337e-9
1.49071	-1.41421	13.	1300.	3.82174e-10
2.98142	-1.41421	13.	1300.	3.64451e-10
4.47214	-1.41421	13.	1300.	3.81918e-10
-4.47214	0	13.	1300.	3.44411e-9
-2.98142	0	13.	1300.	3.94855e-8
-1.49071	0	13.	1300.	7.7629e-6
0	0	13.	1300.	0.00367699
1.49071	0	13.	1300.	8.23893e-6
2.98142	0	13.	1300.	4.98207e-8
4.47214	0	13.	1300.	4.83965e-9
-4.47214	1.41421	13.	1300.	3.87624e-10
-2.98142	1.41421	13.	1300.	3.90653e-10
-1.49071	1.41421	13.	1300.	4.19658e-10
0	1.41421	13.	1300.	9.6665e-9
1.49071	1.41421	13.	1300.	4.2987e-10
2.98142	1.41421	13.	1300.	4.28465e-10
4.47214	1.41421	13.	1300.	4.70458e-10
-4.47214	-1.41421	-13.	1400.	2.22746e-10
-2.98142	-1.41421	-13.	1400.	2.01029e-10
-1.49071	-1.41421	-13.	1400.	1.99892e-10
0	-1.41421	-13.	1400.	5.01354e-9
1.49071	-1.41421	-13.	1400.	1.95189e-10
2.98142	-1.41421	-13.	1400.	1.8408e-10
4.47214	-1.41421	-13.	1400.	1.84864e-10
-4.47214	0	-13.	1400.	2.08923e-9
-2.98142	0	-13.	1400.	1.95004e-8
-1.49071	0	-13.	1400.	3.14074e-6
0	0	-13.	1400.	0.00191504
1.49071	0	-13.	1400.	2.9409e-6
2.98142	0	-13.	1400.	1.54662e-8
4.47214	0	-13.	1400.	1.50951e-9
-4.47214	1.41421	-13.	1400.	1.59868e-10
-2.98142	1.41421	-13.	1400.	1.50657e-10
-1.49071	1.41421	-13.	1400.	1.56969e-10
0	1.41421	-13.	1400.	4.97299e-9
1.49071	1.41421	-13.	1400.	1.57663e-10
2.98142	1.41421	-13.	1400.	1.54346e-10
4.47214	1.41421	-13.	1400.	1.67914e-10
-4.47214	-1.41421	-8.66667	1400.	1.86967e-10
-2.98142	-1.41421	-8.66667	1400.	1.66418e-10
-1.49071	-1.41421	-8.66667	1400.	1.60083e-10
0	-1.41421	-8.66667	1400.	4.98692e-9
1.49071	-1.41421	-8.66667	1400.	1.5675e-10
2.98142	-1.41421	-8.66667	1400.	1.52767e-10
4.47214	-1.41421	-8.66667	1400.	1.56575e-10
-4.47214	0	-8.66667	1400.	1.04411e-9
-2.98142	0	-8.66667	1400.	5.6165e-9
-1.49071	0	-8.66667	1400.	6.78102e-7
0	0	-8.66667	1400.	0.00191741
1.49071	0	-8.66667	1400.	6.14548e-7
2.98142	0	-8.66667	1400.	4.2068e-9
4.47214	0	-8.66667	1400.	7.71886e-10
-4.47214	1.41421	-8.66667	1400.	1.41755e-10
-2.98142	1.41421	-8.66667	1400.	1.31756e-10
-1.49071	1.41421	-8.66667	1400.	1.33053e-10
0	1.41421	-8.66667	1400.	4.96146e-9
1.49071	1.41421	-8.66667	1400.	1.34244e-10
2.98142	1.41421	-8.66667	1400.	1.37655e-10
4.47214	1.41421	-8.66667	1400.	1.52824e-10
-4.47214	-1.41421	-4.33333	1400.	1.63392e-10
-2.98142	-1.41421	-4.33333	1400.	1.44301e-10
-1.49071	-1.41421	-4.33333	1400.	1.37401e-10
0	-1.41421	-4.33333	1400.	4.95664e-9
1.49071	-1.41421	-4.33333	1400.	1.34944e-10
2.98142	-1.41421	-4.33333	1400.	1.33441e-10
4.47214	-1.41421	-4.33333	1400.	1.39969e-10
-4.47214	0	-4.33333	1400.	5.6747e-10
-2.98142	0	-4.33333	1400.	1.24052e-9
-1.49071	0	-4.33333	1400.	5.23108e-8
0	0	-4.33333	1400.	0.00191393
1.49071	0	-4.33333	1400.	4.38694e-8
2.98142	0	-4.33333	1400.	9.02036e-10
4.47214	0	-4.33333	1400.	4.64485e-10
-4.47214	1.41421	-4.33333	1400.	1.32355e-10
-2.98142	1.41421	-4.33333	1400.	1.22847e-10
-1.49071	1.41421	-4.33333	1400.	1.237e-10
0	1.41421	-4.33333	1400.	4.94534e-9
1.49071	1.41421	-4.33333	1400.	1.25004e-10
2.98142	1.41421	-4.33333	1400.	1.31367e-10
4.47214	1.41421	-4.33333	1400.	1.47484e-10
-4.47214	-1.41421	-1.e-9	1400.	1.50632e-10
-2.98142	-1.41421	-1.e-9	1400.	1.32992e-10
-1.49071	-1.41421	-1.e-9	1400.	1.26947e-10
0	-1.41421	-1.e-9	1400.	1.25007e-10
1.49071	-1.41421	-1.e-9	1400.	1.24024e-10
2.98142	-1.41421	-1.e-9	1400.	1.2441e-10
4.47214	-1.41421	-1.e-9	1400.	1.31813e-10
-4.47214	0	-1.e-9	1400.	4.08937e-10
-2.98142	0	-1.e-9	1400.	4.09328e-10
-1.49071	0	-1.e-9	1400.	4.08737e-10
0	0	-1.e-9	1400.	4.41676e-13
1.49071	0	-1.e-9	1400.	4.0904e-10
2.98142	0	-1.e-9	1400.	4.09036e-10
4.47214	0	-1.e-9	1400.	4.07005e-10
-4.47214	1.41421	-1.e-9	1400.	1.31345e-10
-2.98142	1.41421	-1.e-9	1400.	1.24437e-10
-1.49071	1.41421	-1.e-9	1400.	1.24454e-10
0	1.41421	-1.e-9	1400.	1.25431e-10
1.49071	1.41421	-1.e-9	1400.	1.26791e-10
2.98142	1.41421	-1.e-9	1400.	1.32991e-10
4.47214	1.41421	-1.e-9	1400.	1.51166e-10
-4.47214	-1.41421	4.33333	1400.	1.4747e-10
-2.98142	-1.41421	4.33333	1400.	1.304e-10
-1.49071	-1.41421	4.33333	1400.	1.25073e-10
0	-1.41421	4.33333	1400.	4.94683e-9
1.49071	-1.41421	4.33333	1400.	1.23613e-10
2.98142	-1.41421	4.33333	1400.	1.24504e-10
4.47214	-1.41421	4.33333	1400.	1.32354e-10
-4.47214	0	4.33333	1400.	4.62724e-10
-2.98142	0	4.33333	1400.	9.07247e-10
-1.49071	0	4.33333	1400.	4.34345e-8
0	0	4.33333	1400.	0.00191458
1.49071	0	4.33333	1400.	5.24649e-8
2.98142	0	4.33333	1400.	1.23628e-9
4.47214	0	4.33333	1400.	5.66562e-10
-4.47214	1.41421	4.33333	1400.	1.39278e-10
-2.98142	1.41421	4.33333	1400.	1.33758e-10
-1.49071	1.41421	4.33333	1400.	1.3444e-10
0	1.41421	4.33333	1400.	4.95842e-9
1.49071	1.41421	4.33333	1400.	1.37717e-10
2.98142	1.41421	4.33333	1400.	1.44527e-10
4.47214	1.41421	4.33333	1400.	1.63611e-10
-4.47214	-1.41421	8.66667	1400.	1.53159e-10
-2.98142	-1.41421	8.66667	1400.	1.37729e-10
-1.49071	-1.41421	8.66667	1400.	1.34424e-10
0	-1.41421	8.66667	1400.	4.95599e-9
1.49071	-1.41421	8.66667	1400.	1.3319e-10
2.98142	-1.41421	8.66667	1400.	1.32432e-10
4.47214	-1.41421	8.66667	1400.	1.41927e-10
-4.47214	0	8.66667	1400.	7.70872e-10
-2.98142	0	8.66667	1400.	4.20359e-9
-1.49071	0	8.66667	1400.	6.13413e-7
0	0	8.66667	1400.	0.00191512
1.49071	0	8.66667	1400.	6.78611e-7
2.98142	0	8.66667	1400.	5.63398e-9
4.47214	0	8.66667	1400.	1.04192e-9
-4.47214	1.41421	8.66667	1400.	1.56253e-10
-2.98142	1.41421	8.66667	1400.	1.52592e-10
-1.49071	1.41421	8.66667	1400.	1.56801e-10
0	1.41421	8.66667	1400.	4.98101e-9
1.49071	1.41421	8.66667	1400.	1.60505e-10
2.98142	1.41421	8.66667	1400.	1.66942e-10
4.47214	1.41421	8.66667	1400.	1.87294e-10
-4.47214	-1.41421	13.	1400.	1.68061e-10
-2.98142	-1.41421	13.	1400.	1.54021e-10
-1.49071	-1.41421	13.	1400.	1.56766e-10
0	-1.41421	13.	1400.	4.96913e-9
1.49071	-1.41421	13.	1400.	1.56678e-10
2.98142	-1.41421	13.	1400.	1.5074e-10
4.47214	-1.41421	13.	1400.	1.60389e-10
-4.47214	0	13.	1400.	1.51163e-9
-2.98142	0	13.	1400.	1.55109e-8
-1.49071	0	13.	1400.	2.95157e-6
0	0	13.	1400.	0.00191362
1.49071	0	13.	1400.	3.13793e-6
2.98142	0	13.	1400.	1.95402e-8
4.47214	0	13.	1400.	2.08611e-9
-4.47214	1.41421	13.	1400.	1.84953e-10
-2.98142	1.41421	13.	1400.	1.83976e-10
-1.49071	1.41421	13.	1400.	1.95032e-10
0	1.41421	13.	1400.	5.01021e-9
1.49071	1.41421	13.	1400.	2.00028e-10
2.98142	1.41421	13.	1400.	2.00923e-10
4.47214	1.41421	13.	1400.	2.22331e-10
-4.47214	-1.41421	-13.	1500.	8.76869e-11
-2.98142	-1.41421	-13.	1500.	7.87675e-11
-1.49071	-1.41421	-13.	1500.	7.72325e-11
0	-1.41421	-13.	1500.	2.2364e-9
1.49071	-1.41421	-13.	1500.	7.57832e-11
2.98142	-1.41421	-13.	1500.	7.2399e-11
4.47214	-1.41421	-13.	1500.	7.37643e-11
-4.47214	0	-13.	1500.	7.52414e-10
-2.98142	0	-13.	1500.	6.1984e-9
-1.49071	0	-13.	1500.	9.44116e-7
0	0	-13.	1500.	0.000858442
1.49071	0	-13.	1500.	8.83953e-7
2.98142	0	-13.	1500.	4.90987e-9
4.47214	0	-13.	1500.	5.57767e-10
-4.47214	1.41421	-13.	1500.	5.69335e-11
-2.98142	1.41421	-13.	1500.	5.22463e-11
-1.49071	1.41421	-13.	1500.	5.35421e-11
0	1.41421	-13.	1500.	2.21381e-9
1.49071	1.41421	-13.	1500.	5.37838e-11
2.98142	1.41421	-13.	1500.	5.37666e-11
4.47214	1.41421	-13.	1500.	6.01385e-11
-4.47214	-1.41421	-8.66667	1500.	7.37159e-11
-2.98142	-1.41421	-8.66667	1500.	6.585e-11
-1.49071	-1.41421	-8.66667	1500.	6.28458e-11
0	-1.41421	-8.66667	1500.	2.22687e-9
1.49071	-1.41421	-8.66667	1500.	6.13571e-11
2.98142	-1.41421	-8.66667	1500.	6.0111e-11
4.47214	-1.41421	-8.66667	1500.	6.26191e-11
-4.47214	0	-8.66667	1500.	4.0556e-10
-2.98142	0	-8.66667	1500.	1.88491e-9
-1.49071	0	-8.66667	1500.	2.03412e-7
0	0	-8.66667	1500.	0.000859696
1.49071	0	-8.66667	1500.	1.84288e-7
2.98142	0	-8.66667	1500.	1.42312e-9
4.47214	0	-8.66667	1500.	3.09189e-10
-4.47214	1.41421	-8.66667	1500.	5.20549e-11
-2.98142	1.41421	-8.66667	1500.	4.75905e-11
-1.49071	1.41421	-8.66667	1500.	4.78393e-11
0	1.41421	-8.66667	1500.	2.21297e-9
1.49071	1.41421	-8.66667	1500.	4.80033e-11
2.98142	1.41421	-8.66667	1500.	4.96952e-11
4.47214	1.41421	-8.66667	1500.	5.66962e-11
-4.47214	-1.41421	-4.33333	1500.	6.47595e-11
-2.98142	-1.41421	-4.33333	1500.	5.65483e-11
-1.49071	-1.41421	-4.33333	1500.	5.34351e-11
0	-1.41421	-4.33333	1500.	2.21664e-9
1.49071	-1.41421	-4.33333	1500.	5.24863e-11
2.98142	-1.41421	-4.33333	1500.	5.25658e-11
4.47214	-1.41421	-4.33333	1500.	5.56879e-11
-4.47214	0	-4.33333	1500.	2.39554e-10
-2.98142	0	-4.33333	1500.	4.72815e-10
-1.49071	0	-4.33333	1500.	1.61437e-8
0	0	-4.33333	1500.	0.000858948
1.49071	0	-4.33333	1500.	1.35244e-8
2.98142	0	-4.33333	1500.	3.54913e-10
4.47214	0	-4.33333	1500.	2.01328e-10
-4.47214	1.41421	-4.33333	1500.	5.06577e-11
-2.98142	1.41421	-4.33333	1500.	4.64225e-11
-1.49071	1.41421	-4.33333	1500.	4.61582e-11
0	1.41421	-4.33333	1500.	2.21002e-9
1.49071	1.41421	-4.33333	1500.	4.65077e-11
2.98142	1.41421	-4.33333	1500.	4.89236e-11
4.47214	1.41421	-4.33333	1500.	5.63171e-11
-4.47214	-1.41421	-1.e-9	1500.	5.88445e-11
-2.98142	-1.41421	-1.e-9	1500.	5.11527e-11
-1.49071	-1.41421	-1.e-9	1500.	4.85146e-11
0	-1.41421	-1.e-9	1500.	4.80067e-11
1.49071	-1.41421	-1.e-9	1500.	4.75491e-11
2.98142	-1.41421	-1.e-9	1500.	4.77856e-11
4.47214	-1.41421	-1.e-9	1500.	5.13806e-11
-4.47214	0	-1.e-9	1500.	1.82274e-10
-2.98142	0	-1.e-9	1500.	1.83028e-10
-1.49071	0	-1.e-9	1500.	1.8146e-10
0	0	-1.e-9	1500.	1.98219e-13
1.49071	0	-1.e-9	1500.	1.82567e-10
2.98142	0	-1.e-9	1500.	1.82725e-10
4.47214	0	-1.e-9	1500.	1.82275e-10
-4.47214	1.41421	-1.e-9	1500.	5.16196e-11
-2.98142	1.41421	-1.e-9	1500.	4.78087e-11
-1.49071	1.41421	-1.e-9	1500.	4.76668e-11
0	1.41421	-1.e-9	1500.	4.78187e-11
1.49071	1.41421	-1.e-9	1500.	4.87517e-11
2.98142	1.41421	-1.e-9	1500.	5.1203e-11
4.47214	1.41421	-1.e-9	1500.	5.87914e-11
-4.47214	-1.41421	4.33333	1500.	5.64874e-11
-2.98142	-1.41421	4.33333	1500.	4.91571e-11
-1.49071	-1.41421	4.33333	1500.	4.67072e-11
0	-1.41421	4.33333	1500.	2.21223e-9
1.49071	-1.41421	4.33333	1500.	4.5969e-11
2.98142	-1.41421	4.33333	1500.	4.63104e-11
4.47214	-1.41421	4.33333	1500.	5.04235e-11
-4.47214	0	4.33333	1500.	2.01578e-10
-2.98142	0	4.33333	1500.	3.55608e-10
-1.49071	0	4.33333	1500.	1.33739e-8
0	0	4.33333	1500.	0.000859974
1.49071	0	4.33333	1500.	1.63103e-8
2.98142	0	4.33333	1500.	4.70625e-10
4.47214	0	4.33333	1500.	2.39547e-10
-4.47214	1.41421	4.33333	1500.	5.52619e-11
-2.98142	1.41421	4.33333	1500.	5.22207e-11
-1.49071	1.41421	4.33333	1500.	5.2585e-11
0	1.41421	4.33333	1500.	2.21897e-9
1.49071	1.41421	4.33333	1500.	5.38417e-11
2.98142	1.41421	4.33333	1500.	5.6287e-11
4.47214	1.41421	4.33333	1500.	6.48296e-11
-4.47214	-1.41421	8.66667	1500.	5.71216e-11
-2.98142	-1.41421	8.66667	1500.	5.01591e-11
-1.49071	-1.41421	8.66667	1500.	4.80069e-11
0	-1.41421	8.66667	1500.	2.21443e-9
1.49071	-1.41421	8.66667	1500.	4.75773e-11
2.98142	-1.41421	8.66667	1500.	4.76236e-11
4.47214	-1.41421	8.66667	1500.	5.20198e-11
-4.47214	0	8.66667	1500.	3.10283e-10
-2.98142	0	8.66667	1500.	1.42337e-9
-1.49071	0	8.66667	1500.	1.83909e-7
0	0	8.66667	1500.	0.00086033
1.49071	0	8.66667	1500.	2.0435e-7
2.98142	0	8.66667	1500.	1.88249e-9
4.47214	0	8.66667	1500.	4.06328e-10
-4.47214	1.41421	8.66667	1500.	6.29056e-11
-2.98142	1.41421	8.66667	1500.	6.00786e-11
-1.49071	1.41421	8.66667	1500.	6.12631e-11
0	1.41421	8.66667	1500.	2.2285e-9
1.49071	1.41421	8.66667	1500.	6.26653e-11
2.98142	1.41421	8.66667	1500.	6.54948e-11
4.47214	1.41421	8.66667	1500.	7.41118e-11
-4.47214	-1.41421	13.	1500.	6.0071e-11
-2.98142	-1.41421	13.	1500.	5.32929e-11
-1.49071	-1.41421	13.	1500.	5.36359e-11
0	-1.41421	13.	1500.	2.20972e-9
1.49071	-1.41421	13.	1500.	5.36911e-11
2.98142	-1.41421	13.	1500.	5.20179e-11
4.47214	-1.41421	13.	1500.	5.68459e-11
-4.47214	0	13.	1500.	5.58062e-10
-2.98142	0	13.	1500.	4.90542e-9
-1.49071	0	13.	1500.	8.80383e-7
0	0	13.	1500.	0.000856825
1.49071	0	13.	1500.	9.48089e-7
2.98142	0	13.	1500.	6.19622e-9
4.47214	0	13.	1500.	7.53383e-10
-4.47214	1.41421	13.	1500.	7.37761e-11
-2.98142	1.41421	13.	1500.	7.2111e-11
-1.49071	1.41421	13.	1500.	7.5591e-11
0	1.41421	13.	1500.	2.23256e-9
1.49071	1.41421	13.	1500.	7.72989e-11
2.98142	1.41421	13.	1500.	7.89313e-11
4.47214	1.41421	13.	1500.	8.83497e-11