# ggF->phi->gaga [pb]
# CMS-HIG-14-006, Figure 7a
# Mphi=[150 GeV, 850 GeV]
# 2000
5	1280
10	1270
15	1260
20	1250
25	1240
30	1230
35	1220
40	1210
45	1200
50	1190
55	1180
60	1170
65	1160
70	1150
75	1140
80	1130
85	1120
90	1110
95	1100
100	1090
105	1080
110	1070
115	1060
120	1050
125	1040
130	1030
135	1020
140	1010
145	1000
150	0.02734
155	0.03021
160	0.01172
165	0.02062
170	0.02097
175	0.01662
180	0.01899
185	0.01963
190	0.0134
195	0.00787
200	0.01098
205	0.01117
210	0.00885
215	0.00915
220	0.00871
225	0.01507
230	0.00931
235	0.01029
240	0.00829
245	0.00657
250	0.00479
255	0.00504
260	0.00413
265	0.00386
270	0.00488
275	0.00368
280	0.00386
285	0.00616
290	0.00586
295	0.00442
300	0.00413
305	0.00387
310	0.00567
315	0.00596
320	0.0045
325	0.00497
330	0.00356
335	0.00256
340	0.00278
345	0.00369
350	0.00497
355	0.00436
360	0.00443
365	0.00265
370	0.00252
375	0.00382
380	0.00375
385	0.00346
390	0.00329
395	0.00351
400	0.00221
405	0.00193
410	0.00248
415	0.0024
420	0.00232
425	0.00178
430	0.00167
435	0.00178
440	0.00187
445	0.00175
450	0.00144
455	0.00137
460	0.00184
465	0.00229
470	0.00275
475	0.00299
480	0.00304
485	0.00257
490	0.00149
495	0.00107
500	0.00146
505	0.00139
510	0.00116
515	0.0011
520	0.0012
525	0.00112
530	0.00092
535	0.00097
540	0.00107
545	0.00112
550	0.00109
555	0.00109
560	0.00118
565	0.0012
570	0.0023
575	0.00271
580	0.00276
585	0.0025
590	0.00201
595	0.00122
600	0.00104
605	0.00095
610	0.00094
615	0.00099
620	0.00099
625	0.00104
630	0.00111
635	0.00115
640	0.0014
645	0.0014
650	0.00102
655	0.00063
660	0.00052
665	0.00052
670	0.00052
675	0.00054
680	0.00058
685	0.00058
690	0.00053
695	0.00052
700	0.00049
705	0.00059
710	0.00054
715	0.00054
720	0.00047
725	0.00049
730	0.00052
735	0.00087
740	0.00121
745	0.00136
750	0.00141
755	0.00117
760	0.00094
765	0.00062
770	0.00064
775	0.00069
780	0.0007
785	0.0007
790	0.00068
795	0.00063
800	0.00061
805	0.00069
810	0.00104
815	0.00103
820	0.00092
825	0.00087
830	0.00054
835	0.00044
840	0.00039
845	0.00042
850	0.00045
855	1000
860	1010
865	1020
870	1030
875	1040
880	1050
885	1060
890	1070
895	1080
900	1090
905	1100
910	1110
915	1120
920	1130
925	1140
930	1150
935	1160
940	1170
945	1180
950	1190
955	1200
960	1210
965	1220
970	1230
975	1240
980	1250
985	1260
990	1270
995	1280
1000	1290
1005	1300
1010	1310
1015	1320
1020	1330
1025	1340
1030	1350
1035	1360
1040	1370
1045	1380
1050	1390
1055	1400
1060	1410
1065	1420
1070	1430
1075	1440
1080	1450
1085	1460
1090	1470
1095	1480
1100	1490
1105	1500
1110	1510
1115	1520
1120	1530
1125	1540
1130	1550
1135	1560
1140	1570
1145	1580
1150	1590
1155	1600
1160	1610
1165	1620
1170	1630
1175	1640
1180	1650
1185	1660
1190	1670
1195	1680
1200	1690
1205	1700
1210	1710
1215	1720
1220	1730
1225	1740
1230	1750
1235	1760
1240	1770
1245	1780
1250	1790
1255	1800
1260	1810
1265	1820
1270	1830
1275	1840
1280	1850
1285	1860
1290	1870
1295	1880
1300	1890
1305	1900
1310	1910
1315	1920
1320	1930
1325	1940
1330	1950
1335	1960
1340	1970
1345	1980
1350	1990
1355	2000
1360	2010
1365	2020
1370	2030
1375	2040
1380	2050
1385	2060
1390	2070
1395	2080
1400	2090
1405	2100
1410	2110
1415	2120
1420	2130
1425	2140
1430	2150
1435	2160
1440	2170
1445	2180
1450	2190
1455	2200
1460	2210
1465	2220
1470	2230
1475	2240
1480	2250
1485	2260
1490	2270
1495	2280
1500	2290
1505	2300
1510	2310
1515	2320
1520	2330
1525	2340
1530	2350
1535	2360
1540	2370
1545	2380
1550	2390
1555	2400
1560	2410
1565	2420
1570	2430
1575	2440
1580	2450
1585	2460
1590	2470
1595	2480
1600	2490
1605	2500
1610	2510
1615	2520
1620	2530
1625	2540
1630	2550
1635	2560
1640	2570
1645	2580
1650	2590
1655	2600
1660	2610
1665	2620
1670	2630
1675	2640
1680	2650
1685	2660
1690	2670
1695	2680
1700	2690
1705	2700
1710	2710
1715	2720
1720	2730
1725	2740
1730	2750
1735	2760
1740	2770
1745	2780
1750	2790
1755	2800
1760	2810
1765	2820
1770	2830
1775	2840
1780	2850
1785	2860
1790	2870
1795	2880
1800	2890
1805	2900
1810	2910
1815	2920
1820	2930
1825	2940
1830	2950
1835	2960
1840	2970
1845	2980
1850	2990
1855	3000
1860	3010
1865	3020
1870	3030
1875	3040
1880	3050
1885	3060
1890	3070
1895	3080
1900	3090
1905	3100
1910	3110
1915	3120
1920	3130
1925	3140
1930	3150
1935	3160
1940	3170
1945	3180
1950	3190
1955	3200
1960	3210
1965	3220
1970	3230
1975	3240
1980	3250
1985	3260
1990	3270
1995	3280
2000	3290
2005	3300
2010	3310
2015	3320
2020	3330
2025	3340
2030	3350
2035	3360
2040	3370
2045	3380
2050	3390
2055	3400
2060	3410
2065	3420
2070	3430
2075	3440
2080	3450
2085	3460
2090	3470
2095	3480
2100	3490
2105	3500
2110	3510
2115	3520
2120	3530
2125	3540
2130	3550
2135	3560
2140	3570
2145	3580
2150	3590
2155	3600
2160	3610
2165	3620
2170	3630
2175	3640
2180	3650
2185	3660
2190	3670
2195	3680
2200	3690
2205	3700
2210	3710
2215	3720
2220	3730
2225	3740
2230	3750
2235	3760
2240	3770
2245	3780
2250	3790
2255	3800
2260	3810
2265	3820
2270	3830
2275	3840
2280	3850
2285	3860
2290	3870
2295	3880
2300	3890
2305	3900
2310	3910
2315	3920
2320	3930
2325	3940
2330	3950
2335	3960
2340	3970
2345	3980
2350	3990
2355	4000
2360	4010
2365	4020
2370	4030
2375	4040
2380	4050
2385	4060
2390	4070
2395	4080
2400	4090
2405	4100
2410	4110
2415	4120
2420	4130
2425	4140
2430	4150
2435	4160
2440	4170
2445	4180
2450	4190
2455	4200
2460	4210
2465	4220
2470	4230
2475	4240
2480	4250
2485	4260
2490	4270
2495	4280
2500	4290
2505	4300
2510	4310
2515	4320
2520	4330
2525	4340
2530	4350
2535	4360
2540	4370
2545	4380
2550	4390
2555	4400
2560	4410
2565	4420
2570	4430
2575	4440
2580	4450
2585	4460
2590	4470
2595	4480
2600	4490
2605	4500
2610	4510
2615	4520
2620	4530
2625	4540
2630	4550
2635	4560
2640	4570
2645	4580
2650	4590
2655	4600
2660	4610
2665	4620
2670	4630
2675	4640
2680	4650
2685	4660
2690	4670
2695	4680
2700	4690
2705	4700
2710	4710
2715	4720
2720	4730
2725	4740
2730	4750
2735	4760
2740	4770
2745	4780
2750	4790
2755	4800
2760	4810
2765	4820
2770	4830
2775	4840
2780	4850
2785	4860
2790	4870
2795	4880
2800	4890
2805	4900
2810	4910
2815	4920
2820	4930
2825	4940
2830	4950
2835	4960
2840	4970
2845	4980
2850	4990
2855	5000
2860	5010
2865	5020
2870	5030
2875	5040
2880	5050
2885	5060
2890	5070
2895	5080
2900	5090
2905	5100
2910	5110
2915	5120
2920	5130
2925	5140
2930	5150
2935	5160
2940	5170
2945	5180
2950	5190
2955	5200
2960	5210
2965	5220
2970	5230
2975	5240
2980	5250
2985	5260
2990	5270
2995	5280
3000	5290
3005	5300
3010	5310
3015	5320
3020	5330
3025	5340
3030	5350
3035	5360
3040	5370
3045	5380
3050	5390
3055	5400
3060	5410
3065	5420
3070	5430
3075	5440
3080	5450
3085	5460
3090	5470
3095	5480
3100	5490
3105	5500
3110	5510
3115	5520
3120	5530
3125	5540
3130	5550
3135	5560
3140	5570
3145	5580
3150	5590
3155	5600
3160	5610
3165	5620
3170	5630
3175	5640
3180	5650
3185	5660
3190	5670
3195	5680
3200	5690
3205	5700
3210	5710
3215	5720
3220	5730
3225	5740
3230	5750
3235	5760
3240	5770
3245	5780
3250	5790
3255	5800
3260	5810
3265	5820
3270	5830
3275	5840
3280	5850
3285	5860
3290	5870
3295	5880
3300	5890
3305	5900
3310	5910
3315	5920
3320	5930
3325	5940
3330	5950
3335	5960
3340	5970
3345	5980
3350	5990
3355	6000
3360	6010
3365	6020
3370	6030
3375	6040
3380	6050
3385	6060
3390	6070
3395	6080
3400	6090
3405	6100
3410	6110
3415	6120
3420	6130
3425	6140
3430	6150
3435	6160
3440	6170
3445	6180
3450	6190
3455	6200
3460	6210
3465	6220
3470	6230
3475	6240
3480	6250
3485	6260
3490	6270
3495	6280
3500	6290
3505	6300
3510	6310
3515	6320
3520	6330
3525	6340
3530	6350
3535	6360
3540	6370
3545	6380
3550	6390
3555	6400
3560	6410
3565	6420
3570	6430
3575	6440
3580	6450
3585	6460
3590	6470
3595	6480
3600	6490
3605	6500
3610	6510
3615	6520
3620	6530
3625	6540
3630	6550
3635	6560
3640	6570
3645	6580
3650	6590
3655	6600
3660	6610
3665	6620
3670	6630
3675	6640
3680	6650
3685	6660
3690	6670
3695	6680
3700	6690
3705	6700
3710	6710
3715	6720
3720	6730
3725	6740
3730	6750
3735	6760
3740	6770
3745	6780
3750	6790
3755	6800
3760	6810
3765	6820
3770	6830
3775	6840
3780	6850
3785	6860
3790	6870
3795	6880
3800	6890
3805	6900
3810	6910
3815	6920
3820	6930
3825	6940
3830	6950
3835	6960
3840	6970
3845	6980
3850	6990
3855	7000
3860	7010
3865	7020
3870	7030
3875	7040
3880	7050
3885	7060
3890	7070
3895	7080
3900	7090
3905	7100
3910	7110
3915	7120
3920	7130
3925	7140
3930	7150
3935	7160
3940	7170
3945	7180
3950	7190
3955	7200
3960	7210
3965	7220
3970	7230
3975	7240
3980	7250
3985	7260
3990	7270
3995	7280
4000	7290
4005	7300
4010	7310
4015	7320
4020	7330
4025	7340
4030	7350
4035	7360
4040	7370
4045	7380
4050	7390
4055	7400
4060	7410
4065	7420
4070	7430
4075	7440
4080	7450
4085	7460
4090	7470
4095	7480
4100	7490
4105	7500
4110	7510
4115	7520
4120	7530
4125	7540
4130	7550
4135	7560
4140	7570
4145	7580
4150	7590
4155	7600
4160	7610
4165	7620
4170	7630
4175	7640
4180	7650
4185	7660
4190	7670
4195	7680
4200	7690
4205	7700
4210	7710
4215	7720
4220	7730
4225	7740
4230	7750
4235	7760
4240	7770
4245	7780
4250	7790
4255	7800
4260	7810
4265	7820
4270	7830
4275	7840
4280	7850
4285	7860
4290	7870
4295	7880
4300	7890
4305	7900
4310	7910
4315	7920
4320	7930
4325	7940
4330	7950
4335	7960
4340	7970
4345	7980
4350	7990
4355	8000
4360	8010
4365	8020
4370	8030
4375	8040
4380	8050
4385	8060
4390	8070
4395	8080
4400	8090
4405	8100
4410	8110
4415	8120
4420	8130
4425	8140
4430	8150
4435	8160
4440	8170
4445	8180
4450	8190
4455	8200
4460	8210
4465	8220
4470	8230
4475	8240
4480	8250
4485	8260
4490	8270
4495	8280
4500	8290
4505	8300
4510	8310
4515	8320
4520	8330
4525	8340
4530	8350
4535	8360
4540	8370
4545	8380
4550	8390
4555	8400
4560	8410
4565	8420
4570	8430
4575	8440
4580	8450
4585	8460
4590	8470
4595	8480
4600	8490
4605	8500
4610	8510
4615	8520
4620	8530
4625	8540
4630	8550
4635	8560
4640	8570
4645	8580
4650	8590
4655	8600
4660	8610
4665	8620
4670	8630
4675	8640
4680	8650
4685	8660
4690	8670
4695	8680
4700	8690
4705	8700
4710	8710
4715	8720
4720	8730
4725	8740
4730	8750
4735	8760
4740	8770
4745	8780
4750	8790
4755	8800
4760	8810
4765	8820
4770	8830
4775	8840
4780	8850
4785	8860
4790	8870
4795	8880
4800	8890
4805	8900
4810	8910
4815	8920
4820	8930
4825	8940
4830	8950
4835	8960
4840	8970
4845	8980
4850	8990
4855	9000
4860	9010
4865	9020
4870	9030
4875	9040
4880	9050
4885	9060
4890	9070
4895	9080
4900	9090
4905	9100
4910	9110
4915	9120
4920	9130
4925	9140
4930	9150
4935	9160
4940	9170
4945	9180
4950	9190
4955	9200
4960	9210
4965	9220
4970	9230
4975	9240
4980	9250
4985	9260
4990	9270
4995	9280
5000	9290
5005	9300
5010	9310
5015	9320
5020	9330
5025	9340
5030	9350
5035	9360
5040	9370
5045	9380
5050	9390
5055	9400
5060	9410
5065	9420
5070	9430
5075	9440
5080	9450
5085	9460
5090	9470
5095	9480
5100	9490
5105	9500
5110	9510
5115	9520
5120	9530
5125	9540
5130	9550
5135	9560
5140	9570
5145	9580
5150	9590
5155	9600
5160	9610
5165	9620
5170	9630
5175	9640
5180	9650
5185	9660
5190	9670
5195	9680
5200	9690
5205	9700
5210	9710
5215	9720
5220	9730
5225	9740
5230	9750
5235	9760
5240	9770
5245	9780
5250	9790
5255	9800
5260	9810
5265	9820
5270	9830
5275	9840
5280	9850
5285	9860
5290	9870
5295	9880
5300	9890
5305	9900
5310	9910
5315	9920
5320	9930
5325	9940
5330	9950
5335	9960
5340	9970
5345	9980
5350	9990
5355	10000
5360	10010
5365	10020
5370	10030
5375	10040
5380	10050
5385	10060
5390	10070
5395	10080
5400	10090
5405	10100
5410	10110
5415	10120
5420	10130
5425	10140
5430	10150
5435	10160
5440	10170
5445	10180
5450	10190
5455	10200
5460	10210
5465	10220
5470	10230
5475	10240
5480	10250
5485	10260
5490	10270
5495	10280
5500	10290
5505	10300
5510	10310
5515	10320
5520	10330
5525	10340
5530	10350
5535	10360
5540	10370
5545	10380
5550	10390
5555	10400
5560	10410
5565	10420
5570	10430
5575	10440
5580	10450
5585	10460
5590	10470
5595	10480
5600	10490
5605	10500
5610	10510
5615	10520
5620	10530
5625	10540
5630	10550
5635	10560
5640	10570
5645	10580
5650	10590
5655	10600
5660	10610
5665	10620
5670	10630
5675	10640
5680	10650
5685	10660
5690	10670
5695	10680
5700	10690
5705	10700
5710	10710
5715	10720
5720	10730
5725	10740
5730	10750
5735	10760
5740	10770
5745	10780
5750	10790
5755	10800
5760	10810
5765	10820
5770	10830
5775	10840
5780	10850
5785	10860
5790	10870
5795	10880
5800	10890
5805	10900
5810	10910
5815	10920
5820	10930
5825	10940
5830	10950
5835	10960
5840	10970
5845	10980
5850	10990
5855	11000
5860	11010
5865	11020
5870	11030
5875	11040
5880	11050
5885	11060
5890	11070
5895	11080
5900	11090
5905	11100
5910	11110
5915	11120
5920	11130
5925	11140
5930	11150
5935	11160
5940	11170
5945	11180
5950	11190
5955	11200
5960	11210
5965	11220
5970	11230
5975	11240
5980	11250
5985	11260
5990	11270
5995	11280
6000	11290
6005	11300
6010	11310
6015	11320
6020	11330
6025	11340
6030	11350
6035	11360
6040	11370
6045	11380
6050	11390
6055	11400
6060	11410
6065	11420
6070	11430
6075	11440
6080	11450
6085	11460
6090	11470
6095	11480
6100	11490
6105	11500
6110	11510
6115	11520
6120	11530
6125	11540
6130	11550
6135	11560
6140	11570
6145	11580
6150	11590
6155	11600
6160	11610
6165	11620
6170	11630
6175	11640
6180	11650
6185	11660
6190	11670
6195	11680
6200	11690
6205	11700
6210	11710
6215	11720
6220	11730
6225	11740
6230	11750
6235	11760
6240	11770
6245	11780
6250	11790
6255	11800
6260	11810
6265	11820
6270	11830
6275	11840
6280	11850
6285	11860
6290	11870
6295	11880
6300	11890
6305	11900
6310	11910
6315	11920
6320	11930
6325	11940
6330	11950
6335	11960
6340	11970
6345	11980
6350	11990
6355	12000
6360	12010
6365	12020
6370	12030
6375	12040
6380	12050
6385	12060
6390	12070
6395	12080
6400	12090
6405	12100
6410	12110
6415	12120
6420	12130
6425	12140
6430	12150
6435	12160
6440	12170
6445	12180
6450	12190
6455	12200
6460	12210
6465	12220
6470	12230
6475	12240
6480	12250
6485	12260
6490	12270
6495	12280
6500	12290
6505	12300
6510	12310
6515	12320
6520	12330
6525	12340
6530	12350
6535	12360
6540	12370
6545	12380
6550	12390
6555	12400
6560	12410
6565	12420
6570	12430
6575	12440
6580	12450
6585	12460
6590	12470
6595	12480
6600	12490
6605	12500
6610	12510
6615	12520
6620	12530
6625	12540
6630	12550
6635	12560
6640	12570
6645	12580
6650	12590
6655	12600
6660	12610
6665	12620
6670	12630
6675	12640
6680	12650
6685	12660
6690	12670
6695	12680
6700	12690
6705	12700
6710	12710
6715	12720
6720	12730
6725	12740
6730	12750
6735	12760
6740	12770
6745	12780
6750	12790
6755	12800
6760	12810
6765	12820
6770	12830
6775	12840
6780	12850
6785	12860
6790	12870
6795	12880
6800	12890
6805	12900
6810	12910
6815	12920
6820	12930
6825	12940
6830	12950
6835	12960
6840	12970
6845	12980
6850	12990
6855	13000
6860	13010
6865	13020
6870	13030
6875	13040
6880	13050
6885	13060
6890	13070
6895	13080
6900	13090
6905	13100
6910	13110
6915	13120
6920	13130
6925	13140
6930	13150
6935	13160
6940	13170
6945	13180
6950	13190
6955	13200
6960	13210
6965	13220
6970	13230
6975	13240
6980	13250
6985	13260
6990	13270
6995	13280
7000	13290
7005	13300
7010	13310
7015	13320
7020	13330
7025	13340
7030	13350
7035	13360
7040	13370
7045	13380
7050	13390
7055	13400
7060	13410
7065	13420
7070	13430
7075	13440
7080	13450
7085	13460
7090	13470
7095	13480
7100	13490
7105	13500
7110	13510
7115	13520
7120	13530
7125	13540
7130	13550
7135	13560
7140	13570
7145	13580
7150	13590
7155	13600
7160	13610
7165	13620
7170	13630
7175	13640
7180	13650
7185	13660
7190	13670
7195	13680
7200	13690
7205	13700
7210	13710
7215	13720
7220	13730
7225	13740
7230	13750
7235	13760
7240	13770
7245	13780
7250	13790
7255	13800
7260	13810
7265	13820
7270	13830
7275	13840
7280	13850
7285	13860
7290	13870
7295	13880
7300	13890
7305	13900
7310	13910
7315	13920
7320	13930
7325	13940
7330	13950
7335	13960
7340	13970
7345	13980
7350	13990
7355	14000
7360	14010
7365	14020
7370	14030
7375	14040
7380	14050
7385	14060
7390	14070
7395	14080
7400	14090
7405	14100
7410	14110
7415	14120
7420	14130
7425	14140
7430	14150
7435	14160
7440	14170
7445	14180
7450	14190
7455	14200
7460	14210
7465	14220
7470	14230
7475	14240
7480	14250
7485	14260
7490	14270
7495	14280
7500	14290
7505	14300
7510	14310
7515	14320
7520	14330
7525	14340
7530	14350
7535	14360
7540	14370
7545	14380
7550	14390
7555	14400
7560	14410
7565	14420
7570	14430
7575	14440
7580	14450
7585	14460
7590	14470
7595	14480
7600	14490
7605	14500
7610	14510
7615	14520
7620	14530
7625	14540
7630	14550
7635	14560
7640	14570
7645	14580
7650	14590
7655	14600
7660	14610
7665	14620
7670	14630
7675	14640
7680	14650
7685	14660
7690	14670
7695	14680
7700	14690
7705	14700
7710	14710
7715	14720
7720	14730
7725	14740
7730	14750
7735	14760
7740	14770
7745	14780
7750	14790
7755	14800
7760	14810
7765	14820
7770	14830
7775	14840
7780	14850
7785	14860
7790	14870
7795	14880
7800	14890
7805	14900
7810	14910
7815	14920
7820	14930
7825	14940
7830	14950
7835	14960
7840	14970
7845	14980
7850	14990
7855	15000
7860	15010
7865	15020
7870	15030
7875	15040
7880	15050
7885	15060
7890	15070
7895	15080
7900	15090
7905	15100
7910	15110
7915	15120
7920	15130
7925	15140
7930	15150
7935	15160
7940	15170
7945	15180
7950	15190
7955	15200
7960	15210
7965	15220
7970	15230
7975	15240
7980	15250
7985	15260
7990	15270
7995	15280
8000	15290
8005	15300
8010	15310
8015	15320
8020	15330
8025	15340
8030	15350
8035	15360
8040	15370
8045	15380
8050	15390
8055	15400
8060	15410
8065	15420
8070	15430
8075	15440
8080	15450
8085	15460
8090	15470
8095	15480
8100	15490
8105	15500
8110	15510
8115	15520
8120	15530
8125	15540
8130	15550
8135	15560
8140	15570
8145	15580
8150	15590
8155	15600
8160	15610
8165	15620
8170	15630
8175	15640
8180	15650
8185	15660
8190	15670
8195	15680
8200	15690
8205	15700
8210	15710
8215	15720
8220	15730
8225	15740
8230	15750
8235	15760
8240	15770
8245	15780
8250	15790
8255	15800
8260	15810
8265	15820
8270	15830
8275	15840
8280	15850
8285	15860
8290	15870
8295	15880
8300	15890
8305	15900
8310	15910
8315	15920
8320	15930
8325	15940
8330	15950
8335	15960
8340	15970
8345	15980
8350	15990
8355	16000
8360	16010
8365	16020
8370	16030
8375	16040
8380	16050
8385	16060
8390	16070
8395	16080
8400	16090
8405	16100
8410	16110
8415	16120
8420	16130
8425	16140
8430	16150
8435	16160
8440	16170
8445	16180
8450	16190
8455	16200
8460	16210
8465	16220
8470	16230
8475	16240
8480	16250
8485	16260
8490	16270
8495	16280
8500	16290
8505	16300
8510	16310
8515	16320
8520	16330
8525	16340
8530	16350
8535	16360
8540	16370
8545	16380
8550	16390
8555	16400
8560	16410
8565	16420
8570	16430
8575	16440
8580	16450
8585	16460
8590	16470
8595	16480
8600	16490
8605	16500
8610	16510
8615	16520
8620	16530
8625	16540
8630	16550
8635	16560
8640	16570
8645	16580
8650	16590
8655	16600
8660	16610
8665	16620
8670	16630
8675	16640
8680	16650
8685	16660
8690	16670
8695	16680
8700	16690
8705	16700
8710	16710
8715	16720
8720	16730
8725	16740
8730	16750
8735	16760
8740	16770
8745	16780
8750	16790
8755	16800
8760	16810
8765	16820
8770	16830
8775	16840
8780	16850
8785	16860
8790	16870
8795	16880
8800	16890
8805	16900
8810	16910
8815	16920
8820	16930
8825	16940
8830	16950
8835	16960
8840	16970
8845	16980
8850	16990
8855	17000
8860	17010
8865	17020
8870	17030
8875	17040
8880	17050
8885	17060
8890	17070
8895	17080
8900	17090
8905	17100
8910	17110
8915	17120
8920	17130
8925	17140
8930	17150
8935	17160
8940	17170
8945	17180
8950	17190
8955	17200
8960	17210
8965	17220
8970	17230
8975	17240
8980	17250
8985	17260
8990	17270
8995	17280
9000	17290
9005	17300
9010	17310
9015	17320
9020	17330
9025	17340
9030	17350
9035	17360
9040	17370
9045	17380
9050	17390
9055	17400
9060	17410
9065	17420
9070	17430
9075	17440
9080	17450
9085	17460
9090	17470
9095	17480
9100	17490
9105	17500
9110	17510
9115	17520
9120	17530
9125	17540
9130	17550
9135	17560
9140	17570
9145	17580
9150	17590
9155	17600
9160	17610
9165	17620
9170	17630
9175	17640
9180	17650
9185	17660
9190	17670
9195	17680
9200	17690
9205	17700
9210	17710
9215	17720
9220	17730
9225	17740
9230	17750
9235	17760
9240	17770
9245	17780
9250	17790
9255	17800
9260	17810
9265	17820
9270	17830
9275	17840
9280	17850
9285	17860
9290	17870
9295	17880
9300	17890
9305	17900
9310	17910
9315	17920
9320	17930
9325	17940
9330	17950
9335	17960
9340	17970
9345	17980
9350	17990
9355	18000
9360	18010
9365	18020
9370	18030
9375	18040
9380	18050
9385	18060
9390	18070
9395	18080
9400	18090
9405	18100
9410	18110
9415	18120
9420	18130
9425	18140
9430	18150
9435	18160
9440	18170
9445	18180
9450	18190
9455	18200
9460	18210
9465	18220
9470	18230
9475	18240
9480	18250
9485	18260
9490	18270
9495	18280
9500	18290
9505	18300
9510	18310
9515	18320
9520	18330
9525	18340
9530	18350
9535	18360
9540	18370
9545	18380
9550	18390
9555	18400
9560	18410
9565	18420
9570	18430
9575	18440
9580	18450
9585	18460
9590	18470
9595	18480
9600	18490
9605	18500
9610	18510
9615	18520
9620	18530
9625	18540
9630	18550
9635	18560
9640	18570
9645	18580
9650	18590
9655	18600
9660	18610
9665	18620
9670	18630
9675	18640
9680	18650
9685	18660
9690	18670
9695	18680
9700	18690
9705	18700
9710	18710
9715	18720
9720	18730
9725	18740
9730	18750
9735	18760
9740	18770
9745	18780
9750	18790
9755	18800
9760	18810
9765	18820
9770	18830
9775	18840
9780	18850
9785	18860
9790	18870
9795	18880
9800	18890
9805	18900
9810	18910
9815	18920
9820	18930
9825	18940
9830	18950
9835	18960
9840	18970
9845	18980
9850	18990
9855	19000
9860	19010
9865	19020
9870	19030
9875	19040
9880	19050
9885	19060
9890	19070
9895	19080
9900	19090
9905	19100
9910	19110
9915	19120
9920	19130
9925	19140
9930	19150
9935	19160
9940	19170
9945	19180
9950	19190
9955	19200
9960	19210
9965	19220
9970	19230
9975	19240
9980	19250
9985	19260
9990	19270
9995	19280
10000	19290
