# ggF->H->hh->bbtautau [pb]
# arXiv:1510.01181, Figure 8, bottom right
# mHh=[260 GeV, 350 GeV]
# 1000
10	1240
20	1230
30	1220
40	1210
50	1200
60	1190
70	1180
80	1170
90	1160
100	1150
110	1140
120	1130
130	1120
140	1110
150	1100
160	1090
170	1080
180	1070
190	1060
200	1050
210	1040
220	1030
230	1020
240	1010
250	1000
260	0.20879
270	0.24176
280	0.22637
290	0.18462
300	0.1956
310	0.3033
320	0.3011
330	0.28352
340	0.19121
350	0.12747
360	1000
370	1010
380	1020
390	1030
400	1040
410	1050
420	1060
430	1070
440	1080
450	1090
460	1100
470	1110
480	1120
490	1130
500	1140
510	1150
520	1160
530	1170
540	1180
550	1190
560	1200
570	1210
580	1220
590	1230
600	1240
610	1250
620	1260
630	1270
640	1280
650	1290
660	1300
670	1310
680	1320
690	1330
700	1340
710	1350
720	1360
730	1370
740	1380
750	1390
760	1400
770	1410
780	1420
790	1430
800	1440
810	1450
820	1460
830	1470
840	1480
850	1490
860	1500
870	1510
880	1520
890	1530
900	1540
910	1550
920	1560
930	1570
940	1580
950	1590
960	1600
970	1610
980	1620
990	1630
1000	1640
1010	1650
1020	1660
1030	1670
1040	1680
1050	1690
1060	1700
1070	1710
1080	1720
1090	1730
1100	1740
1110	1750
1120	1760
1130	1770
1140	1780
1150	1790
1160	1800
1170	1810
1180	1820
1190	1830
1200	1840
1210	1850
1220	1860
1230	1870
1240	1880
1250	1890
1260	1900
1270	1910
1280	1920
1290	1930
1300	1940
1310	1950
1320	1960
1330	1970
1340	1980
1350	1990
1360	2000
1370	2010
1380	2020
1390	2030
1400	2040
1410	2050
1420	2060
1430	2070
1440	2080
1450	2090
1460	2100
1470	2110
1480	2120
1490	2130
1500	2140
1510	2150
1520	2160
1530	2170
1540	2180
1550	2190
1560	2200
1570	2210
1580	2220
1590	2230
1600	2240
1610	2250
1620	2260
1630	2270
1640	2280
1650	2290
1660	2300
1670	2310
1680	2320
1690	2330
1700	2340
1710	2350
1720	2360
1730	2370
1740	2380
1750	2390
1760	2400
1770	2410
1780	2420
1790	2430
1800	2440
1810	2450
1820	2460
1830	2470
1840	2480
1850	2490
1860	2500
1870	2510
1880	2520
1890	2530
1900	2540
1910	2550
1920	2560
1930	2570
1940	2580
1950	2590
1960	2600
1970	2610
1980	2620
1990	2630
2000	2640
2010	2650
2020	2660
2030	2670
2040	2680
2050	2690
2060	2700
2070	2710
2080	2720
2090	2730
2100	2740
2110	2750
2120	2760
2130	2770
2140	2780
2150	2790
2160	2800
2170	2810
2180	2820
2190	2830
2200	2840
2210	2850
2220	2860
2230	2870
2240	2880
2250	2890
2260	2900
2270	2910
2280	2920
2290	2930
2300	2940
2310	2950
2320	2960
2330	2970
2340	2980
2350	2990
2360	3000
2370	3010
2380	3020
2390	3030
2400	3040
2410	3050
2420	3060
2430	3070
2440	3080
2450	3090
2460	3100
2470	3110
2480	3120
2490	3130
2500	3140
2510	3150
2520	3160
2530	3170
2540	3180
2550	3190
2560	3200
2570	3210
2580	3220
2590	3230
2600	3240
2610	3250
2620	3260
2630	3270
2640	3280
2650	3290
2660	3300
2670	3310
2680	3320
2690	3330
2700	3340
2710	3350
2720	3360
2730	3370
2740	3380
2750	3390
2760	3400
2770	3410
2780	3420
2790	3430
2800	3440
2810	3450
2820	3460
2830	3470
2840	3480
2850	3490
2860	3500
2870	3510
2880	3520
2890	3530
2900	3540
2910	3550
2920	3560
2930	3570
2940	3580
2950	3590
2960	3600
2970	3610
2980	3620
2990	3630
3000	3640
3010	3650
3020	3660
3030	3670
3040	3680
3050	3690
3060	3700
3070	3710
3080	3720
3090	3730
3100	3740
3110	3750
3120	3760
3130	3770
3140	3780
3150	3790
3160	3800
3170	3810
3180	3820
3190	3830
3200	3840
3210	3850
3220	3860
3230	3870
3240	3880
3250	3890
3260	3900
3270	3910
3280	3920
3290	3930
3300	3940
3310	3950
3320	3960
3330	3970
3340	3980
3350	3990
3360	4000
3370	4010
3380	4020
3390	4030
3400	4040
3410	4050
3420	4060
3430	4070
3440	4080
3450	4090
3460	4100
3470	4110
3480	4120
3490	4130
3500	4140
3510	4150
3520	4160
3530	4170
3540	4180
3550	4190
3560	4200
3570	4210
3580	4220
3590	4230
3600	4240
3610	4250
3620	4260
3630	4270
3640	4280
3650	4290
3660	4300
3670	4310
3680	4320
3690	4330
3700	4340
3710	4350
3720	4360
3730	4370
3740	4380
3750	4390
3760	4400
3770	4410
3780	4420
3790	4430
3800	4440
3810	4450
3820	4460
3830	4470
3840	4480
3850	4490
3860	4500
3870	4510
3880	4520
3890	4530
3900	4540
3910	4550
3920	4560
3930	4570
3940	4580
3950	4590
3960	4600
3970	4610
3980	4620
3990	4630
4000	4640
4010	4650
4020	4660
4030	4670
4040	4680
4050	4690
4060	4700
4070	4710
4080	4720
4090	4730
4100	4740
4110	4750
4120	4760
4130	4770
4140	4780
4150	4790
4160	4800
4170	4810
4180	4820
4190	4830
4200	4840
4210	4850
4220	4860
4230	4870
4240	4880
4250	4890
4260	4900
4270	4910
4280	4920
4290	4930
4300	4940
4310	4950
4320	4960
4330	4970
4340	4980
4350	4990
4360	5000
4370	5010
4380	5020
4390	5030
4400	5040
4410	5050
4420	5060
4430	5070
4440	5080
4450	5090
4460	5100
4470	5110
4480	5120
4490	5130
4500	5140
4510	5150
4520	5160
4530	5170
4540	5180
4550	5190
4560	5200
4570	5210
4580	5220
4590	5230
4600	5240
4610	5250
4620	5260
4630	5270
4640	5280
4650	5290
4660	5300
4670	5310
4680	5320
4690	5330
4700	5340
4710	5350
4720	5360
4730	5370
4740	5380
4750	5390
4760	5400
4770	5410
4780	5420
4790	5430
4800	5440
4810	5450
4820	5460
4830	5470
4840	5480
4850	5490
4860	5500
4870	5510
4880	5520
4890	5530
4900	5540
4910	5550
4920	5560
4930	5570
4940	5580
4950	5590
4960	5600
4970	5610
4980	5620
4990	5630
5000	5640
5010	5650
5020	5660
5030	5670
5040	5680
5050	5690
5060	5700
5070	5710
5080	5720
5090	5730
5100	5740
5110	5750
5120	5760
5130	5770
5140	5780
5150	5790
5160	5800
5170	5810
5180	5820
5190	5830
5200	5840
5210	5850
5220	5860
5230	5870
5240	5880
5250	5890
5260	5900
5270	5910
5280	5920
5290	5930
5300	5940
5310	5950
5320	5960
5330	5970
5340	5980
5350	5990
5360	6000
5370	6010
5380	6020
5390	6030
5400	6040
5410	6050
5420	6060
5430	6070
5440	6080
5450	6090
5460	6100
5470	6110
5480	6120
5490	6130
5500	6140
5510	6150
5520	6160
5530	6170
5540	6180
5550	6190
5560	6200
5570	6210
5580	6220
5590	6230
5600	6240
5610	6250
5620	6260
5630	6270
5640	6280
5650	6290
5660	6300
5670	6310
5680	6320
5690	6330
5700	6340
5710	6350
5720	6360
5730	6370
5740	6380
5750	6390
5760	6400
5770	6410
5780	6420
5790	6430
5800	6440
5810	6450
5820	6460
5830	6470
5840	6480
5850	6490
5860	6500
5870	6510
5880	6520
5890	6530
5900	6540
5910	6550
5920	6560
5930	6570
5940	6580
5950	6590
5960	6600
5970	6610
5980	6620
5990	6630
6000	6640
6010	6650
6020	6660
6030	6670
6040	6680
6050	6690
6060	6700
6070	6710
6080	6720
6090	6730
6100	6740
6110	6750
6120	6760
6130	6770
6140	6780
6150	6790
6160	6800
6170	6810
6180	6820
6190	6830
6200	6840
6210	6850
6220	6860
6230	6870
6240	6880
6250	6890
6260	6900
6270	6910
6280	6920
6290	6930
6300	6940
6310	6950
6320	6960
6330	6970
6340	6980
6350	6990
6360	7000
6370	7010
6380	7020
6390	7030
6400	7040
6410	7050
6420	7060
6430	7070
6440	7080
6450	7090
6460	7100
6470	7110
6480	7120
6490	7130
6500	7140
6510	7150
6520	7160
6530	7170
6540	7180
6550	7190
6560	7200
6570	7210
6580	7220
6590	7230
6600	7240
6610	7250
6620	7260
6630	7270
6640	7280
6650	7290
6660	7300
6670	7310
6680	7320
6690	7330
6700	7340
6710	7350
6720	7360
6730	7370
6740	7380
6750	7390
6760	7400
6770	7410
6780	7420
6790	7430
6800	7440
6810	7450
6820	7460
6830	7470
6840	7480
6850	7490
6860	7500
6870	7510
6880	7520
6890	7530
6900	7540
6910	7550
6920	7560
6930	7570
6940	7580
6950	7590
6960	7600
6970	7610
6980	7620
6990	7630
7000	7640
7010	7650
7020	7660
7030	7670
7040	7680
7050	7690
7060	7700
7070	7710
7080	7720
7090	7730
7100	7740
7110	7750
7120	7760
7130	7770
7140	7780
7150	7790
7160	7800
7170	7810
7180	7820
7190	7830
7200	7840
7210	7850
7220	7860
7230	7870
7240	7880
7250	7890
7260	7900
7270	7910
7280	7920
7290	7930
7300	7940
7310	7950
7320	7960
7330	7970
7340	7980
7350	7990
7360	8000
7370	8010
7380	8020
7390	8030
7400	8040
7410	8050
7420	8060
7430	8070
7440	8080
7450	8090
7460	8100
7470	8110
7480	8120
7490	8130
7500	8140
7510	8150
7520	8160
7530	8170
7540	8180
7550	8190
7560	8200
7570	8210
7580	8220
7590	8230
7600	8240
7610	8250
7620	8260
7630	8270
7640	8280
7650	8290
7660	8300
7670	8310
7680	8320
7690	8330
7700	8340
7710	8350
7720	8360
7730	8370
7740	8380
7750	8390
7760	8400
7770	8410
7780	8420
7790	8430
7800	8440
7810	8450
7820	8460
7830	8470
7840	8480
7850	8490
7860	8500
7870	8510
7880	8520
7890	8530
7900	8540
7910	8550
7920	8560
7930	8570
7940	8580
7950	8590
7960	8600
7970	8610
7980	8620
7990	8630
8000	8640
8010	8650
8020	8660
8030	8670
8040	8680
8050	8690
8060	8700
8070	8710
8080	8720
8090	8730
8100	8740
8110	8750
8120	8760
8130	8770
8140	8780
8150	8790
8160	8800
8170	8810
8180	8820
8190	8830
8200	8840
8210	8850
8220	8860
8230	8870
8240	8880
8250	8890
8260	8900
8270	8910
8280	8920
8290	8930
8300	8940
8310	8950
8320	8960
8330	8970
8340	8980
8350	8990
8360	9000
8370	9010
8380	9020
8390	9030
8400	9040
8410	9050
8420	9060
8430	9070
8440	9080
8450	9090
8460	9100
8470	9110
8480	9120
8490	9130
8500	9140
8510	9150
8520	9160
8530	9170
8540	9180
8550	9190
8560	9200
8570	9210
8580	9220
8590	9230
8600	9240
8610	9250
8620	9260
8630	9270
8640	9280
8650	9290
8660	9300
8670	9310
8680	9320
8690	9330
8700	9340
8710	9350
8720	9360
8730	9370
8740	9380
8750	9390
8760	9400
8770	9410
8780	9420
8790	9430
8800	9440
8810	9450
8820	9460
8830	9470
8840	9480
8850	9490
8860	9500
8870	9510
8880	9520
8890	9530
8900	9540
8910	9550
8920	9560
8930	9570
8940	9580
8950	9590
8960	9600
8970	9610
8980	9620
8990	9630
9000	9640
9010	9650
9020	9660
9030	9670
9040	9680
9050	9690
9060	9700
9070	9710
9080	9720
9090	9730
9100	9740
9110	9750
9120	9760
9130	9770
9140	9780
9150	9790
9160	9800
9170	9810
9180	9820
9190	9830
9200	9840
9210	9850
9220	9860
9230	9870
9240	9880
9250	9890
9260	9900
9270	9910
9280	9920
9290	9930
9300	9940
9310	9950
9320	9960
9330	9970
9340	9980
9350	9990
9360	10000
9370	10010
9380	10020
9390	10030
9400	10040
9410	10050
9420	10060
9430	10070
9440	10080
9450	10090
9460	10100
9470	10110
9480	10120
9490	10130
9500	10140
9510	10150
9520	10160
9530	10170
9540	10180
9550	10190
9560	10200
9570	10210
9580	10220
9590	10230
9600	10240
9610	10250
9620	10260
9630	10270
9640	10280
9650	10290
9660	10300
9670	10310
9680	10320
9690	10330
9700	10340
9710	10350
9720	10360
9730	10370
9740	10380
9750	10390
9760	10400
9770	10410
9780	10420
9790	10430
9800	10440
9810	10450
9820	10460
9830	10470
9840	10480
9850	10490
9860	10500
9870	10510
9880	10520
9890	10530
9900	10540
9910	10550
9920	10560
9930	10570
9940	10580
9950	10590
9960	10600
9970	10610
9980	10620
9990	10630
10000	10640
