# ggF->A->hZ->tautaull [pb] (l=e, mu or tau)
# arXiv:1510.01181, Figure 10 left
# mHh=[220 GeV,350 GeV]
# 1000
10	10200
20	10190
30	10180
40	10170
50	10160
60	10150
70	10140
80	10130
90	10120
100	10110
110	10100
120	10090
130	10080
140	10070
150	10060
160	10050
170	10040
180	10030
190	10020
200	10010
210	10000
220	0.01672201
230	0.01448876
240	0.01242218
250	0.00968893
260	0.0070668
270	0.00566667
280	0.00493342
290	0.00453351
300	0.00480004
310	0.00506701
320	0.00583355
330	0.00682252
340	0.0068115
350	0.00668936
360	10000
370	10010
380	10020
390	10030
400	10040
410	10050
420	10060
430	10070
440	10080
450	10090
460	10100
470	10110
480	10120
490	10130
500	10140
510	10150
520	10160
530	10170
540	10180
550	10190
560	10200
570	10210
580	10220
590	10230
600	10240
610	10250
620	10260
630	10270
640	10280
650	10290
660	10300
670	10310
680	10320
690	10330
700	10340
710	10350
720	10360
730	10370
740	10380
750	10390
760	10400
770	10410
780	10420
790	10430
800	10440
810	10450
820	10460
830	10470
840	10480
850	10490
860	10500
870	10510
880	10520
890	10530
900	10540
910	10550
920	10560
930	10570
940	10580
950	10590
960	10600
970	10610
980	10620
990	10630
1000	10640
1010	10650
1020	10660
1030	10670
1040	10680
1050	10690
1060	10700
1070	10710
1080	10720
1090	10730
1100	10740
1110	10750
1120	10760
1130	10770
1140	10780
1150	10790
1160	10800
1170	10810
1180	10820
1190	10830
1200	10840
1210	10850
1220	10860
1230	10870
1240	10880
1250	10890
1260	10900
1270	10910
1280	10920
1290	10930
1300	10940
1310	10950
1320	10960
1330	10970
1340	10980
1350	10990
1360	11000
1370	11010
1380	11020
1390	11030
1400	11040
1410	11050
1420	11060
1430	11070
1440	11080
1450	11090
1460	11100
1470	11110
1480	11120
1490	11130
1500	11140
1510	11150
1520	11160
1530	11170
1540	11180
1550	11190
1560	11200
1570	11210
1580	11220
1590	11230
1600	11240
1610	11250
1620	11260
1630	11270
1640	11280
1650	11290
1660	11300
1670	11310
1680	11320
1690	11330
1700	11340
1710	11350
1720	11360
1730	11370
1740	11380
1750	11390
1760	11400
1770	11410
1780	11420
1790	11430
1800	11440
1810	11450
1820	11460
1830	11470
1840	11480
1850	11490
1860	11500
1870	11510
1880	11520
1890	11530
1900	11540
1910	11550
1920	11560
1930	11570
1940	11580
1950	11590
1960	11600
1970	11610
1980	11620
1990	11630
2000	11640
2010	11650
2020	11660
2030	11670
2040	11680
2050	11690
2060	11700
2070	11710
2080	11720
2090	11730
2100	11740
2110	11750
2120	11760
2130	11770
2140	11780
2150	11790
2160	11800
2170	11810
2180	11820
2190	11830
2200	11840
2210	11850
2220	11860
2230	11870
2240	11880
2250	11890
2260	11900
2270	11910
2280	11920
2290	11930
2300	11940
2310	11950
2320	11960
2330	11970
2340	11980
2350	11990
2360	12000
2370	12010
2380	12020
2390	12030
2400	12040
2410	12050
2420	12060
2430	12070
2440	12080
2450	12090
2460	12100
2470	12110
2480	12120
2490	12130
2500	12140
2510	12150
2520	12160
2530	12170
2540	12180
2550	12190
2560	12200
2570	12210
2580	12220
2590	12230
2600	12240
2610	12250
2620	12260
2630	12270
2640	12280
2650	12290
2660	12300
2670	12310
2680	12320
2690	12330
2700	12340
2710	12350
2720	12360
2730	12370
2740	12380
2750	12390
2760	12400
2770	12410
2780	12420
2790	12430
2800	12440
2810	12450
2820	12460
2830	12470
2840	12480
2850	12490
2860	12500
2870	12510
2880	12520
2890	12530
2900	12540
2910	12550
2920	12560
2930	12570
2940	12580
2950	12590
2960	12600
2970	12610
2980	12620
2990	12630
3000	12640
3010	12650
3020	12660
3030	12670
3040	12680
3050	12690
3060	12700
3070	12710
3080	12720
3090	12730
3100	12740
3110	12750
3120	12760
3130	12770
3140	12780
3150	12790
3160	12800
3170	12810
3180	12820
3190	12830
3200	12840
3210	12850
3220	12860
3230	12870
3240	12880
3250	12890
3260	12900
3270	12910
3280	12920
3290	12930
3300	12940
3310	12950
3320	12960
3330	12970
3340	12980
3350	12990
3360	13000
3370	13010
3380	13020
3390	13030
3400	13040
3410	13050
3420	13060
3430	13070
3440	13080
3450	13090
3460	13100
3470	13110
3480	13120
3490	13130
3500	13140
3510	13150
3520	13160
3530	13170
3540	13180
3550	13190
3560	13200
3570	13210
3580	13220
3590	13230
3600	13240
3610	13250
3620	13260
3630	13270
3640	13280
3650	13290
3660	13300
3670	13310
3680	13320
3690	13330
3700	13340
3710	13350
3720	13360
3730	13370
3740	13380
3750	13390
3760	13400
3770	13410
3780	13420
3790	13430
3800	13440
3810	13450
3820	13460
3830	13470
3840	13480
3850	13490
3860	13500
3870	13510
3880	13520
3890	13530
3900	13540
3910	13550
3920	13560
3930	13570
3940	13580
3950	13590
3960	13600
3970	13610
3980	13620
3990	13630
4000	13640
4010	13650
4020	13660
4030	13670
4040	13680
4050	13690
4060	13700
4070	13710
4080	13720
4090	13730
4100	13740
4110	13750
4120	13760
4130	13770
4140	13780
4150	13790
4160	13800
4170	13810
4180	13820
4190	13830
4200	13840
4210	13850
4220	13860
4230	13870
4240	13880
4250	13890
4260	13900
4270	13910
4280	13920
4290	13930
4300	13940
4310	13950
4320	13960
4330	13970
4340	13980
4350	13990
4360	14000
4370	14010
4380	14020
4390	14030
4400	14040
4410	14050
4420	14060
4430	14070
4440	14080
4450	14090
4460	14100
4470	14110
4480	14120
4490	14130
4500	14140
4510	14150
4520	14160
4530	14170
4540	14180
4550	14190
4560	14200
4570	14210
4580	14220
4590	14230
4600	14240
4610	14250
4620	14260
4630	14270
4640	14280
4650	14290
4660	14300
4670	14310
4680	14320
4690	14330
4700	14340
4710	14350
4720	14360
4730	14370
4740	14380
4750	14390
4760	14400
4770	14410
4780	14420
4790	14430
4800	14440
4810	14450
4820	14460
4830	14470
4840	14480
4850	14490
4860	14500
4870	14510
4880	14520
4890	14530
4900	14540
4910	14550
4920	14560
4930	14570
4940	14580
4950	14590
4960	14600
4970	14610
4980	14620
4990	14630
5000	14640
5010	14650
5020	14660
5030	14670
5040	14680
5050	14690
5060	14700
5070	14710
5080	14720
5090	14730
5100	14740
5110	14750
5120	14760
5130	14770
5140	14780
5150	14790
5160	14800
5170	14810
5180	14820
5190	14830
5200	14840
5210	14850
5220	14860
5230	14870
5240	14880
5250	14890
5260	14900
5270	14910
5280	14920
5290	14930
5300	14940
5310	14950
5320	14960
5330	14970
5340	14980
5350	14990
5360	15000
5370	15010
5380	15020
5390	15030
5400	15040
5410	15050
5420	15060
5430	15070
5440	15080
5450	15090
5460	15100
5470	15110
5480	15120
5490	15130
5500	15140
5510	15150
5520	15160
5530	15170
5540	15180
5550	15190
5560	15200
5570	15210
5580	15220
5590	15230
5600	15240
5610	15250
5620	15260
5630	15270
5640	15280
5650	15290
5660	15300
5670	15310
5680	15320
5690	15330
5700	15340
5710	15350
5720	15360
5730	15370
5740	15380
5750	15390
5760	15400
5770	15410
5780	15420
5790	15430
5800	15440
5810	15450
5820	15460
5830	15470
5840	15480
5850	15490
5860	15500
5870	15510
5880	15520
5890	15530
5900	15540
5910	15550
5920	15560
5930	15570
5940	15580
5950	15590
5960	15600
5970	15610
5980	15620
5990	15630
6000	15640
6010	15650
6020	15660
6030	15670
6040	15680
6050	15690
6060	15700
6070	15710
6080	15720
6090	15730
6100	15740
6110	15750
6120	15760
6130	15770
6140	15780
6150	15790
6160	15800
6170	15810
6180	15820
6190	15830
6200	15840
6210	15850
6220	15860
6230	15870
6240	15880
6250	15890
6260	15900
6270	15910
6280	15920
6290	15930
6300	15940
6310	15950
6320	15960
6330	15970
6340	15980
6350	15990
6360	16000
6370	16010
6380	16020
6390	16030
6400	16040
6410	16050
6420	16060
6430	16070
6440	16080
6450	16090
6460	16100
6470	16110
6480	16120
6490	16130
6500	16140
6510	16150
6520	16160
6530	16170
6540	16180
6550	16190
6560	16200
6570	16210
6580	16220
6590	16230
6600	16240
6610	16250
6620	16260
6630	16270
6640	16280
6650	16290
6660	16300
6670	16310
6680	16320
6690	16330
6700	16340
6710	16350
6720	16360
6730	16370
6740	16380
6750	16390
6760	16400
6770	16410
6780	16420
6790	16430
6800	16440
6810	16450
6820	16460
6830	16470
6840	16480
6850	16490
6860	16500
6870	16510
6880	16520
6890	16530
6900	16540
6910	16550
6920	16560
6930	16570
6940	16580
6950	16590
6960	16600
6970	16610
6980	16620
6990	16630
7000	16640
7010	16650
7020	16660
7030	16670
7040	16680
7050	16690
7060	16700
7070	16710
7080	16720
7090	16730
7100	16740
7110	16750
7120	16760
7130	16770
7140	16780
7150	16790
7160	16800
7170	16810
7180	16820
7190	16830
7200	16840
7210	16850
7220	16860
7230	16870
7240	16880
7250	16890
7260	16900
7270	16910
7280	16920
7290	16930
7300	16940
7310	16950
7320	16960
7330	16970
7340	16980
7350	16990
7360	17000
7370	17010
7380	17020
7390	17030
7400	17040
7410	17050
7420	17060
7430	17070
7440	17080
7450	17090
7460	17100
7470	17110
7480	17120
7490	17130
7500	17140
7510	17150
7520	17160
7530	17170
7540	17180
7550	17190
7560	17200
7570	17210
7580	17220
7590	17230
7600	17240
7610	17250
7620	17260
7630	17270
7640	17280
7650	17290
7660	17300
7670	17310
7680	17320
7690	17330
7700	17340
7710	17350
7720	17360
7730	17370
7740	17380
7750	17390
7760	17400
7770	17410
7780	17420
7790	17430
7800	17440
7810	17450
7820	17460
7830	17470
7840	17480
7850	17490
7860	17500
7870	17510
7880	17520
7890	17530
7900	17540
7910	17550
7920	17560
7930	17570
7940	17580
7950	17590
7960	17600
7970	17610
7980	17620
7990	17630
8000	17640
8010	17650
8020	17660
8030	17670
8040	17680
8050	17690
8060	17700
8070	17710
8080	17720
8090	17730
8100	17740
8110	17750
8120	17760
8130	17770
8140	17780
8150	17790
8160	17800
8170	17810
8180	17820
8190	17830
8200	17840
8210	17850
8220	17860
8230	17870
8240	17880
8250	17890
8260	17900
8270	17910
8280	17920
8290	17930
8300	17940
8310	17950
8320	17960
8330	17970
8340	17980
8350	17990
8360	18000
8370	18010
8380	18020
8390	18030
8400	18040
8410	18050
8420	18060
8430	18070
8440	18080
8450	18090
8460	18100
8470	18110
8480	18120
8490	18130
8500	18140
8510	18150
8520	18160
8530	18170
8540	18180
8550	18190
8560	18200
8570	18210
8580	18220
8590	18230
8600	18240
8610	18250
8620	18260
8630	18270
8640	18280
8650	18290
8660	18300
8670	18310
8680	18320
8690	18330
8700	18340
8710	18350
8720	18360
8730	18370
8740	18380
8750	18390
8760	18400
8770	18410
8780	18420
8790	18430
8800	18440
8810	18450
8820	18460
8830	18470
8840	18480
8850	18490
8860	18500
8870	18510
8880	18520
8890	18530
8900	18540
8910	18550
8920	18560
8930	18570
8940	18580
8950	18590
8960	18600
8970	18610
8980	18620
8990	18630
9000	18640
9010	18650
9020	18660
9030	18670
9040	18680
9050	18690
9060	18700
9070	18710
9080	18720
9090	18730
9100	18740
9110	18750
9120	18760
9130	18770
9140	18780
9150	18790
9160	18800
9170	18810
9180	18820
9190	18830
9200	18840
9210	18850
9220	18860
9230	18870
9240	18880
9250	18890
9260	18900
9270	18910
9280	18920
9290	18930
9300	18940
9310	18950
9320	18960
9330	18970
9340	18980
9350	18990
9360	19000
9370	19010
9380	19020
9390	19030
9400	19040
9410	19050
9420	19060
9430	19070
9440	19080
9450	19090
9460	19100
9470	19110
9480	19120
9490	19130
9500	19140
9510	19150
9520	19160
9530	19170
9540	19180
9550	19190
9560	19200
9570	19210
9580	19220
9590	19230
9600	19240
9610	19250
9620	19260
9630	19270
9640	19280
9650	19290
9660	19300
9670	19310
9680	19320
9690	19330
9700	19340
9710	19350
9720	19360
9730	19370
9740	19380
9750	19390
9760	19400
9770	19410
9780	19420
9790	19430
9800	19440
9810	19450
9820	19460
9830	19470
9840	19480
9850	19490
9860	19500
9870	19510
9880	19520
9890	19530
9900	19540
9910	19550
9920	19560
9930	19570
9940	19580
9950	19590
9960	19600
9970	19610
9980	19620
9990	19630
10000	19640
