# SM percentage contributions of Higgs production via VBF
# dimensions: mH
#150.0
#5.0
#1971
# Data
150.0	0.0821197151
155.0	0.0842631255
160.0	0.0868449982
165.0	0.09128
170.0	0.0943380015
175.0	0.0966914123
180.0	0.0991985927
185.0	0.1015080603
190.0	0.1032559674
195.0	0.1049458862
200.0	0.1055157332
205.0	0.1066480589
210.0	0.1081621836
215.0	0.1090965432
220.0	0.1101276718
225.0	0.1107616634
230.0	0.1114383137
235.0	0.1117703811
240.0	0.1122404555
245.0	0.1125479261
250.0	0.1126492942
255.0	0.1127016886
260.0	0.1126724976
265.0	0.1124171187
270.0	0.1122169125
275.0	0.1117905333
280.0	0.1112704014
285.0	0.1100631769
290.0	0.1098020955
295.0	0.1088263359
300.0	0.1076171875
305.0	0.1075642965
310.0	0.1060590501
315.0	0.1043035994
320.0	0.1025132275
325.0	0.1003744317
330.0	0.0979531376
335.0	0.0952715482
340.0	0.0922620652
345.0	0.0884100642
350.0	0.0858829844
355.0	0.08393531
360.0	0.0819929597
365.0	0.0809289617
370.0	0.0798676227
375.0	0.0794397759
380.0	0.07902078
385.0	0.0791036088
390.0	0.0791902352
395.0	0.0795809116
400.0	0.0800188798
405.0	0.0807305195
410.0	0.0815162697
415.0	0.0823274367
420.0	0.0832255747
425.0	0.0842702904
430.0	0.0854271357
435.0	0.0866412214
440.0	0.0879916318
445.0	0.0893556813
450.0	0.0908760781
455.0	0.0923204159
460.0	0.0939349112
465.0	0.095423294
470.0	0.0970840021
475.0	0.0988435754
480.0	0.1008187135
485.0	0.1025152253
490.0	0.1042857143
495.0	0.1062906437
500.0	0.1084781098
505.0	0.1102966715
510.0	0.1122641509
515.0	0.1145067088
520.0	0.1168595041
525.0	0.1187704213
530.0	0.120941704
535.0	0.1232022472
540.0	0.1257843137
545.0	0.1281186094
550.0	0.1306623932
555.0	0.1328698554
560.0	0.1354239257
565.0	0.1376811594
570.0	0.1401257862
575.0	0.1427821522
580.0	0.1456790123
585.0	0.147962963
590.0	0.1504296296
595.0	0.1533384853
600.0	0.1562580645
605.0	0.1588107203
610.0	0.1613043478
615.0	0.1642753623
620.0	0.1675047259
625.0	0.1701176471
630.0	0.1729327902
635.0	0.1759745763
640.0	0.1792715232
645.0	0.1819908467
650.0	0.1853333333
655.0	0.1881975309
660.0	0.1912564103
665.0	0.1939257294
670.0	0.1967582418
675.0	0.2004
680.0	0.2037091988
685.0	0.2064723926
690.0	0.2094603175
695.0	0.2133333333
700.0	0.2167808219
705.0	0.2194699647
710.0	0.2223357664
715.0	0.2262121212
720.0	0.2295294118
725.0	0.2325910931
730.0	0.2358577406
735.0	0.2393073593
740.0	0.2430493274
745.0	0.2466666667
750.0	0.2504784689
755.0	0.2529064039
760.0	0.2567346939
765.0	0.2602631579
770.0	0.2625405405
775.0	0.2664804469
780.0	0.2706358382
785.0	0.2739880952
790.0	0.2775460123
795.0	0.2812658228
800.0	0.2852941176
805.0	0.2881208054
810.0	0.2911724138
815.0	0.2964285714
820.0	0.2998529412
825.0	0.3016541353
830.0	0.3059689922
835.0	0.308015873
840.0	0.312704918
845.0	0.3160504202
850.0	0.3222608696
855.0	0.3252678571
860.0	0.3283486239
865.0	0.3325471698
870.0	0.33375
875.0	0.3383168317
880.0	0.3431632653
885.0	0.3451041667
890.0	0.3509677419
895.0	0.3531868132
900.0	0.3595454545
905.0	0.3627906977
910.0	0.3660714286
915.0	0.3696341463
920.0	0.37325
925.0	0.3775641026
930.0	0.377012987
935.0	0.3816
940.0	0.3863013699
945.0	0.3865277778
950.0	0.3921428571
955.0	0.3980882353
960.0	0.4043939394
965.0	0.4050769231
970.0	0.40578125
975.0	0.4129032258
980.0	0.4137704918
985.0	0.4155
990.0	0.4172881356
995.0	0.4263157895
1000.0	0.4283928571
1005.0	0.4283928571
1010.0	0.4283928571
1015.0	0.4283928571
1020.0	0.4283928571
1025.0	0.4283928571
1030.0	0.4283928571
1035.0	0.4283928571
1040.0	0.4283928571
1045.0	0.4283928571
1050.0	0.4283928571
1055.0	0.4283928571
1060.0	0.4283928571
1065.0	0.4283928571
1070.0	0.4283928571
1075.0	0.4283928571
1080.0	0.4283928571
1085.0	0.4283928571
1090.0	0.4283928571
1095.0	0.4283928571
1100.0	0.4283928571
1105.0	0.4283928571
1110.0	0.4283928571
1115.0	0.4283928571
1120.0	0.4283928571
1125.0	0.4283928571
1130.0	0.4283928571
1135.0	0.4283928571
1140.0	0.4283928571
1145.0	0.4283928571
1150.0	0.4283928571
1155.0	0.4283928571
1160.0	0.4283928571
1165.0	0.4283928571
1170.0	0.4283928571
1175.0	0.4283928571
1180.0	0.4283928571
1185.0	0.4283928571
1190.0	0.4283928571
1195.0	0.4283928571
1200.0	0.4283928571
1205.0	0.4283928571
1210.0	0.4283928571
1215.0	0.4283928571
1220.0	0.4283928571
1225.0	0.4283928571
1230.0	0.4283928571
1235.0	0.4283928571
1240.0	0.4283928571
1245.0	0.4283928571
1250.0	0.4283928571
1255.0	0.4283928571
1260.0	0.4283928571
1265.0	0.4283928571
1270.0	0.4283928571
1275.0	0.4283928571
1280.0	0.4283928571
1285.0	0.4283928571
1290.0	0.4283928571
1295.0	0.4283928571
1300.0	0.4283928571
1305.0	0.4283928571
1310.0	0.4283928571
1315.0	0.4283928571
1320.0	0.4283928571
1325.0	0.4283928571
1330.0	0.4283928571
1335.0	0.4283928571
1340.0	0.4283928571
1345.0	0.4283928571
1350.0	0.4283928571
1355.0	0.4283928571
1360.0	0.4283928571
1365.0	0.4283928571
1370.0	0.4283928571
1375.0	0.4283928571
1380.0	0.4283928571
1385.0	0.4283928571
1390.0	0.4283928571
1395.0	0.4283928571
1400.0	0.4283928571
1405.0	0.4283928571
1410.0	0.4283928571
1415.0	0.4283928571
1420.0	0.4283928571
1425.0	0.4283928571
1430.0	0.4283928571
1435.0	0.4283928571
1440.0	0.4283928571
1445.0	0.4283928571
1450.0	0.4283928571
1455.0	0.4283928571
1460.0	0.4283928571
1465.0	0.4283928571
1470.0	0.4283928571
1475.0	0.4283928571
1480.0	0.4283928571
1485.0	0.4283928571
1490.0	0.4283928571
1495.0	0.4283928571
1500.0	0.4283928571
1505.0	0.4283928571
1510.0	0.4283928571
1515.0	0.4283928571
1520.0	0.4283928571
1525.0	0.4283928571
1530.0	0.4283928571
1535.0	0.4283928571
1540.0	0.4283928571
1545.0	0.4283928571
1550.0	0.4283928571
1555.0	0.4283928571
1560.0	0.4283928571
1565.0	0.4283928571
1570.0	0.4283928571
1575.0	0.4283928571
1580.0	0.4283928571
1585.0	0.4283928571
1590.0	0.4283928571
1595.0	0.4283928571
1600.0	0.4283928571
1605.0	0.4283928571
1610.0	0.4283928571
1615.0	0.4283928571
1620.0	0.4283928571
1625.0	0.4283928571
1630.0	0.4283928571
1635.0	0.4283928571
1640.0	0.4283928571
1645.0	0.4283928571
1650.0	0.4283928571
1655.0	0.4283928571
1660.0	0.4283928571
1665.0	0.4283928571
1670.0	0.4283928571
1675.0	0.4283928571
1680.0	0.4283928571
1685.0	0.4283928571
1690.0	0.4283928571
1695.0	0.4283928571
1700.0	0.4283928571
1705.0	0.4283928571
1710.0	0.4283928571
1715.0	0.4283928571
1720.0	0.4283928571
1725.0	0.4283928571
1730.0	0.4283928571
1735.0	0.4283928571
1740.0	0.4283928571
1745.0	0.4283928571
1750.0	0.4283928571
1755.0	0.4283928571
1760.0	0.4283928571
1765.0	0.4283928571
1770.0	0.4283928571
1775.0	0.4283928571
1780.0	0.4283928571
1785.0	0.4283928571
1790.0	0.4283928571
1795.0	0.4283928571
1800.0	0.4283928571
1805.0	0.4283928571
1810.0	0.4283928571
1815.0	0.4283928571
1820.0	0.4283928571
1825.0	0.4283928571
1830.0	0.4283928571
1835.0	0.4283928571
1840.0	0.4283928571
1845.0	0.4283928571
1850.0	0.4283928571
1855.0	0.4283928571
1860.0	0.4283928571
1865.0	0.4283928571
1870.0	0.4283928571
1875.0	0.4283928571
1880.0	0.4283928571
1885.0	0.4283928571
1890.0	0.4283928571
1895.0	0.4283928571
1900.0	0.4283928571
1905.0	0.4283928571
1910.0	0.4283928571
1915.0	0.4283928571
1920.0	0.4283928571
1925.0	0.4283928571
1930.0	0.4283928571
1935.0	0.4283928571
1940.0	0.4283928571
1945.0	0.4283928571
1950.0	0.4283928571
1955.0	0.4283928571
1960.0	0.4283928571
1965.0	0.4283928571
1970.0	0.4283928571
1975.0	0.4283928571
1980.0	0.4283928571
1985.0	0.4283928571
1990.0	0.4283928571
1995.0	0.4283928571
2000.0	0.4283928571
2005.0	0.4283928571
2010.0	0.4283928571
2015.0	0.4283928571
2020.0	0.4283928571
2025.0	0.4283928571
2030.0	0.4283928571
2035.0	0.4283928571
2040.0	0.4283928571
2045.0	0.4283928571
2050.0	0.4283928571
2055.0	0.4283928571
2060.0	0.4283928571
2065.0	0.4283928571
2070.0	0.4283928571
2075.0	0.4283928571
2080.0	0.4283928571
2085.0	0.4283928571
2090.0	0.4283928571
2095.0	0.4283928571
2100.0	0.4283928571
2105.0	0.4283928571
2110.0	0.4283928571
2115.0	0.4283928571
2120.0	0.4283928571
2125.0	0.4283928571
2130.0	0.4283928571
2135.0	0.4283928571
2140.0	0.4283928571
2145.0	0.4283928571
2150.0	0.4283928571
2155.0	0.4283928571
2160.0	0.4283928571
2165.0	0.4283928571
2170.0	0.4283928571
2175.0	0.4283928571
2180.0	0.4283928571
2185.0	0.4283928571
2190.0	0.4283928571
2195.0	0.4283928571
2200.0	0.4283928571
2205.0	0.4283928571
2210.0	0.4283928571
2215.0	0.4283928571
2220.0	0.4283928571
2225.0	0.4283928571
2230.0	0.4283928571
2235.0	0.4283928571
2240.0	0.4283928571
2245.0	0.4283928571
2250.0	0.4283928571
2255.0	0.4283928571
2260.0	0.4283928571
2265.0	0.4283928571
2270.0	0.4283928571
2275.0	0.4283928571
2280.0	0.4283928571
2285.0	0.4283928571
2290.0	0.4283928571
2295.0	0.4283928571
2300.0	0.4283928571
2305.0	0.4283928571
2310.0	0.4283928571
2315.0	0.4283928571
2320.0	0.4283928571
2325.0	0.4283928571
2330.0	0.4283928571
2335.0	0.4283928571
2340.0	0.4283928571
2345.0	0.4283928571
2350.0	0.4283928571
2355.0	0.4283928571
2360.0	0.4283928571
2365.0	0.4283928571
2370.0	0.4283928571
2375.0	0.4283928571
2380.0	0.4283928571
2385.0	0.4283928571
2390.0	0.4283928571
2395.0	0.4283928571
2400.0	0.4283928571
2405.0	0.4283928571
2410.0	0.4283928571
2415.0	0.4283928571
2420.0	0.4283928571
2425.0	0.4283928571
2430.0	0.4283928571
2435.0	0.4283928571
2440.0	0.4283928571
2445.0	0.4283928571
2450.0	0.4283928571
2455.0	0.4283928571
2460.0	0.4283928571
2465.0	0.4283928571
2470.0	0.4283928571
2475.0	0.4283928571
2480.0	0.4283928571
2485.0	0.4283928571
2490.0	0.4283928571
2495.0	0.4283928571
2500.0	0.4283928571
2505.0	0.4283928571
2510.0	0.4283928571
2515.0	0.4283928571
2520.0	0.4283928571
2525.0	0.4283928571
2530.0	0.4283928571
2535.0	0.4283928571
2540.0	0.4283928571
2545.0	0.4283928571
2550.0	0.4283928571
2555.0	0.4283928571
2560.0	0.4283928571
2565.0	0.4283928571
2570.0	0.4283928571
2575.0	0.4283928571
2580.0	0.4283928571
2585.0	0.4283928571
2590.0	0.4283928571
2595.0	0.4283928571
2600.0	0.4283928571
2605.0	0.4283928571
2610.0	0.4283928571
2615.0	0.4283928571
2620.0	0.4283928571
2625.0	0.4283928571
2630.0	0.4283928571
2635.0	0.4283928571
2640.0	0.4283928571
2645.0	0.4283928571
2650.0	0.4283928571
2655.0	0.4283928571
2660.0	0.4283928571
2665.0	0.4283928571
2670.0	0.4283928571
2675.0	0.4283928571
2680.0	0.4283928571
2685.0	0.4283928571
2690.0	0.4283928571
2695.0	0.4283928571
2700.0	0.4283928571
2705.0	0.4283928571
2710.0	0.4283928571
2715.0	0.4283928571
2720.0	0.4283928571
2725.0	0.4283928571
2730.0	0.4283928571
2735.0	0.4283928571
2740.0	0.4283928571
2745.0	0.4283928571
2750.0	0.4283928571
2755.0	0.4283928571
2760.0	0.4283928571
2765.0	0.4283928571
2770.0	0.4283928571
2775.0	0.4283928571
2780.0	0.4283928571
2785.0	0.4283928571
2790.0	0.4283928571
2795.0	0.4283928571
2800.0	0.4283928571
2805.0	0.4283928571
2810.0	0.4283928571
2815.0	0.4283928571
2820.0	0.4283928571
2825.0	0.4283928571
2830.0	0.4283928571
2835.0	0.4283928571
2840.0	0.4283928571
2845.0	0.4283928571
2850.0	0.4283928571
2855.0	0.4283928571
2860.0	0.4283928571
2865.0	0.4283928571
2870.0	0.4283928571
2875.0	0.4283928571
2880.0	0.4283928571
2885.0	0.4283928571
2890.0	0.4283928571
2895.0	0.4283928571
2900.0	0.4283928571
2905.0	0.4283928571
2910.0	0.4283928571
2915.0	0.4283928571
2920.0	0.4283928571
2925.0	0.4283928571
2930.0	0.4283928571
2935.0	0.4283928571
2940.0	0.4283928571
2945.0	0.4283928571
2950.0	0.4283928571
2955.0	0.4283928571
2960.0	0.4283928571
2965.0	0.4283928571
2970.0	0.4283928571
2975.0	0.4283928571
2980.0	0.4283928571
2985.0	0.4283928571
2990.0	0.4283928571
2995.0	0.4283928571
3000.0	0.4283928571
3005.0	0.4283928571
3010.0	0.4283928571
3015.0	0.4283928571
3020.0	0.4283928571
3025.0	0.4283928571
3030.0	0.4283928571
3035.0	0.4283928571
3040.0	0.4283928571
3045.0	0.4283928571
3050.0	0.4283928571
3055.0	0.4283928571
3060.0	0.4283928571
3065.0	0.4283928571
3070.0	0.4283928571
3075.0	0.4283928571
3080.0	0.4283928571
3085.0	0.4283928571
3090.0	0.4283928571
3095.0	0.4283928571
3100.0	0.4283928571
3105.0	0.4283928571
3110.0	0.4283928571
3115.0	0.4283928571
3120.0	0.4283928571
3125.0	0.4283928571
3130.0	0.4283928571
3135.0	0.4283928571
3140.0	0.4283928571
3145.0	0.4283928571
3150.0	0.4283928571
3155.0	0.4283928571
3160.0	0.4283928571
3165.0	0.4283928571
3170.0	0.4283928571
3175.0	0.4283928571
3180.0	0.4283928571
3185.0	0.4283928571
3190.0	0.4283928571
3195.0	0.4283928571
3200.0	0.4283928571
3205.0	0.4283928571
3210.0	0.4283928571
3215.0	0.4283928571
3220.0	0.4283928571
3225.0	0.4283928571
3230.0	0.4283928571
3235.0	0.4283928571
3240.0	0.4283928571
3245.0	0.4283928571
3250.0	0.4283928571
3255.0	0.4283928571
3260.0	0.4283928571
3265.0	0.4283928571
3270.0	0.4283928571
3275.0	0.4283928571
3280.0	0.4283928571
3285.0	0.4283928571
3290.0	0.4283928571
3295.0	0.4283928571
3300.0	0.4283928571
3305.0	0.4283928571
3310.0	0.4283928571
3315.0	0.4283928571
3320.0	0.4283928571
3325.0	0.4283928571
3330.0	0.4283928571
3335.0	0.4283928571
3340.0	0.4283928571
3345.0	0.4283928571
3350.0	0.4283928571
3355.0	0.4283928571
3360.0	0.4283928571
3365.0	0.4283928571
3370.0	0.4283928571
3375.0	0.4283928571
3380.0	0.4283928571
3385.0	0.4283928571
3390.0	0.4283928571
3395.0	0.4283928571
3400.0	0.4283928571
3405.0	0.4283928571
3410.0	0.4283928571
3415.0	0.4283928571
3420.0	0.4283928571
3425.0	0.4283928571
3430.0	0.4283928571
3435.0	0.4283928571
3440.0	0.4283928571
3445.0	0.4283928571
3450.0	0.4283928571
3455.0	0.4283928571
3460.0	0.4283928571
3465.0	0.4283928571
3470.0	0.4283928571
3475.0	0.4283928571
3480.0	0.4283928571
3485.0	0.4283928571
3490.0	0.4283928571
3495.0	0.4283928571
3500.0	0.4283928571
3505.0	0.4283928571
3510.0	0.4283928571
3515.0	0.4283928571
3520.0	0.4283928571
3525.0	0.4283928571
3530.0	0.4283928571
3535.0	0.4283928571
3540.0	0.4283928571
3545.0	0.4283928571
3550.0	0.4283928571
3555.0	0.4283928571
3560.0	0.4283928571
3565.0	0.4283928571
3570.0	0.4283928571
3575.0	0.4283928571
3580.0	0.4283928571
3585.0	0.4283928571
3590.0	0.4283928571
3595.0	0.4283928571
3600.0	0.4283928571
3605.0	0.4283928571
3610.0	0.4283928571
3615.0	0.4283928571
3620.0	0.4283928571
3625.0	0.4283928571
3630.0	0.4283928571
3635.0	0.4283928571
3640.0	0.4283928571
3645.0	0.4283928571
3650.0	0.4283928571
3655.0	0.4283928571
3660.0	0.4283928571
3665.0	0.4283928571
3670.0	0.4283928571
3675.0	0.4283928571
3680.0	0.4283928571
3685.0	0.4283928571
3690.0	0.4283928571
3695.0	0.4283928571
3700.0	0.4283928571
3705.0	0.4283928571
3710.0	0.4283928571
3715.0	0.4283928571
3720.0	0.4283928571
3725.0	0.4283928571
3730.0	0.4283928571
3735.0	0.4283928571
3740.0	0.4283928571
3745.0	0.4283928571
3750.0	0.4283928571
3755.0	0.4283928571
3760.0	0.4283928571
3765.0	0.4283928571
3770.0	0.4283928571
3775.0	0.4283928571
3780.0	0.4283928571
3785.0	0.4283928571
3790.0	0.4283928571
3795.0	0.4283928571
3800.0	0.4283928571
3805.0	0.4283928571
3810.0	0.4283928571
3815.0	0.4283928571
3820.0	0.4283928571
3825.0	0.4283928571
3830.0	0.4283928571
3835.0	0.4283928571
3840.0	0.4283928571
3845.0	0.4283928571
3850.0	0.4283928571
3855.0	0.4283928571
3860.0	0.4283928571
3865.0	0.4283928571
3870.0	0.4283928571
3875.0	0.4283928571
3880.0	0.4283928571
3885.0	0.4283928571
3890.0	0.4283928571
3895.0	0.4283928571
3900.0	0.4283928571
3905.0	0.4283928571
3910.0	0.4283928571
3915.0	0.4283928571
3920.0	0.4283928571
3925.0	0.4283928571
3930.0	0.4283928571
3935.0	0.4283928571
3940.0	0.4283928571
3945.0	0.4283928571
3950.0	0.4283928571
3955.0	0.4283928571
3960.0	0.4283928571
3965.0	0.4283928571
3970.0	0.4283928571
3975.0	0.4283928571
3980.0	0.4283928571
3985.0	0.4283928571
3990.0	0.4283928571
3995.0	0.4283928571
4000.0	0.4283928571
4005.0	0.4283928571
4010.0	0.4283928571
4015.0	0.4283928571
4020.0	0.4283928571
4025.0	0.4283928571
4030.0	0.4283928571
4035.0	0.4283928571
4040.0	0.4283928571
4045.0	0.4283928571
4050.0	0.4283928571
4055.0	0.4283928571
4060.0	0.4283928571
4065.0	0.4283928571
4070.0	0.4283928571
4075.0	0.4283928571
4080.0	0.4283928571
4085.0	0.4283928571
4090.0	0.4283928571
4095.0	0.4283928571
4100.0	0.4283928571
4105.0	0.4283928571
4110.0	0.4283928571
4115.0	0.4283928571
4120.0	0.4283928571
4125.0	0.4283928571
4130.0	0.4283928571
4135.0	0.4283928571
4140.0	0.4283928571
4145.0	0.4283928571
4150.0	0.4283928571
4155.0	0.4283928571
4160.0	0.4283928571
4165.0	0.4283928571
4170.0	0.4283928571
4175.0	0.4283928571
4180.0	0.4283928571
4185.0	0.4283928571
4190.0	0.4283928571
4195.0	0.4283928571
4200.0	0.4283928571
4205.0	0.4283928571
4210.0	0.4283928571
4215.0	0.4283928571
4220.0	0.4283928571
4225.0	0.4283928571
4230.0	0.4283928571
4235.0	0.4283928571
4240.0	0.4283928571
4245.0	0.4283928571
4250.0	0.4283928571
4255.0	0.4283928571
4260.0	0.4283928571
4265.0	0.4283928571
4270.0	0.4283928571
4275.0	0.4283928571
4280.0	0.4283928571
4285.0	0.4283928571
4290.0	0.4283928571
4295.0	0.4283928571
4300.0	0.4283928571
4305.0	0.4283928571
4310.0	0.4283928571
4315.0	0.4283928571
4320.0	0.4283928571
4325.0	0.4283928571
4330.0	0.4283928571
4335.0	0.4283928571
4340.0	0.4283928571
4345.0	0.4283928571
4350.0	0.4283928571
4355.0	0.4283928571
4360.0	0.4283928571
4365.0	0.4283928571
4370.0	0.4283928571
4375.0	0.4283928571
4380.0	0.4283928571
4385.0	0.4283928571
4390.0	0.4283928571
4395.0	0.4283928571
4400.0	0.4283928571
4405.0	0.4283928571
4410.0	0.4283928571
4415.0	0.4283928571
4420.0	0.4283928571
4425.0	0.4283928571
4430.0	0.4283928571
4435.0	0.4283928571
4440.0	0.4283928571
4445.0	0.4283928571
4450.0	0.4283928571
4455.0	0.4283928571
4460.0	0.4283928571
4465.0	0.4283928571
4470.0	0.4283928571
4475.0	0.4283928571
4480.0	0.4283928571
4485.0	0.4283928571
4490.0	0.4283928571
4495.0	0.4283928571
4500.0	0.4283928571
4505.0	0.4283928571
4510.0	0.4283928571
4515.0	0.4283928571
4520.0	0.4283928571
4525.0	0.4283928571
4530.0	0.4283928571
4535.0	0.4283928571
4540.0	0.4283928571
4545.0	0.4283928571
4550.0	0.4283928571
4555.0	0.4283928571
4560.0	0.4283928571
4565.0	0.4283928571
4570.0	0.4283928571
4575.0	0.4283928571
4580.0	0.4283928571
4585.0	0.4283928571
4590.0	0.4283928571
4595.0	0.4283928571
4600.0	0.4283928571
4605.0	0.4283928571
4610.0	0.4283928571
4615.0	0.4283928571
4620.0	0.4283928571
4625.0	0.4283928571
4630.0	0.4283928571
4635.0	0.4283928571
4640.0	0.4283928571
4645.0	0.4283928571
4650.0	0.4283928571
4655.0	0.4283928571
4660.0	0.4283928571
4665.0	0.4283928571
4670.0	0.4283928571
4675.0	0.4283928571
4680.0	0.4283928571
4685.0	0.4283928571
4690.0	0.4283928571
4695.0	0.4283928571
4700.0	0.4283928571
4705.0	0.4283928571
4710.0	0.4283928571
4715.0	0.4283928571
4720.0	0.4283928571
4725.0	0.4283928571
4730.0	0.4283928571
4735.0	0.4283928571
4740.0	0.4283928571
4745.0	0.4283928571
4750.0	0.4283928571
4755.0	0.4283928571
4760.0	0.4283928571
4765.0	0.4283928571
4770.0	0.4283928571
4775.0	0.4283928571
4780.0	0.4283928571
4785.0	0.4283928571
4790.0	0.4283928571
4795.0	0.4283928571
4800.0	0.4283928571
4805.0	0.4283928571
4810.0	0.4283928571
4815.0	0.4283928571
4820.0	0.4283928571
4825.0	0.4283928571
4830.0	0.4283928571
4835.0	0.4283928571
4840.0	0.4283928571
4845.0	0.4283928571
4850.0	0.4283928571
4855.0	0.4283928571
4860.0	0.4283928571
4865.0	0.4283928571
4870.0	0.4283928571
4875.0	0.4283928571
4880.0	0.4283928571
4885.0	0.4283928571
4890.0	0.4283928571
4895.0	0.4283928571
4900.0	0.4283928571
4905.0	0.4283928571
4910.0	0.4283928571
4915.0	0.4283928571
4920.0	0.4283928571
4925.0	0.4283928571
4930.0	0.4283928571
4935.0	0.4283928571
4940.0	0.4283928571
4945.0	0.4283928571
4950.0	0.4283928571
4955.0	0.4283928571
4960.0	0.4283928571
4965.0	0.4283928571
4970.0	0.4283928571
4975.0	0.4283928571
4980.0	0.4283928571
4985.0	0.4283928571
4990.0	0.4283928571
4995.0	0.4283928571
5000.0	0.4283928571
5005.0	0.4283928571
5010.0	0.4283928571
5015.0	0.4283928571
5020.0	0.4283928571
5025.0	0.4283928571
5030.0	0.4283928571
5035.0	0.4283928571
5040.0	0.4283928571
5045.0	0.4283928571
5050.0	0.4283928571
5055.0	0.4283928571
5060.0	0.4283928571
5065.0	0.4283928571
5070.0	0.4283928571
5075.0	0.4283928571
5080.0	0.4283928571
5085.0	0.4283928571
5090.0	0.4283928571
5095.0	0.4283928571
5100.0	0.4283928571
5105.0	0.4283928571
5110.0	0.4283928571
5115.0	0.4283928571
5120.0	0.4283928571
5125.0	0.4283928571
5130.0	0.4283928571
5135.0	0.4283928571
5140.0	0.4283928571
5145.0	0.4283928571
5150.0	0.4283928571
5155.0	0.4283928571
5160.0	0.4283928571
5165.0	0.4283928571
5170.0	0.4283928571
5175.0	0.4283928571
5180.0	0.4283928571
5185.0	0.4283928571
5190.0	0.4283928571
5195.0	0.4283928571
5200.0	0.4283928571
5205.0	0.4283928571
5210.0	0.4283928571
5215.0	0.4283928571
5220.0	0.4283928571
5225.0	0.4283928571
5230.0	0.4283928571
5235.0	0.4283928571
5240.0	0.4283928571
5245.0	0.4283928571
5250.0	0.4283928571
5255.0	0.4283928571
5260.0	0.4283928571
5265.0	0.4283928571
5270.0	0.4283928571
5275.0	0.4283928571
5280.0	0.4283928571
5285.0	0.4283928571
5290.0	0.4283928571
5295.0	0.4283928571
5300.0	0.4283928571
5305.0	0.4283928571
5310.0	0.4283928571
5315.0	0.4283928571
5320.0	0.4283928571
5325.0	0.4283928571
5330.0	0.4283928571
5335.0	0.4283928571
5340.0	0.4283928571
5345.0	0.4283928571
5350.0	0.4283928571
5355.0	0.4283928571
5360.0	0.4283928571
5365.0	0.4283928571
5370.0	0.4283928571
5375.0	0.4283928571
5380.0	0.4283928571
5385.0	0.4283928571
5390.0	0.4283928571
5395.0	0.4283928571
5400.0	0.4283928571
5405.0	0.4283928571
5410.0	0.4283928571
5415.0	0.4283928571
5420.0	0.4283928571
5425.0	0.4283928571
5430.0	0.4283928571
5435.0	0.4283928571
5440.0	0.4283928571
5445.0	0.4283928571
5450.0	0.4283928571
5455.0	0.4283928571
5460.0	0.4283928571
5465.0	0.4283928571
5470.0	0.4283928571
5475.0	0.4283928571
5480.0	0.4283928571
5485.0	0.4283928571
5490.0	0.4283928571
5495.0	0.4283928571
5500.0	0.4283928571
5505.0	0.4283928571
5510.0	0.4283928571
5515.0	0.4283928571
5520.0	0.4283928571
5525.0	0.4283928571
5530.0	0.4283928571
5535.0	0.4283928571
5540.0	0.4283928571
5545.0	0.4283928571
5550.0	0.4283928571
5555.0	0.4283928571
5560.0	0.4283928571
5565.0	0.4283928571
5570.0	0.4283928571
5575.0	0.4283928571
5580.0	0.4283928571
5585.0	0.4283928571
5590.0	0.4283928571
5595.0	0.4283928571
5600.0	0.4283928571
5605.0	0.4283928571
5610.0	0.4283928571
5615.0	0.4283928571
5620.0	0.4283928571
5625.0	0.4283928571
5630.0	0.4283928571
5635.0	0.4283928571
5640.0	0.4283928571
5645.0	0.4283928571
5650.0	0.4283928571
5655.0	0.4283928571
5660.0	0.4283928571
5665.0	0.4283928571
5670.0	0.4283928571
5675.0	0.4283928571
5680.0	0.4283928571
5685.0	0.4283928571
5690.0	0.4283928571
5695.0	0.4283928571
5700.0	0.4283928571
5705.0	0.4283928571
5710.0	0.4283928571
5715.0	0.4283928571
5720.0	0.4283928571
5725.0	0.4283928571
5730.0	0.4283928571
5735.0	0.4283928571
5740.0	0.4283928571
5745.0	0.4283928571
5750.0	0.4283928571
5755.0	0.4283928571
5760.0	0.4283928571
5765.0	0.4283928571
5770.0	0.4283928571
5775.0	0.4283928571
5780.0	0.4283928571
5785.0	0.4283928571
5790.0	0.4283928571
5795.0	0.4283928571
5800.0	0.4283928571
5805.0	0.4283928571
5810.0	0.4283928571
5815.0	0.4283928571
5820.0	0.4283928571
5825.0	0.4283928571
5830.0	0.4283928571
5835.0	0.4283928571
5840.0	0.4283928571
5845.0	0.4283928571
5850.0	0.4283928571
5855.0	0.4283928571
5860.0	0.4283928571
5865.0	0.4283928571
5870.0	0.4283928571
5875.0	0.4283928571
5880.0	0.4283928571
5885.0	0.4283928571
5890.0	0.4283928571
5895.0	0.4283928571
5900.0	0.4283928571
5905.0	0.4283928571
5910.0	0.4283928571
5915.0	0.4283928571
5920.0	0.4283928571
5925.0	0.4283928571
5930.0	0.4283928571
5935.0	0.4283928571
5940.0	0.4283928571
5945.0	0.4283928571
5950.0	0.4283928571
5955.0	0.4283928571
5960.0	0.4283928571
5965.0	0.4283928571
5970.0	0.4283928571
5975.0	0.4283928571
5980.0	0.4283928571
5985.0	0.4283928571
5990.0	0.4283928571
5995.0	0.4283928571
6000.0	0.4283928571
6005.0	0.4283928571
6010.0	0.4283928571
6015.0	0.4283928571
6020.0	0.4283928571
6025.0	0.4283928571
6030.0	0.4283928571
6035.0	0.4283928571
6040.0	0.4283928571
6045.0	0.4283928571
6050.0	0.4283928571
6055.0	0.4283928571
6060.0	0.4283928571
6065.0	0.4283928571
6070.0	0.4283928571
6075.0	0.4283928571
6080.0	0.4283928571
6085.0	0.4283928571
6090.0	0.4283928571
6095.0	0.4283928571
6100.0	0.4283928571
6105.0	0.4283928571
6110.0	0.4283928571
6115.0	0.4283928571
6120.0	0.4283928571
6125.0	0.4283928571
6130.0	0.4283928571
6135.0	0.4283928571
6140.0	0.4283928571
6145.0	0.4283928571
6150.0	0.4283928571
6155.0	0.4283928571
6160.0	0.4283928571
6165.0	0.4283928571
6170.0	0.4283928571
6175.0	0.4283928571
6180.0	0.4283928571
6185.0	0.4283928571
6190.0	0.4283928571
6195.0	0.4283928571
6200.0	0.4283928571
6205.0	0.4283928571
6210.0	0.4283928571
6215.0	0.4283928571
6220.0	0.4283928571
6225.0	0.4283928571
6230.0	0.4283928571
6235.0	0.4283928571
6240.0	0.4283928571
6245.0	0.4283928571
6250.0	0.4283928571
6255.0	0.4283928571
6260.0	0.4283928571
6265.0	0.4283928571
6270.0	0.4283928571
6275.0	0.4283928571
6280.0	0.4283928571
6285.0	0.4283928571
6290.0	0.4283928571
6295.0	0.4283928571
6300.0	0.4283928571
6305.0	0.4283928571
6310.0	0.4283928571
6315.0	0.4283928571
6320.0	0.4283928571
6325.0	0.4283928571
6330.0	0.4283928571
6335.0	0.4283928571
6340.0	0.4283928571
6345.0	0.4283928571
6350.0	0.4283928571
6355.0	0.4283928571
6360.0	0.4283928571
6365.0	0.4283928571
6370.0	0.4283928571
6375.0	0.4283928571
6380.0	0.4283928571
6385.0	0.4283928571
6390.0	0.4283928571
6395.0	0.4283928571
6400.0	0.4283928571
6405.0	0.4283928571
6410.0	0.4283928571
6415.0	0.4283928571
6420.0	0.4283928571
6425.0	0.4283928571
6430.0	0.4283928571
6435.0	0.4283928571
6440.0	0.4283928571
6445.0	0.4283928571
6450.0	0.4283928571
6455.0	0.4283928571
6460.0	0.4283928571
6465.0	0.4283928571
6470.0	0.4283928571
6475.0	0.4283928571
6480.0	0.4283928571
6485.0	0.4283928571
6490.0	0.4283928571
6495.0	0.4283928571
6500.0	0.4283928571
6505.0	0.4283928571
6510.0	0.4283928571
6515.0	0.4283928571
6520.0	0.4283928571
6525.0	0.4283928571
6530.0	0.4283928571
6535.0	0.4283928571
6540.0	0.4283928571
6545.0	0.4283928571
6550.0	0.4283928571
6555.0	0.4283928571
6560.0	0.4283928571
6565.0	0.4283928571
6570.0	0.4283928571
6575.0	0.4283928571
6580.0	0.4283928571
6585.0	0.4283928571
6590.0	0.4283928571
6595.0	0.4283928571
6600.0	0.4283928571
6605.0	0.4283928571
6610.0	0.4283928571
6615.0	0.4283928571
6620.0	0.4283928571
6625.0	0.4283928571
6630.0	0.4283928571
6635.0	0.4283928571
6640.0	0.4283928571
6645.0	0.4283928571
6650.0	0.4283928571
6655.0	0.4283928571
6660.0	0.4283928571
6665.0	0.4283928571
6670.0	0.4283928571
6675.0	0.4283928571
6680.0	0.4283928571
6685.0	0.4283928571
6690.0	0.4283928571
6695.0	0.4283928571
6700.0	0.4283928571
6705.0	0.4283928571
6710.0	0.4283928571
6715.0	0.4283928571
6720.0	0.4283928571
6725.0	0.4283928571
6730.0	0.4283928571
6735.0	0.4283928571
6740.0	0.4283928571
6745.0	0.4283928571
6750.0	0.4283928571
6755.0	0.4283928571
6760.0	0.4283928571
6765.0	0.4283928571
6770.0	0.4283928571
6775.0	0.4283928571
6780.0	0.4283928571
6785.0	0.4283928571
6790.0	0.4283928571
6795.0	0.4283928571
6800.0	0.4283928571
6805.0	0.4283928571
6810.0	0.4283928571
6815.0	0.4283928571
6820.0	0.4283928571
6825.0	0.4283928571
6830.0	0.4283928571
6835.0	0.4283928571
6840.0	0.4283928571
6845.0	0.4283928571
6850.0	0.4283928571
6855.0	0.4283928571
6860.0	0.4283928571
6865.0	0.4283928571
6870.0	0.4283928571
6875.0	0.4283928571
6880.0	0.4283928571
6885.0	0.4283928571
6890.0	0.4283928571
6895.0	0.4283928571
6900.0	0.4283928571
6905.0	0.4283928571
6910.0	0.4283928571
6915.0	0.4283928571
6920.0	0.4283928571
6925.0	0.4283928571
6930.0	0.4283928571
6935.0	0.4283928571
6940.0	0.4283928571
6945.0	0.4283928571
6950.0	0.4283928571
6955.0	0.4283928571
6960.0	0.4283928571
6965.0	0.4283928571
6970.0	0.4283928571
6975.0	0.4283928571
6980.0	0.4283928571
6985.0	0.4283928571
6990.0	0.4283928571
6995.0	0.4283928571
7000.0	0.4283928571
7005.0	0.4283928571
7010.0	0.4283928571
7015.0	0.4283928571
7020.0	0.4283928571
7025.0	0.4283928571
7030.0	0.4283928571
7035.0	0.4283928571
7040.0	0.4283928571
7045.0	0.4283928571
7050.0	0.4283928571
7055.0	0.4283928571
7060.0	0.4283928571
7065.0	0.4283928571
7070.0	0.4283928571
7075.0	0.4283928571
7080.0	0.4283928571
7085.0	0.4283928571
7090.0	0.4283928571
7095.0	0.4283928571
7100.0	0.4283928571
7105.0	0.4283928571
7110.0	0.4283928571
7115.0	0.4283928571
7120.0	0.4283928571
7125.0	0.4283928571
7130.0	0.4283928571
7135.0	0.4283928571
7140.0	0.4283928571
7145.0	0.4283928571
7150.0	0.4283928571
7155.0	0.4283928571
7160.0	0.4283928571
7165.0	0.4283928571
7170.0	0.4283928571
7175.0	0.4283928571
7180.0	0.4283928571
7185.0	0.4283928571
7190.0	0.4283928571
7195.0	0.4283928571
7200.0	0.4283928571
7205.0	0.4283928571
7210.0	0.4283928571
7215.0	0.4283928571
7220.0	0.4283928571
7225.0	0.4283928571
7230.0	0.4283928571
7235.0	0.4283928571
7240.0	0.4283928571
7245.0	0.4283928571
7250.0	0.4283928571
7255.0	0.4283928571
7260.0	0.4283928571
7265.0	0.4283928571
7270.0	0.4283928571
7275.0	0.4283928571
7280.0	0.4283928571
7285.0	0.4283928571
7290.0	0.4283928571
7295.0	0.4283928571
7300.0	0.4283928571
7305.0	0.4283928571
7310.0	0.4283928571
7315.0	0.4283928571
7320.0	0.4283928571
7325.0	0.4283928571
7330.0	0.4283928571
7335.0	0.4283928571
7340.0	0.4283928571
7345.0	0.4283928571
7350.0	0.4283928571
7355.0	0.4283928571
7360.0	0.4283928571
7365.0	0.4283928571
7370.0	0.4283928571
7375.0	0.4283928571
7380.0	0.4283928571
7385.0	0.4283928571
7390.0	0.4283928571
7395.0	0.4283928571
7400.0	0.4283928571
7405.0	0.4283928571
7410.0	0.4283928571
7415.0	0.4283928571
7420.0	0.4283928571
7425.0	0.4283928571
7430.0	0.4283928571
7435.0	0.4283928571
7440.0	0.4283928571
7445.0	0.4283928571
7450.0	0.4283928571
7455.0	0.4283928571
7460.0	0.4283928571
7465.0	0.4283928571
7470.0	0.4283928571
7475.0	0.4283928571
7480.0	0.4283928571
7485.0	0.4283928571
7490.0	0.4283928571
7495.0	0.4283928571
7500.0	0.4283928571
7505.0	0.4283928571
7510.0	0.4283928571
7515.0	0.4283928571
7520.0	0.4283928571
7525.0	0.4283928571
7530.0	0.4283928571
7535.0	0.4283928571
7540.0	0.4283928571
7545.0	0.4283928571
7550.0	0.4283928571
7555.0	0.4283928571
7560.0	0.4283928571
7565.0	0.4283928571
7570.0	0.4283928571
7575.0	0.4283928571
7580.0	0.4283928571
7585.0	0.4283928571
7590.0	0.4283928571
7595.0	0.4283928571
7600.0	0.4283928571
7605.0	0.4283928571
7610.0	0.4283928571
7615.0	0.4283928571
7620.0	0.4283928571
7625.0	0.4283928571
7630.0	0.4283928571
7635.0	0.4283928571
7640.0	0.4283928571
7645.0	0.4283928571
7650.0	0.4283928571
7655.0	0.4283928571
7660.0	0.4283928571
7665.0	0.4283928571
7670.0	0.4283928571
7675.0	0.4283928571
7680.0	0.4283928571
7685.0	0.4283928571
7690.0	0.4283928571
7695.0	0.4283928571
7700.0	0.4283928571
7705.0	0.4283928571
7710.0	0.4283928571
7715.0	0.4283928571
7720.0	0.4283928571
7725.0	0.4283928571
7730.0	0.4283928571
7735.0	0.4283928571
7740.0	0.4283928571
7745.0	0.4283928571
7750.0	0.4283928571
7755.0	0.4283928571
7760.0	0.4283928571
7765.0	0.4283928571
7770.0	0.4283928571
7775.0	0.4283928571
7780.0	0.4283928571
7785.0	0.4283928571
7790.0	0.4283928571
7795.0	0.4283928571
7800.0	0.4283928571
7805.0	0.4283928571
7810.0	0.4283928571
7815.0	0.4283928571
7820.0	0.4283928571
7825.0	0.4283928571
7830.0	0.4283928571
7835.0	0.4283928571
7840.0	0.4283928571
7845.0	0.4283928571
7850.0	0.4283928571
7855.0	0.4283928571
7860.0	0.4283928571
7865.0	0.4283928571
7870.0	0.4283928571
7875.0	0.4283928571
7880.0	0.4283928571
7885.0	0.4283928571
7890.0	0.4283928571
7895.0	0.4283928571
7900.0	0.4283928571
7905.0	0.4283928571
7910.0	0.4283928571
7915.0	0.4283928571
7920.0	0.4283928571
7925.0	0.4283928571
7930.0	0.4283928571
7935.0	0.4283928571
7940.0	0.4283928571
7945.0	0.4283928571
7950.0	0.4283928571
7955.0	0.4283928571
7960.0	0.4283928571
7965.0	0.4283928571
7970.0	0.4283928571
7975.0	0.4283928571
7980.0	0.4283928571
7985.0	0.4283928571
7990.0	0.4283928571
7995.0	0.4283928571
8000.0	0.4283928571
8005.0	0.4283928571
8010.0	0.4283928571
8015.0	0.4283928571
8020.0	0.4283928571
8025.0	0.4283928571
8030.0	0.4283928571
8035.0	0.4283928571
8040.0	0.4283928571
8045.0	0.4283928571
8050.0	0.4283928571
8055.0	0.4283928571
8060.0	0.4283928571
8065.0	0.4283928571
8070.0	0.4283928571
8075.0	0.4283928571
8080.0	0.4283928571
8085.0	0.4283928571
8090.0	0.4283928571
8095.0	0.4283928571
8100.0	0.4283928571
8105.0	0.4283928571
8110.0	0.4283928571
8115.0	0.4283928571
8120.0	0.4283928571
8125.0	0.4283928571
8130.0	0.4283928571
8135.0	0.4283928571
8140.0	0.4283928571
8145.0	0.4283928571
8150.0	0.4283928571
8155.0	0.4283928571
8160.0	0.4283928571
8165.0	0.4283928571
8170.0	0.4283928571
8175.0	0.4283928571
8180.0	0.4283928571
8185.0	0.4283928571
8190.0	0.4283928571
8195.0	0.4283928571
8200.0	0.4283928571
8205.0	0.4283928571
8210.0	0.4283928571
8215.0	0.4283928571
8220.0	0.4283928571
8225.0	0.4283928571
8230.0	0.4283928571
8235.0	0.4283928571
8240.0	0.4283928571
8245.0	0.4283928571
8250.0	0.4283928571
8255.0	0.4283928571
8260.0	0.4283928571
8265.0	0.4283928571
8270.0	0.4283928571
8275.0	0.4283928571
8280.0	0.4283928571
8285.0	0.4283928571
8290.0	0.4283928571
8295.0	0.4283928571
8300.0	0.4283928571
8305.0	0.4283928571
8310.0	0.4283928571
8315.0	0.4283928571
8320.0	0.4283928571
8325.0	0.4283928571
8330.0	0.4283928571
8335.0	0.4283928571
8340.0	0.4283928571
8345.0	0.4283928571
8350.0	0.4283928571
8355.0	0.4283928571
8360.0	0.4283928571
8365.0	0.4283928571
8370.0	0.4283928571
8375.0	0.4283928571
8380.0	0.4283928571
8385.0	0.4283928571
8390.0	0.4283928571
8395.0	0.4283928571
8400.0	0.4283928571
8405.0	0.4283928571
8410.0	0.4283928571
8415.0	0.4283928571
8420.0	0.4283928571
8425.0	0.4283928571
8430.0	0.4283928571
8435.0	0.4283928571
8440.0	0.4283928571
8445.0	0.4283928571
8450.0	0.4283928571
8455.0	0.4283928571
8460.0	0.4283928571
8465.0	0.4283928571
8470.0	0.4283928571
8475.0	0.4283928571
8480.0	0.4283928571
8485.0	0.4283928571
8490.0	0.4283928571
8495.0	0.4283928571
8500.0	0.4283928571
8505.0	0.4283928571
8510.0	0.4283928571
8515.0	0.4283928571
8520.0	0.4283928571
8525.0	0.4283928571
8530.0	0.4283928571
8535.0	0.4283928571
8540.0	0.4283928571
8545.0	0.4283928571
8550.0	0.4283928571
8555.0	0.4283928571
8560.0	0.4283928571
8565.0	0.4283928571
8570.0	0.4283928571
8575.0	0.4283928571
8580.0	0.4283928571
8585.0	0.4283928571
8590.0	0.4283928571
8595.0	0.4283928571
8600.0	0.4283928571
8605.0	0.4283928571
8610.0	0.4283928571
8615.0	0.4283928571
8620.0	0.4283928571
8625.0	0.4283928571
8630.0	0.4283928571
8635.0	0.4283928571
8640.0	0.4283928571
8645.0	0.4283928571
8650.0	0.4283928571
8655.0	0.4283928571
8660.0	0.4283928571
8665.0	0.4283928571
8670.0	0.4283928571
8675.0	0.4283928571
8680.0	0.4283928571
8685.0	0.4283928571
8690.0	0.4283928571
8695.0	0.4283928571
8700.0	0.4283928571
8705.0	0.4283928571
8710.0	0.4283928571
8715.0	0.4283928571
8720.0	0.4283928571
8725.0	0.4283928571
8730.0	0.4283928571
8735.0	0.4283928571
8740.0	0.4283928571
8745.0	0.4283928571
8750.0	0.4283928571
8755.0	0.4283928571
8760.0	0.4283928571
8765.0	0.4283928571
8770.0	0.4283928571
8775.0	0.4283928571
8780.0	0.4283928571
8785.0	0.4283928571
8790.0	0.4283928571
8795.0	0.4283928571
8800.0	0.4283928571
8805.0	0.4283928571
8810.0	0.4283928571
8815.0	0.4283928571
8820.0	0.4283928571
8825.0	0.4283928571
8830.0	0.4283928571
8835.0	0.4283928571
8840.0	0.4283928571
8845.0	0.4283928571
8850.0	0.4283928571
8855.0	0.4283928571
8860.0	0.4283928571
8865.0	0.4283928571
8870.0	0.4283928571
8875.0	0.4283928571
8880.0	0.4283928571
8885.0	0.4283928571
8890.0	0.4283928571
8895.0	0.4283928571
8900.0	0.4283928571
8905.0	0.4283928571
8910.0	0.4283928571
8915.0	0.4283928571
8920.0	0.4283928571
8925.0	0.4283928571
8930.0	0.4283928571
8935.0	0.4283928571
8940.0	0.4283928571
8945.0	0.4283928571
8950.0	0.4283928571
8955.0	0.4283928571
8960.0	0.4283928571
8965.0	0.4283928571
8970.0	0.4283928571
8975.0	0.4283928571
8980.0	0.4283928571
8985.0	0.4283928571
8990.0	0.4283928571
8995.0	0.4283928571
9000.0	0.4283928571
9005.0	0.4283928571
9010.0	0.4283928571
9015.0	0.4283928571
9020.0	0.4283928571
9025.0	0.4283928571
9030.0	0.4283928571
9035.0	0.4283928571
9040.0	0.4283928571
9045.0	0.4283928571
9050.0	0.4283928571
9055.0	0.4283928571
9060.0	0.4283928571
9065.0	0.4283928571
9070.0	0.4283928571
9075.0	0.4283928571
9080.0	0.4283928571
9085.0	0.4283928571
9090.0	0.4283928571
9095.0	0.4283928571
9100.0	0.4283928571
9105.0	0.4283928571
9110.0	0.4283928571
9115.0	0.4283928571
9120.0	0.4283928571
9125.0	0.4283928571
9130.0	0.4283928571
9135.0	0.4283928571
9140.0	0.4283928571
9145.0	0.4283928571
9150.0	0.4283928571
9155.0	0.4283928571
9160.0	0.4283928571
9165.0	0.4283928571
9170.0	0.4283928571
9175.0	0.4283928571
9180.0	0.4283928571
9185.0	0.4283928571
9190.0	0.4283928571
9195.0	0.4283928571
9200.0	0.4283928571
9205.0	0.4283928571
9210.0	0.4283928571
9215.0	0.4283928571
9220.0	0.4283928571
9225.0	0.4283928571
9230.0	0.4283928571
9235.0	0.4283928571
9240.0	0.4283928571
9245.0	0.4283928571
9250.0	0.4283928571
9255.0	0.4283928571
9260.0	0.4283928571
9265.0	0.4283928571
9270.0	0.4283928571
9275.0	0.4283928571
9280.0	0.4283928571
9285.0	0.4283928571
9290.0	0.4283928571
9295.0	0.4283928571
9300.0	0.4283928571
9305.0	0.4283928571
9310.0	0.4283928571
9315.0	0.4283928571
9320.0	0.4283928571
9325.0	0.4283928571
9330.0	0.4283928571
9335.0	0.4283928571
9340.0	0.4283928571
9345.0	0.4283928571
9350.0	0.4283928571
9355.0	0.4283928571
9360.0	0.4283928571
9365.0	0.4283928571
9370.0	0.4283928571
9375.0	0.4283928571
9380.0	0.4283928571
9385.0	0.4283928571
9390.0	0.4283928571
9395.0	0.4283928571
9400.0	0.4283928571
9405.0	0.4283928571
9410.0	0.4283928571
9415.0	0.4283928571
9420.0	0.4283928571
9425.0	0.4283928571
9430.0	0.4283928571
9435.0	0.4283928571
9440.0	0.4283928571
9445.0	0.4283928571
9450.0	0.4283928571
9455.0	0.4283928571
9460.0	0.4283928571
9465.0	0.4283928571
9470.0	0.4283928571
9475.0	0.4283928571
9480.0	0.4283928571
9485.0	0.4283928571
9490.0	0.4283928571
9495.0	0.4283928571
9500.0	0.4283928571
9505.0	0.4283928571
9510.0	0.4283928571
9515.0	0.4283928571
9520.0	0.4283928571
9525.0	0.4283928571
9530.0	0.4283928571
9535.0	0.4283928571
9540.0	0.4283928571
9545.0	0.4283928571
9550.0	0.4283928571
9555.0	0.4283928571
9560.0	0.4283928571
9565.0	0.4283928571
9570.0	0.4283928571
9575.0	0.4283928571
9580.0	0.4283928571
9585.0	0.4283928571
9590.0	0.4283928571
9595.0	0.4283928571
9600.0	0.4283928571
9605.0	0.4283928571
9610.0	0.4283928571
9615.0	0.4283928571
9620.0	0.4283928571
9625.0	0.4283928571
9630.0	0.4283928571
9635.0	0.4283928571
9640.0	0.4283928571
9645.0	0.4283928571
9650.0	0.4283928571
9655.0	0.4283928571
9660.0	0.4283928571
9665.0	0.4283928571
9670.0	0.4283928571
9675.0	0.4283928571
9680.0	0.4283928571
9685.0	0.4283928571
9690.0	0.4283928571
9695.0	0.4283928571
9700.0	0.4283928571
9705.0	0.4283928571
9710.0	0.4283928571
9715.0	0.4283928571
9720.0	0.4283928571
9725.0	0.4283928571
9730.0	0.4283928571
9735.0	0.4283928571
9740.0	0.4283928571
9745.0	0.4283928571
9750.0	0.4283928571
9755.0	0.4283928571
9760.0	0.4283928571
9765.0	0.4283928571
9770.0	0.4283928571
9775.0	0.4283928571
9780.0	0.4283928571
9785.0	0.4283928571
9790.0	0.4283928571
9795.0	0.4283928571
9800.0	0.4283928571
9805.0	0.4283928571
9810.0	0.4283928571
9815.0	0.4283928571
9820.0	0.4283928571
9825.0	0.4283928571
9830.0	0.4283928571
9835.0	0.4283928571
9840.0	0.4283928571
9845.0	0.4283928571
9850.0	0.4283928571
9855.0	0.4283928571
9860.0	0.4283928571
9865.0	0.4283928571
9870.0	0.4283928571
9875.0	0.4283928571
9880.0	0.4283928571
9885.0	0.4283928571
9890.0	0.4283928571
9895.0	0.4283928571
9900.0	0.4283928571
9905.0	0.4283928571
9910.0	0.4283928571
9915.0	0.4283928571
9920.0	0.4283928571
9925.0	0.4283928571
9930.0	0.4283928571
9935.0	0.4283928571
9940.0	0.4283928571
9945.0	0.4283928571
9950.0	0.4283928571
9955.0	0.4283928571
9960.0	0.4283928571
9965.0	0.4283928571
9970.0	0.4283928571
9975.0	0.4283928571
9980.0	0.4283928571
9985.0	0.4283928571
9990.0	0.4283928571
9995.0	0.4283928571
10000.0	0.4283928571
