# SM gg -> H cross section @ 8 TeV LHC
# Data generated with HIGLU v4.00
#1.8450980400142569
#0.0116656763634924
#186
# log10(MH/GeV) | log10(sigma/pb)
1.8450980400142569	1.7840185663706518
1.8567637163777493	1.7608422492920628
1.8684293927412416	1.7377061745677533
1.880095069104734	1.7145954532638326
1.8917607454682264	1.6915023150022261
1.9034264218317187	1.6684194660407898
1.9150920981952111	1.6453426741528518
1.9267577745587035	1.6222637722292352
1.9384234509221958	1.5991655664452702
1.9500891272856882	1.5760474972525782
1.9617548036491805	1.5529029393229994
1.9734204800126729	1.5297254306108168
1.9850861563761653	1.5065104441403991
1.9967518327396576	1.4832448609315168
2.00841750910315	1.4599350168515248
2.0200831854666421	1.436553813107952
2.0317488618301347	1.4132008208636146
2.0434145381936268	1.3897205636106496
2.0550802145571194	1.3661632368588794
2.0667458909206116	1.3425726839169116
2.0784115672841041	1.3189227212673353
2.0900772436475963	1.2952085215892681
2.1017429200110889	1.2714256924053926
2.113408596374581	1.2475854179283179
2.1250742727380736	1.2236931847515637
2.1367399491015657	1.1997332426348228
2.1484056254650583	1.1757089116540647
2.1600713018285504	1.1516425395592804
2.171736978192043	1.1275259245876943
2.1834026545555352	1.1033623629986691
2.1950683309190273	1.0791631500672101
2.2067340072825199	1.0549384619896298
2.2183996836460125	1.0306847107056278
2.2300653600095046	1.006418973301598
2.2417310363729968	0.98214726046343048
2.2533967127364893	0.95787965319034696
2.2650623890999819	0.93363405255740917
2.2767280654634741	0.90942069226465039
2.2883937418269662	0.88525772346836096
2.3000594181904588	0.86116686733504122
2.3117250945539509	0.83717288226340325
2.3233907709174435	0.81328602181545362
2.3350564472809356	0.78955392044468486
2.3467221236444282	0.76599545618559084
2.3583878000079204	0.74265837204917773
2.3700534763714129	0.7195715743144554
2.3817191527349051	0.69680268746664475
2.3933848290983977	0.67440365112491252
2.4050505054618898	0.6524455484564925
2.4167161818253824	0.63101839864504838
2.4283818581888745	0.61022778233617869
2.4400475345523671	0.5901996115197724
2.4517132109158593	0.57110529053517145
2.4633788872793518	0.55315211786354235
2.475044563642844	0.53662534906735637
2.4867102400063366	0.52191963336343028
2.4983759163698287	0.50961510773083396
2.5100415927333213	0.50065354858491229
2.5217072690968134	0.49677194565117977
2.5333729454603056	0.50255957325829237
2.5450386218237981	0.53003055945531463
2.5567042981872907	0.53855488381089345
2.5683699745507829	0.53250723205696771
2.580035650914275	0.51644149797211469
2.5917013272777676	0.49288046671925179
2.6033670036412602	0.46344951363049969
2.6150326800047523	0.42926443386079638
2.6266983563682444	0.39112220181790691
2.638364032731737	0.34961744601533817
2.6500297090952296	0.30522020130689237
2.6616953854587218	0.25828041134390778
2.6733610618222139	0.20908050276861323
2.6850267381857065	0.15785551940809095
2.6966924145491986	0.10478063886884577
2.7083580909126912	0.05002382155470729
2.7200237672761833	-0.0062852049383569008
2.7316894436396759	-0.064045570609883862
2.7433551200031681	-0.12315196582889018
2.7550207963666606	-0.18355651834917905
2.7666864727301528	-0.24517099512252027
2.7783521490936454	-0.30794575243383093
2.7900178254571375	-0.37183696181725512
2.8016835018206301	-0.43678835567694407
2.8133491781841222	-0.50279520152129376
2.8250148545476148	-0.56979751417012414
2.8366805309111069	-0.63777961357328383
2.8483462072745995	-0.70673028151181194
2.8600118836380917	-0.7766260835944544
2.8716775600015838	-0.84744871181411896
2.8833432363650764	-0.91918959008092127
2.895008912728569	-0.99185138855107946
2.9066745890920611	-1.0654141936524717
2.9183402654555533	-1.139883090614819
2.9300059418190458	-1.2152529376015322
2.9416716181825384	-1.2915238604404722
2.9533372945460306	-1.3686983131685138
2.9650029709095227	-1.4467749788692952
2.9766686472730153	-1.5257706198455063
2.9883343236365079	-1.6056796780945524
3.	-1.686533527341765
3.0116656764	-1.7673873766
3.0233313527	-1.8482412258
3.0349970291	-1.9290950751
3.0466627055	-2.0099489243
3.0583283818	-2.0908027736
3.0699940582	-2.1716566228
3.0816597345	-2.2525104721
3.0933254109	-2.3333643213
3.1049910873	-2.4142181706
3.1166567636	-2.4950720198
3.12832244	-2.5759258691
3.1399881164	-2.6567797183
3.1516537927	-2.7376335676
3.1633194691	-2.8184874168
3.1749851455	-2.899341266
3.1866508218	-2.9801951153
3.1983164982	-3.0610489645
3.2099821745	-3.1419028138
3.2216478509	-3.222756663
3.2333135273	-3.3036105123
3.2449792036	-3.3844643615
3.25664488	-3.4653182108
3.2683105564	-3.54617206
3.2799762327	-3.6270259093
3.2916419091	-3.7078797585
3.3033075855	-3.7887336078
3.3149732618	-3.869587457
3.3266389382	-3.9504413063
3.3383046145	-4.0312951555
3.3499702909	-4.1121490048
3.3616359673	-4.193002854
3.3733016436	-4.2738567033
3.38496732	-4.3547105525
3.3966329964	-4.4355644017
3.4082986727	-4.516418251
3.4199643491	-4.5972721002
3.4316300254	-4.6781259495
3.4432957018	-4.7589797987
3.4549613782	-4.839833648
3.4666270545	-4.9206874972
3.4782927309	-5.0015413465
3.4899584073	-5.0823951957
3.5016240836	-5.163249045
3.51328976	-5.2441028942
3.5249554364	-5.3249567435
3.5366211127	-5.4058105927
3.5482867891	-5.486664442
3.5599524654	-5.5675182912
3.5716181418	-5.6483721405
3.5832838182	-5.7292259897
3.5949494945	-5.8100798389
3.6066151709	-5.8909336882
3.6182808473	-5.9717875374
3.6299465236	-6.0526413867
3.6416122	-6.1334952359
3.6532778764	-6.2143490852
3.6649435527	-6.2952029344
3.6766092291	-6.3760567837
3.6882749054	-6.4569106329
3.6999405818	-6.5377644822
3.7116062582	-6.6186183314
3.7232719345	-6.6994721807
3.7349376109	-6.7803260299
3.7466032873	-6.8611798792
3.7582689636	-6.9420337284
3.76993464	-7.0228875777
3.7816003164	-7.1037414269
3.7932659927	-7.1845952762
3.8049316691	-7.2654491254
3.8165973454	-7.3463029746
3.8282630218	-7.4271568239
3.8399286982	-7.5080106731
3.8515943745	-7.5888645224
3.8632600509	-7.6697183716
3.8749257273	-7.7505722209
3.8865914036	-7.8314260701
3.89825708	-7.9122799194
3.9099227564	-7.9931337686
3.9215884327	-8.0739876179
3.9332541091	-8.1548414671
3.9449197854	-8.2356953164
3.9565854618	-8.3165491656
3.9682511382	-8.3974030149
3.9799168145	-8.4782568641
3.9915824909	-8.5591107134
4.0032481673	-8.6399645626
