# CMS-HIG-13-026
# H+ -> t b bar 95% exclusion limits (100% BR to t b bar assumed)
#150
#10
#986
# mHp[GeV] | sig*BR_95% [pb]
150.0	30000.0
160.0	20000.0
170.0	10000.0
180.0	4.054523734
190.0	3.2250560938
200.0	2.3955884536
210.0	1.8114579726
220.0	1.2273274916
230.0	1.1564703554
240.0	1.0856132192
250.0	1.014756083
260.0	0.9348602094
270.0	0.8549643357
280.0	0.7750684621
290.0	0.6951725884
300.0	0.6152767148
310.0	0.5967155674
320.0	0.5781544201
330.0	0.5595932728
340.0	0.5410321255
350.0	0.5224709782
360.0	0.5039098309
370.0	0.4853486836
380.0	0.4667875363
390.0	0.448226389
400.0	0.4296652416
410.0	0.437573373
420.0	0.4454815043
430.0	0.4533896357
440.0	0.461297767
450.0	0.4692058984
460.0	0.4771140297
470.0	0.485022161
480.0	0.4929302924
490.0	0.5008384237
500.0	0.5087465551
510.0	0.4992241452
520.0	0.4897017353
530.0	0.4801793255
540.0	0.4706569156
550.0	0.4611345057
560.0	0.4516120959
570.0	0.442089686
580.0	0.4325672762
590.0	0.4230448663
600.0	0.4135224564
610.0	100.0
620.0	200.0
630.0	300.0
640.0	400.0
650.0	500.0
660.0	600.0
670.0	700.0
680.0	800.0
690.0	900.0
700.0	1000.0
710.0	1100.0
720.0	1200.0
730.0	1300.0
740.0	1400.0
750.0	1500.0
760.0	1600.0
770.0	1700.0
780.0	1800.0
790.0	1900.0
800.0	2000.0
810.0	2100.0
820.0	2200.0
830.0	2300.0
840.0	2400.0
850.0	2500.0
860.0	2600.0
870.0	2700.0
880.0	2800.0
890.0	2900.0
900.0	3000.0
910.0	3100.0
920.0	3200.0
930.0	3300.0
940.0	3400.0
950.0	3500.0
960.0	3600.0
970.0	3700.0
980.0	3800.0
990.0	3900.0
1000.0	4000.0
1010.0	4100.0
1020.0	4200.0
1030.0	4300.0
1040.0	4400.0
1050.0	4500.0
1060.0	4600.0
1070.0	4700.0
1080.0	4800.0
1090.0	4900.0
1100.0	5000.0
1110.0	5100.0
1120.0	5200.0
1130.0	5300.0
1140.0	5400.0
1150.0	5500.0
1160.0	5600.0
1170.0	5700.0
1180.0	5800.0
1190.0	5900.0
1200.0	6000.0
1210.0	6100.0
1220.0	6200.0
1230.0	6300.0
1240.0	6400.0
1250.0	6500.0
1260.0	6600.0
1270.0	6700.0
1280.0	6800.0
1290.0	6900.0
1300.0	7000.0
1310.0	7100.0
1320.0	7200.0
1330.0	7300.0
1340.0	7400.0
1350.0	7500.0
1360.0	7600.0
1370.0	7700.0
1380.0	7800.0
1390.0	7900.0
1400.0	8000.0
1410.0	8100.0
1420.0	8200.0
1430.0	8300.0
1440.0	8400.0
1450.0	8500.0
1460.0	8600.0
1470.0	8700.0
1480.0	8800.0
1490.0	8900.0
1500.0	9000.0
1510.0	9100.0
1520.0	9200.0
1530.0	9300.0
1540.0	9400.0
1550.0	9500.0
1560.0	9600.0
1570.0	9700.0
1580.0	9800.0
1590.0	9900.0
1600.0	10000.0
1610.0	10100.0
1620.0	10200.0
1630.0	10300.0
1640.0	10400.0
1650.0	10500.0
1660.0	10600.0
1670.0	10700.0
1680.0	10800.0
1690.0	10900.0
1700.0	11000.0
1710.0	11100.0
1720.0	11200.0
1730.0	11300.0
1740.0	11400.0
1750.0	11500.0
1760.0	11600.0
1770.0	11700.0
1780.0	11800.0
1790.0	11900.0
1800.0	12000.0
1810.0	12100.0
1820.0	12200.0
1830.0	12300.0
1840.0	12400.0
1850.0	12500.0
1860.0	12600.0
1870.0	12700.0
1880.0	12800.0
1890.0	12900.0
1900.0	13000.0
1910.0	13100.0
1920.0	13200.0
1930.0	13300.0
1940.0	13400.0
1950.0	13500.0
1960.0	13600.0
1970.0	13700.0
1980.0	13800.0
1990.0	13900.0
2000.0	14000.0
2010.0	14100.0
2020.0	14200.0
2030.0	14300.0
2040.0	14400.0
2050.0	14500.0
2060.0	14600.0
2070.0	14700.0
2080.0	14800.0
2090.0	14900.0
2100.0	15000.0
2110.0	15100.0
2120.0	15200.0
2130.0	15300.0
2140.0	15400.0
2150.0	15500.0
2160.0	15600.0
2170.0	15700.0
2180.0	15800.0
2190.0	15900.0
2200.0	16000.0
2210.0	16100.0
2220.0	16200.0
2230.0	16300.0
2240.0	16400.0
2250.0	16500.0
2260.0	16600.0
2270.0	16700.0
2280.0	16800.0
2290.0	16900.0
2300.0	17000.0
2310.0	17100.0
2320.0	17200.0
2330.0	17300.0
2340.0	17400.0
2350.0	17500.0
2360.0	17600.0
2370.0	17700.0
2380.0	17800.0
2390.0	17900.0
2400.0	18000.0
2410.0	18100.0
2420.0	18200.0
2430.0	18300.0
2440.0	18400.0
2450.0	18500.0
2460.0	18600.0
2470.0	18700.0
2480.0	18800.0
2490.0	18900.0
2500.0	19000.0
2510.0	19100.0
2520.0	19200.0
2530.0	19300.0
2540.0	19400.0
2550.0	19500.0
2560.0	19600.0
2570.0	19700.0
2580.0	19800.0
2590.0	19900.0
2600.0	20000.0
2610.0	20100.0
2620.0	20200.0
2630.0	20300.0
2640.0	20400.0
2650.0	20500.0
2660.0	20600.0
2670.0	20700.0
2680.0	20800.0
2690.0	20900.0
2700.0	21000.0
2710.0	21100.0
2720.0	21200.0
2730.0	21300.0
2740.0	21400.0
2750.0	21500.0
2760.0	21600.0
2770.0	21700.0
2780.0	21800.0
2790.0	21900.0
2800.0	22000.0
2810.0	22100.0
2820.0	22200.0
2830.0	22300.0
2840.0	22400.0
2850.0	22500.0
2860.0	22600.0
2870.0	22700.0
2880.0	22800.0
2890.0	22900.0
2900.0	23000.0
2910.0	23100.0
2920.0	23200.0
2930.0	23300.0
2940.0	23400.0
2950.0	23500.0
2960.0	23600.0
2970.0	23700.0
2980.0	23800.0
2990.0	23900.0
3000.0	24000.0
3010.0	24100.0
3020.0	24200.0
3030.0	24300.0
3040.0	24400.0
3050.0	24500.0
3060.0	24600.0
3070.0	24700.0
3080.0	24800.0
3090.0	24900.0
3100.0	25000.0
3110.0	25100.0
3120.0	25200.0
3130.0	25300.0
3140.0	25400.0
3150.0	25500.0
3160.0	25600.0
3170.0	25700.0
3180.0	25800.0
3190.0	25900.0
3200.0	26000.0
3210.0	26100.0
3220.0	26200.0
3230.0	26300.0
3240.0	26400.0
3250.0	26500.0
3260.0	26600.0
3270.0	26700.0
3280.0	26800.0
3290.0	26900.0
3300.0	27000.0
3310.0	27100.0
3320.0	27200.0
3330.0	27300.0
3340.0	27400.0
3350.0	27500.0
3360.0	27600.0
3370.0	27700.0
3380.0	27800.0
3390.0	27900.0
3400.0	28000.0
3410.0	28100.0
3420.0	28200.0
3430.0	28300.0
3440.0	28400.0
3450.0	28500.0
3460.0	28600.0
3470.0	28700.0
3480.0	28800.0
3490.0	28900.0
3500.0	29000.0
3510.0	29100.0
3520.0	29200.0
3530.0	29300.0
3540.0	29400.0
3550.0	29500.0
3560.0	29600.0
3570.0	29700.0
3580.0	29800.0
3590.0	29900.0
3600.0	30000.0
3610.0	30100.0
3620.0	30200.0
3630.0	30300.0
3640.0	30400.0
3650.0	30500.0
3660.0	30600.0
3670.0	30700.0
3680.0	30800.0
3690.0	30900.0
3700.0	31000.0
3710.0	31100.0
3720.0	31200.0
3730.0	31300.0
3740.0	31400.0
3750.0	31500.0
3760.0	31600.0
3770.0	31700.0
3780.0	31800.0
3790.0	31900.0
3800.0	32000.0
3810.0	32100.0
3820.0	32200.0
3830.0	32300.0
3840.0	32400.0
3850.0	32500.0
3860.0	32600.0
3870.0	32700.0
3880.0	32800.0
3890.0	32900.0
3900.0	33000.0
3910.0	33100.0
3920.0	33200.0
3930.0	33300.0
3940.0	33400.0
3950.0	33500.0
3960.0	33600.0
3970.0	33700.0
3980.0	33800.0
3990.0	33900.0
4000.0	34000.0
4010.0	34100.0
4020.0	34200.0
4030.0	34300.0
4040.0	34400.0
4050.0	34500.0
4060.0	34600.0
4070.0	34700.0
4080.0	34800.0
4090.0	34900.0
4100.0	35000.0
4110.0	35100.0
4120.0	35200.0
4130.0	35300.0
4140.0	35400.0
4150.0	35500.0
4160.0	35600.0
4170.0	35700.0
4180.0	35800.0
4190.0	35900.0
4200.0	36000.0
4210.0	36100.0
4220.0	36200.0
4230.0	36300.0
4240.0	36400.0
4250.0	36500.0
4260.0	36600.0
4270.0	36700.0
4280.0	36800.0
4290.0	36900.0
4300.0	37000.0
4310.0	37100.0
4320.0	37200.0
4330.0	37300.0
4340.0	37400.0
4350.0	37500.0
4360.0	37600.0
4370.0	37700.0
4380.0	37800.0
4390.0	37900.0
4400.0	38000.0
4410.0	38100.0
4420.0	38200.0
4430.0	38300.0
4440.0	38400.0
4450.0	38500.0
4460.0	38600.0
4470.0	38700.0
4480.0	38800.0
4490.0	38900.0
4500.0	39000.0
4510.0	39100.0
4520.0	39200.0
4530.0	39300.0
4540.0	39400.0
4550.0	39500.0
4560.0	39600.0
4570.0	39700.0
4580.0	39800.0
4590.0	39900.0
4600.0	40000.0
4610.0	40100.0
4620.0	40200.0
4630.0	40300.0
4640.0	40400.0
4650.0	40500.0
4660.0	40600.0
4670.0	40700.0
4680.0	40800.0
4690.0	40900.0
4700.0	41000.0
4710.0	41100.0
4720.0	41200.0
4730.0	41300.0
4740.0	41400.0
4750.0	41500.0
4760.0	41600.0
4770.0	41700.0
4780.0	41800.0
4790.0	41900.0
4800.0	42000.0
4810.0	42100.0
4820.0	42200.0
4830.0	42300.0
4840.0	42400.0
4850.0	42500.0
4860.0	42600.0
4870.0	42700.0
4880.0	42800.0
4890.0	42900.0
4900.0	43000.0
4910.0	43100.0
4920.0	43200.0
4930.0	43300.0
4940.0	43400.0
4950.0	43500.0
4960.0	43600.0
4970.0	43700.0
4980.0	43800.0
4990.0	43900.0
5000.0	44000.0
5010.0	44100.0
5020.0	44200.0
5030.0	44300.0
5040.0	44400.0
5050.0	44500.0
5060.0	44600.0
5070.0	44700.0
5080.0	44800.0
5090.0	44900.0
5100.0	45000.0
5110.0	45100.0
5120.0	45200.0
5130.0	45300.0
5140.0	45400.0
5150.0	45500.0
5160.0	45600.0
5170.0	45700.0
5180.0	45800.0
5190.0	45900.0
5200.0	46000.0
5210.0	46100.0
5220.0	46200.0
5230.0	46300.0
5240.0	46400.0
5250.0	46500.0
5260.0	46600.0
5270.0	46700.0
5280.0	46800.0
5290.0	46900.0
5300.0	47000.0
5310.0	47100.0
5320.0	47200.0
5330.0	47300.0
5340.0	47400.0
5350.0	47500.0
5360.0	47600.0
5370.0	47700.0
5380.0	47800.0
5390.0	47900.0
5400.0	48000.0
5410.0	48100.0
5420.0	48200.0
5430.0	48300.0
5440.0	48400.0
5450.0	48500.0
5460.0	48600.0
5470.0	48700.0
5480.0	48800.0
5490.0	48900.0
5500.0	49000.0
5510.0	49100.0
5520.0	49200.0
5530.0	49300.0
5540.0	49400.0
5550.0	49500.0
5560.0	49600.0
5570.0	49700.0
5580.0	49800.0
5590.0	49900.0
5600.0	50000.0
5610.0	50100.0
5620.0	50200.0
5630.0	50300.0
5640.0	50400.0
5650.0	50500.0
5660.0	50600.0
5670.0	50700.0
5680.0	50800.0
5690.0	50900.0
5700.0	51000.0
5710.0	51100.0
5720.0	51200.0
5730.0	51300.0
5740.0	51400.0
5750.0	51500.0
5760.0	51600.0
5770.0	51700.0
5780.0	51800.0
5790.0	51900.0
5800.0	52000.0
5810.0	52100.0
5820.0	52200.0
5830.0	52300.0
5840.0	52400.0
5850.0	52500.0
5860.0	52600.0
5870.0	52700.0
5880.0	52800.0
5890.0	52900.0
5900.0	53000.0
5910.0	53100.0
5920.0	53200.0
5930.0	53300.0
5940.0	53400.0
5950.0	53500.0
5960.0	53600.0
5970.0	53700.0
5980.0	53800.0
5990.0	53900.0
6000.0	54000.0
6010.0	54100.0
6020.0	54200.0
6030.0	54300.0
6040.0	54400.0
6050.0	54500.0
6060.0	54600.0
6070.0	54700.0
6080.0	54800.0
6090.0	54900.0
6100.0	55000.0
6110.0	55100.0
6120.0	55200.0
6130.0	55300.0
6140.0	55400.0
6150.0	55500.0
6160.0	55600.0
6170.0	55700.0
6180.0	55800.0
6190.0	55900.0
6200.0	56000.0
6210.0	56100.0
6220.0	56200.0
6230.0	56300.0
6240.0	56400.0
6250.0	56500.0
6260.0	56600.0
6270.0	56700.0
6280.0	56800.0
6290.0	56900.0
6300.0	57000.0
6310.0	57100.0
6320.0	57200.0
6330.0	57300.0
6340.0	57400.0
6350.0	57500.0
6360.0	57600.0
6370.0	57700.0
6380.0	57800.0
6390.0	57900.0
6400.0	58000.0
6410.0	58100.0
6420.0	58200.0
6430.0	58300.0
6440.0	58400.0
6450.0	58500.0
6460.0	58600.0
6470.0	58700.0
6480.0	58800.0
6490.0	58900.0
6500.0	59000.0
6510.0	59100.0
6520.0	59200.0
6530.0	59300.0
6540.0	59400.0
6550.0	59500.0
6560.0	59600.0
6570.0	59700.0
6580.0	59800.0
6590.0	59900.0
6600.0	60000.0
6610.0	60100.0
6620.0	60200.0
6630.0	60300.0
6640.0	60400.0
6650.0	60500.0
6660.0	60600.0
6670.0	60700.0
6680.0	60800.0
6690.0	60900.0
6700.0	61000.0
6710.0	61100.0
6720.0	61200.0
6730.0	61300.0
6740.0	61400.0
6750.0	61500.0
6760.0	61600.0
6770.0	61700.0
6780.0	61800.0
6790.0	61900.0
6800.0	62000.0
6810.0	62100.0
6820.0	62200.0
6830.0	62300.0
6840.0	62400.0
6850.0	62500.0
6860.0	62600.0
6870.0	62700.0
6880.0	62800.0
6890.0	62900.0
6900.0	63000.0
6910.0	63100.0
6920.0	63200.0
6930.0	63300.0
6940.0	63400.0
6950.0	63500.0
6960.0	63600.0
6970.0	63700.0
6980.0	63800.0
6990.0	63900.0
7000.0	64000.0
7010.0	64100.0
7020.0	64200.0
7030.0	64300.0
7040.0	64400.0
7050.0	64500.0
7060.0	64600.0
7070.0	64700.0
7080.0	64800.0
7090.0	64900.0
7100.0	65000.0
7110.0	65100.0
7120.0	65200.0
7130.0	65300.0
7140.0	65400.0
7150.0	65500.0
7160.0	65600.0
7170.0	65700.0
7180.0	65800.0
7190.0	65900.0
7200.0	66000.0
7210.0	66100.0
7220.0	66200.0
7230.0	66300.0
7240.0	66400.0
7250.0	66500.0
7260.0	66600.0
7270.0	66700.0
7280.0	66800.0
7290.0	66900.0
7300.0	67000.0
7310.0	67100.0
7320.0	67200.0
7330.0	67300.0
7340.0	67400.0
7350.0	67500.0
7360.0	67600.0
7370.0	67700.0
7380.0	67800.0
7390.0	67900.0
7400.0	68000.0
7410.0	68100.0
7420.0	68200.0
7430.0	68300.0
7440.0	68400.0
7450.0	68500.0
7460.0	68600.0
7470.0	68700.0
7480.0	68800.0
7490.0	68900.0
7500.0	69000.0
7510.0	69100.0
7520.0	69200.0
7530.0	69300.0
7540.0	69400.0
7550.0	69500.0
7560.0	69600.0
7570.0	69700.0
7580.0	69800.0
7590.0	69900.0
7600.0	70000.0
7610.0	70100.0
7620.0	70200.0
7630.0	70300.0
7640.0	70400.0
7650.0	70500.0
7660.0	70600.0
7670.0	70700.0
7680.0	70800.0
7690.0	70900.0
7700.0	71000.0
7710.0	71100.0
7720.0	71200.0
7730.0	71300.0
7740.0	71400.0
7750.0	71500.0
7760.0	71600.0
7770.0	71700.0
7780.0	71800.0
7790.0	71900.0
7800.0	72000.0
7810.0	72100.0
7820.0	72200.0
7830.0	72300.0
7840.0	72400.0
7850.0	72500.0
7860.0	72600.0
7870.0	72700.0
7880.0	72800.0
7890.0	72900.0
7900.0	73000.0
7910.0	73100.0
7920.0	73200.0
7930.0	73300.0
7940.0	73400.0
7950.0	73500.0
7960.0	73600.0
7970.0	73700.0
7980.0	73800.0
7990.0	73900.0
8000.0	74000.0
8010.0	74100.0
8020.0	74200.0
8030.0	74300.0
8040.0	74400.0
8050.0	74500.0
8060.0	74600.0
8070.0	74700.0
8080.0	74800.0
8090.0	74900.0
8100.0	75000.0
8110.0	75100.0
8120.0	75200.0
8130.0	75300.0
8140.0	75400.0
8150.0	75500.0
8160.0	75600.0
8170.0	75700.0
8180.0	75800.0
8190.0	75900.0
8200.0	76000.0
8210.0	76100.0
8220.0	76200.0
8230.0	76300.0
8240.0	76400.0
8250.0	76500.0
8260.0	76600.0
8270.0	76700.0
8280.0	76800.0
8290.0	76900.0
8300.0	77000.0
8310.0	77100.0
8320.0	77200.0
8330.0	77300.0
8340.0	77400.0
8350.0	77500.0
8360.0	77600.0
8370.0	77700.0
8380.0	77800.0
8390.0	77900.0
8400.0	78000.0
8410.0	78100.0
8420.0	78200.0
8430.0	78300.0
8440.0	78400.0
8450.0	78500.0
8460.0	78600.0
8470.0	78700.0
8480.0	78800.0
8490.0	78900.0
8500.0	79000.0
8510.0	79100.0
8520.0	79200.0
8530.0	79300.0
8540.0	79400.0
8550.0	79500.0
8560.0	79600.0
8570.0	79700.0
8580.0	79800.0
8590.0	79900.0
8600.0	80000.0
8610.0	80100.0
8620.0	80200.0
8630.0	80300.0
8640.0	80400.0
8650.0	80500.0
8660.0	80600.0
8670.0	80700.0
8680.0	80800.0
8690.0	80900.0
8700.0	81000.0
8710.0	81100.0
8720.0	81200.0
8730.0	81300.0
8740.0	81400.0
8750.0	81500.0
8760.0	81600.0
8770.0	81700.0
8780.0	81800.0
8790.0	81900.0
8800.0	82000.0
8810.0	82100.0
8820.0	82200.0
8830.0	82300.0
8840.0	82400.0
8850.0	82500.0
8860.0	82600.0
8870.0	82700.0
8880.0	82800.0
8890.0	82900.0
8900.0	83000.0
8910.0	83100.0
8920.0	83200.0
8930.0	83300.0
8940.0	83400.0
8950.0	83500.0
8960.0	83600.0
8970.0	83700.0
8980.0	83800.0
8990.0	83900.0
9000.0	84000.0
9010.0	84100.0
9020.0	84200.0
9030.0	84300.0
9040.0	84400.0
9050.0	84500.0
9060.0	84600.0
9070.0	84700.0
9080.0	84800.0
9090.0	84900.0
9100.0	85000.0
9110.0	85100.0
9120.0	85200.0
9130.0	85300.0
9140.0	85400.0
9150.0	85500.0
9160.0	85600.0
9170.0	85700.0
9180.0	85800.0
9190.0	85900.0
9200.0	86000.0
9210.0	86100.0
9220.0	86200.0
9230.0	86300.0
9240.0	86400.0
9250.0	86500.0
9260.0	86600.0
9270.0	86700.0
9280.0	86800.0
9290.0	86900.0
9300.0	87000.0
9310.0	87100.0
9320.0	87200.0
9330.0	87300.0
9340.0	87400.0
9350.0	87500.0
9360.0	87600.0
9370.0	87700.0
9380.0	87800.0
9390.0	87900.0
9400.0	88000.0
9410.0	88100.0
9420.0	88200.0
9430.0	88300.0
9440.0	88400.0
9450.0	88500.0
9460.0	88600.0
9470.0	88700.0
9480.0	88800.0
9490.0	88900.0
9500.0	89000.0
9510.0	89100.0
9520.0	89200.0
9530.0	89300.0
9540.0	89400.0
9550.0	89500.0
9560.0	89600.0
9570.0	89700.0
9580.0	89800.0
9590.0	89900.0
9600.0	90000.0
9610.0	90100.0
9620.0	90200.0
9630.0	90300.0
9640.0	90400.0
9650.0	90500.0
9660.0	90600.0
9670.0	90700.0
9680.0	90800.0
9690.0	90900.0
9700.0	91000.0
9710.0	91100.0
9720.0	91200.0
9730.0	91300.0
9740.0	91400.0
9750.0	91500.0
9760.0	91600.0
9770.0	91700.0
9780.0	91800.0
9790.0	91900.0
9800.0	92000.0
9810.0	92100.0
9820.0	92200.0
9830.0	92300.0
9840.0	92400.0
9850.0	92500.0
9860.0	92600.0
9870.0	92700.0
9880.0	92800.0
9890.0	92900.0
9900.0	93000.0
9910.0	93100.0
9920.0	93200.0
9930.0	93300.0
9940.0	93400.0
9950.0	93500.0
9960.0	93600.0
9970.0	93700.0
9980.0	93800.0
9990.0	93900.0
10000.0	94000.0
