# ATLAS-CONF-2013-067
# gg->H->WW 95% exclusion limits
#100
#100
#100
# mHH[GeV] | sig*BR_95% [pb]
100.0	10000.0
200.0	5000.0
300.0	0.2344393891
400.0	0.1226549318
500.0	0.0534353608
600.0	0.0326408506
700.0	0.0287551473
800.0	0.0287551473
900.0	0.0260556637
1000.0	0.0291629736
1100.0	5000.0
1200.0	10000.0
1300.0	15000.0
1400.0	20000.0
1500.0	25000.0
1600.0	30000.0
1700.0	35000.0
1800.0	40000.0
1900.0	45000.0
2000.0	50000.0
2100.0	55000.0
2200.0	60000.0
2300.0	65000.0
2400.0	70000.0
2500.0	75000.0
2600.0	80000.0
2700.0	85000.0
2800.0	90000.0
2900.0	95000.0
3000.0	100000.0
3100.0	105000.0
3200.0	110000.0
3300.0	115000.0
3400.0	120000.0
3500.0	125000.0
3600.0	130000.0
3700.0	135000.0
3800.0	140000.0
3900.0	145000.0
4000.0	150000.0
4100.0	155000.0
4200.0	160000.0
4300.0	165000.0
4400.0	170000.0
4500.0	175000.0
4600.0	180000.0
4700.0	185000.0
4800.0	190000.0
4900.0	195000.0
5000.0	200000.0
5100.0	205000.0
5200.0	210000.0
5300.0	215000.0
5400.0	220000.0
5500.0	225000.0
5600.0	230000.0
5700.0	235000.0
5800.0	240000.0
5900.0	245000.0
6000.0	250000.0
6100.0	255000.0
6200.0	260000.0
6300.0	265000.0
6400.0	270000.0
6500.0	275000.0
6600.0	280000.0
6700.0	285000.0
6800.0	290000.0
6900.0	295000.0
7000.0	300000.0
7100.0	305000.0
7200.0	310000.0
7300.0	315000.0
7400.0	320000.0
7500.0	325000.0
7600.0	330000.0
7700.0	335000.0
7800.0	340000.0
7900.0	345000.0
8000.0	350000.0
8100.0	355000.0
8200.0	360000.0
8300.0	365000.0
8400.0	370000.0
8500.0	375000.0
8600.0	380000.0
8700.0	385000.0
8800.0	390000.0
8900.0	395000.0
9000.0	400000.0
9100.0	405000.0
9200.0	410000.0
9300.0	415000.0
9400.0	420000.0
9500.0	425000.0
9600.0	430000.0
9700.0	435000.0
9800.0	440000.0
9900.0	445000.0
10000.0	450000.0
