#### log10(M^2/m^2)  integral_value | Z(X) integral of Eq. 64 of arxiv:1302.4022
-5.221848749620e0 6.013803385320e0
-5.216633157450e0 6.007810342100e0
-5.211417565290e0 6.001817369100e0
-5.206201973130e0 5.995824466750e0
-5.200986380970e0 5.989831635480e0
-5.195770788810e0 5.983838875720e0
-5.190555196640e0 5.977846187890e0
-5.185339604480e0 5.971853572430e0
-5.180124012320e0 5.965861029790e0
-5.174908420160e0 5.959868560400e0
-5.169692827990e0 5.953876164700e0
-5.164477235830e0 5.947883843140e0
-5.159261643670e0 5.941891596170e0
-5.154046051510e0 5.935899424240e0
-5.148830459350e0 5.929907327810e0
-5.143614867180e0 5.923915307320e0
-5.138399275020e0 5.917923363250e0
-5.133183682860e0 5.911931496050e0
-5.127968090700e0 5.905939706180e0
-5.122752498530e0 5.899947994120e0
-5.117536906370e0 5.893956360340e0
-5.112321314210e0 5.887964805300e0
-5.107105722050e0 5.881973329500e0
-5.101890129890e0 5.875981933390e0
-5.096674537720e0 5.869990617470e0
-5.091458945560e0 5.863999382230e0
-5.086243353400e0 5.858008228150e0
-5.081027761240e0 5.852017155720e0
-5.075812169070e0 5.846026165430e0
-5.070596576910e0 5.840035257780e0
-5.065380984750e0 5.834044433280e0
-5.060165392590e0 5.828053692430e0
-5.054949800430e0 5.822063035720e0
-5.049734208260e0 5.816072463680e0
-5.044518616100e0 5.810081976810e0
-5.039303023940e0 5.804091575630e0
-5.034087431780e0 5.798101260650e0
-5.028871839610e0 5.792111032400e0
-5.023656247450e0 5.786120891410e0
-5.018440655290e0 5.780130838200e0
-5.013225063130e0 5.774140873300e0
-5.008009470970e0 5.768150997250e0
-5.002793878800e0 5.762161210580e0
-4.997578286640e0 5.756171513840e0
-4.992362694480e0 5.750181907560e0
-4.987147102320e0 5.744192392310e0
-4.981931510150e0 5.738202968620e0
-4.976715917990e0 5.732213637050e0
-4.971500325830e0 5.726224398160e0
-4.966284733670e0 5.720235252520e0
-4.961069141510e0 5.714246200670e0
-4.955853549340e0 5.708257243210e0
-4.950637957180e0 5.702268380680e0
-4.945422365020e0 5.696279613670e0
-4.940206772860e0 5.690290942760e0
-4.934991180690e0 5.684302368520e0
-4.929775588530e0 5.678313891550e0
-4.924559996370e0 5.672325512430e0
-4.919344404210e0 5.666337231760e0
-4.914128812050e0 5.660349050120e0
-4.908913219880e0 5.654360968120e0
-4.903697627720e0 5.648372986370e0
-4.898482035560e0 5.642385105460e0
-4.893266443400e0 5.636397326020e0
-4.888050851230e0 5.630409648640e0
-4.882835259070e0 5.624422073960e0
-4.877619666910e0 5.618434602590e0
-4.872404074750e0 5.612447235160e0
-4.867188482590e0 5.606459972300e0
-4.861972890420e0 5.600472814630e0
-4.856757298260e0 5.594485762810e0
-4.851541706100e0 5.588498817460e0
-4.846326113940e0 5.582511979240e0
-4.841110521770e0 5.576525248780e0
-4.835894929610e0 5.570538626750e0
-4.830679337450e0 5.564552113800e0
-4.825463745290e0 5.558565710590e0
-4.820248153130e0 5.552579417780e0
-4.815032560960e0 5.546593236050e0
-4.809816968800e0 5.540607166060e0
-4.804601376640e0 5.534621208490e0
-4.799385784480e0 5.528635364030e0
-4.794170192310e0 5.522649633350e0
-4.788954600150e0 5.516664017150e0
-4.783739007990e0 5.510678516120e0
-4.778523415830e0 5.504693130960e0
-4.773307823670e0 5.498707862360e0
-4.768092231500e0 5.492722711030e0
-4.762876639340e0 5.486737677690e0
-4.757661047180e0 5.480752763050e0
-4.752445455020e0 5.474767967830e0
-4.747229862850e0 5.468783292740e0
-4.742014270690e0 5.462798738520e0
-4.736798678530e0 5.456814305910e0
-4.731583086370e0 5.450829995620e0
-4.726367494210e0 5.444845808420e0
-4.721151902040e0 5.438861745030e0
-4.715936309880e0 5.432877806220e0
-4.710720717720e0 5.426893992730e0
-4.705505125560e0 5.420910305320e0
-4.700289533390e0 5.414926744770e0
-4.695073941230e0 5.408943311830e0
-4.689858349070e0 5.402960007280e0
-4.684642756910e0 5.396976831890e0
-4.679427164750e0 5.390993786460e0
-4.674211572580e0 5.385010871760e0
-4.668995980420e0 5.379028088580e0
-4.663780388260e0 5.373045437730e0
-4.658564796100e0 5.367062920010e0
-4.653349203930e0 5.361080536210e0
-4.648133611770e0 5.355098287160e0
-4.642918019610e0 5.349116173670e0
-4.637702427450e0 5.343134196560e0
-4.632486835290e0 5.337152356650e0
-4.627271243120e0 5.331170654780e0
-4.622055650960e0 5.325189091780e0
-4.616840058800e0 5.319207668490e0
-4.611624466640e0 5.313226385770e0
-4.606408874470e0 5.307245244450e0
-4.601193282310e0 5.301264245400e0
-4.595977690150e0 5.295283389480e0
-4.590762097990e0 5.289302677560e0
-4.585546505830e0 5.283322110510e0
-4.580330913660e0 5.277341689200e0
-4.575115321500e0 5.271361414510e0
-4.569899729340e0 5.265381287350e0
-4.564684137180e0 5.259401308590e0
-4.559468545010e0 5.253421479150e0
-4.554252952850e0 5.247441799910e0
-4.549037360690e0 5.241462271810e0
-4.543821768530e0 5.235482895730e0
-4.538606176370e0 5.229503672620e0
-4.533390584200e0 5.223524603400e0
-4.528174992040e0 5.217545688990e0
-4.522959399880e0 5.211566930340e0
-4.517743807720e0 5.205588328380e0
-4.512528215550e0 5.199609884080e0
-4.507312623390e0 5.193631598380e0
-4.502097031230e0 5.187653472240e0
-4.496881439070e0 5.181675506640e0
-4.491665846910e0 5.175697702530e0
-4.486450254740e0 5.169720060910e0
-4.481234662580e0 5.163742582760e0
-4.476019070420e0 5.157765269060e0
-4.470803478260e0 5.151788120820e0
-4.465587886090e0 5.145811139030e0
-4.460372293930e0 5.139834324700e0
-4.455156701770e0 5.133857678850e0
-4.449941109610e0 5.127881202500e0
-4.444725517450e0 5.121904896670e0
-4.439509925280e0 5.115928762400e0
-4.434294333120e0 5.109952800730e0
-4.429078740960e0 5.103977012700e0
-4.423863148800e0 5.098001399370e0
-4.418647556630e0 5.092025961790e0
-4.413431964470e0 5.086050701030e0
-4.408216372310e0 5.080075618160e0
-4.403000780150e0 5.074100714250e0
-4.397785187990e0 5.068125990400e0
-4.392569595820e0 5.062151447690e0
-4.387354003660e0 5.056177087220e0
-4.382138411500e0 5.050202910090e0
-4.376922819340e0 5.044228917420e0
-4.371707227170e0 5.038255110320e0
-4.366491635010e0 5.032281489920e0
-4.361276042850e0 5.026308057340e0
-4.356060450690e0 5.020334813730e0
-4.350844858530e0 5.014361760230e0
-4.345629266360e0 5.008388897990e0
-4.340413674200e0 5.002416228180e0
-4.335198082040e0 4.996443751950e0
-4.329982489880e0 4.990471470480e0
-4.324766897710e0 4.984499384950e0
-4.319551305550e0 4.978527496540e0
-4.314335713390e0 4.972555806460e0
-4.309120121230e0 4.966584315900e0
-4.303904529070e0 4.960613026070e0
-4.298688936900e0 4.954641938190e0
-4.293473344740e0 4.948671053490e0
-4.288257752580e0 4.942700373180e0
-4.283042160420e0 4.936729898520e0
-4.277826568260e0 4.930759630740e0
-4.272610976090e0 4.924789571100e0
-4.267395383930e0 4.918819720860e0
-4.262179791770e0 4.912850081300e0
-4.256964199610e0 4.906880653680e0
-4.251748607440e0 4.900911439290e0
-4.246533015280e0 4.894942439430e0
-4.241317423120e0 4.888973655380e0
-4.236101830960e0 4.883005088470e0
-4.230886238800e0 4.877036740000e0
-4.225670646630e0 4.871068611310e0
-4.220455054470e0 4.865100703710e0
-4.215239462310e0 4.859133018550e0
-4.210023870150e0 4.853165557190e0
-4.204808277980e0 4.847198320960e0
-4.199592685820e0 4.841231311250e0
-4.194377093660e0 4.835264529410e0
-4.189161501500e0 4.829297976840e0
-4.183945909340e0 4.823331654920e0
-4.178730317170e0 4.817365565040e0
-4.173514725010e0 4.811399708620e0
-4.168299132850e0 4.805434087070e0
-4.163083540690e0 4.799468701810e0
-4.157867948520e0 4.793503554270e0
-4.152652356360e0 4.787538645900e0
-4.147436764200e0 4.781573978140e0
-4.142221172040e0 4.775609552440e0
-4.137005579880e0 4.769645370290e0
-4.131789987710e0 4.763681433150e0
-4.126574395550e0 4.757717742500e0
-4.121358803390e0 4.751754299840e0
-4.116143211230e0 4.745791106680e0
-4.110927619060e0 4.739828164520e0
-4.105712026900e0 4.733865474890e0
-4.100496434740e0 4.727903039310e0
-4.095280842580e0 4.721940859320e0
-4.090065250420e0 4.715978936480e0
-4.084849658250e0 4.710017272340e0
-4.079634066090e0 4.704055868460e0
-4.074418473930e0 4.698094726430e0
-4.069202881770e0 4.692133847830e0
-4.063987289600e0 4.686173234260e0
-4.058771697440e0 4.680212887320e0
-4.053556105280e0 4.674252808620e0
-4.048340513120e0 4.668292999800e0
-4.043124920960e0 4.662333462490e0
-4.037909328790e0 4.656374198330e0
-4.032693736630e0 4.650415208970e0
-4.027478144470e0 4.644456496090e0
-4.022262552310e0 4.638498061350e0
-4.017046960140e0 4.632539906440e0
-4.011831367980e0 4.626582033070e0
-4.006615775820e0 4.620624442920e0
-4.001400183660e0 4.614667137720e0
-3.996184591500e0 4.608710119190e0
-3.990968999330e0 4.602753389080e0
-3.985753407170e0 4.596796949120e0
-3.980537815010e0 4.590840801070e0
-3.975322222850e0 4.584884946710e0
-3.970106630680e0 4.578929387810e0
-3.964891038520e0 4.572974126160e0
-3.959675446360e0 4.567019163560e0
-3.954459854200e0 4.561064501830e0
-3.949244262040e0 4.555110142780e0
-3.944028669870e0 4.549156088240e0
-3.938813077710e0 4.543202340070e0
-3.933597485550e0 4.537248900120e0
-3.928381893390e0 4.531295770260e0
-3.923166301220e0 4.525342952350e0
-3.917950709060e0 4.519390448300e0
-3.912735116900e0 4.513438260000e0
-3.907519524740e0 4.507486389370e0
-3.902303932580e0 4.501534838320e0
-3.897088340410e0 4.495583608800e0
-3.891872748250e0 4.489632702750e0
-3.886657156090e0 4.483682122120e0
-3.881441563930e0 4.477731868900e0
-3.876225971760e0 4.471781945060e0
-3.871010379600e0 4.465832352600e0
-3.865794787440e0 4.459883093520e0
-3.860579195280e0 4.453934169850e0
-3.855363603120e0 4.447985583600e0
-3.850148010950e0 4.442037336830e0
-3.844932418790e0 4.436089431600e0
-3.839716826630e0 4.430141869960e0
-3.834501234470e0 4.424194654000e0
-3.829285642300e0 4.418247785810e0
-3.824070050140e0 4.412301267510e0
-3.818854457980e0 4.406355101190e0
-3.813638865820e0 4.400409289000e0
-3.808423273660e0 4.394463833090e0
-3.803207681490e0 4.388518735590e0
-3.797992089330e0 4.382573998700e0
-3.792776497170e0 4.376629624580e0
-3.787560905010e0 4.370685615440e0
-3.782345312840e0 4.364741973480e0
-3.777129720680e0 4.358798700930e0
-3.771914128520e0 4.352855800020e0
-3.766698536360e0 4.346913273000e0
-3.761482944200e0 4.340971122130e0
-3.756267352030e0 4.335029349690e0
-3.751051759870e0 4.329087957980e0
-3.745836167710e0 4.323146949280e0
-3.740620575550e0 4.317206325930e0
-3.735404983380e0 4.311266090260e0
-3.730189391220e0 4.305326244600e0
-3.724973799060e0 4.299386791320e0
-3.719758206900e0 4.293447732790e0
-3.714542614740e0 4.287509071410e0
-3.709327022570e0 4.281570809570e0
-3.704111430410e0 4.275632949690e0
-3.698895838250e0 4.269695494200e0
-3.693680246090e0 4.263758445550e0
-3.688464653920e0 4.257821806200e0
-3.683249061760e0 4.251885578630e0
-3.678033469600e0 4.245949765320e0
-3.672817877440e0 4.240014368790e0
-3.667602285280e0 4.234079391550e0
-3.662386693110e0 4.228144836140e0
-3.657171100950e0 4.222210705100e0
-3.651955508790e0 4.216277001020e0
-3.646739916630e0 4.210343726460e0
-3.641524324460e0 4.204410884030e0
-3.636308732300e0 4.198478476330e0
-3.631093140140e0 4.192546506010e0
-3.625877547980e0 4.186614975690e0
-3.620661955820e0 4.180683888050e0
-3.615446363650e0 4.174753245750e0
-3.610230771490e0 4.168823051490e0
-3.605015179330e0 4.162893307980e0
-3.599799587170e0 4.156964017950e0
-3.594583995000e0 4.151035184130e0
-3.589368402840e0 4.145106809280e0
-3.584152810680e0 4.139178896170e0
-3.578937218520e0 4.133251447600e0
-3.573721626360e0 4.127324466380e0
-3.568506034190e0 4.121397955320e0
-3.563290442030e0 4.115471917270e0
-3.558074849870e0 4.109546355090e0
-3.552859257710e0 4.103621271650e0
-3.547643665540e0 4.097696669840e0
-3.542428073380e0 4.091772552580e0
-3.537212481220e0 4.085848922790e0
-3.531996889060e0 4.079925783410e0
-3.526781296900e0 4.074003137420e0
-3.521565704730e0 4.068080987780e0
-3.516350112570e0 4.062159337490e0
-3.511134520410e0 4.056238189580e0
-3.505918928250e0 4.050317547080e0
-3.500703336080e0 4.044397413030e0
-3.495487743920e0 4.038477790510e0
-3.490272151760e0 4.032558682600e0
-3.485056559600e0 4.026640092420e0
-3.479840967440e0 4.020722023090e0
-3.474625375270e0 4.014804477750e0
-3.469409783110e0 4.008887459570e0
-3.464194190950e0 4.002970971720e0
-3.458978598790e0 3.997055017410e0
-3.453763006620e0 3.991139599860e0
-3.448547414460e0 3.985224722310e0
-3.443331822300e0 3.979310388020e0
-3.438116230140e0 3.973396600260e0
-3.432900637980e0 3.967483362330e0
-3.427685045810e0 3.961570677550e0
-3.422469453650e0 3.955658549250e0
-3.417253861490e0 3.949746980800e0
-3.412038269330e0 3.943835975570e0
-3.406822677160e0 3.937925536950e0
-3.401607085000e0 3.932015668370e0
-3.396391492840e0 3.926106373260e0
-3.391175900680e0 3.920197655070e0
-3.385960308520e0 3.914289517300e0
-3.380744716350e0 3.908381963430e0
-3.375529124190e0 3.902474996990e0
-3.370313532030e0 3.896568621510e0
-3.365097939870e0 3.890662840570e0
-3.359882347700e0 3.884757657740e0
-3.354666755540e0 3.878853076620e0
-3.349451163380e0 3.872949100850e0
-3.344235571220e0 3.867045734070e0
-3.339019979060e0 3.861142979950e0
-3.333804386890e0 3.855240842180e0
-3.328588794730e0 3.849339324470e0
-3.323373202570e0 3.843438430570e0
-3.318157610410e0 3.837538164220e0
-3.312942018240e0 3.831638529200e0
-3.307726426080e0 3.825739529320e0
-3.302510833920e0 3.819841168400e0
-3.297295241760e0 3.813943450290e0
-3.292079649600e0 3.808046378850e0
-3.286864057430e0 3.802149957990e0
-3.281648465270e0 3.796254191610e0
-3.276432873110e0 3.790359083650e0
-3.271217280950e0 3.784464638090e0
-3.266001688780e0 3.778570858890e0
-3.260786096620e0 3.772677750070e0
-3.255570504460e0 3.766785315670e0
-3.250354912300e0 3.760893559740e0
-3.245139320140e0 3.755002486370e0
-3.239923727970e0 3.749112099640e0
-3.234708135810e0 3.743222403710e0
-3.229492543650e0 3.737333402710e0
-3.224276951490e0 3.731445100830e0
-3.219061359320e0 3.725557502270e0
-3.213845767160e0 3.719670611250e0
-3.208630175000e0 3.713784432040e0
-3.203414582840e0 3.707898968900e0
-3.198198990680e0 3.702014226130e0
-3.192983398510e0 3.696130208080e0
-3.187767806350e0 3.690246919090e0
-3.182552214190e0 3.684364363530e0
-3.177336622030e0 3.678482545820e0
-3.172121029860e0 3.672601470390e0
-3.166905437700e0 3.666721141680e0
-3.161689845540e0 3.660841564190e0
-3.156474253380e0 3.654962742430e0
-3.151258661220e0 3.649084680920e0
-3.146043069050e0 3.643207384240e0
-3.140827476890e0 3.637330856970e0
-3.135611884730e0 3.631455103730e0
-3.130396292570e0 3.625580129160e0
-3.125180700410e0 3.619705937930e0
-3.119965108240e0 3.613832534740e0
-3.114749516080e0 3.607959924310e0
-3.109533923920e0 3.602088111410e0
-3.104318331760e0 3.596217100800e0
-3.099102739590e0 3.590346897300e0
-3.093887147430e0 3.584477505750e0
-3.088671555270e0 3.578608931000e0
-3.083455963110e0 3.572741177970e0
-3.078240370950e0 3.566874251560e0
-3.073024778780e0 3.561008156720e0
-3.067809186620e0 3.555142898450e0
-3.062593594460e0 3.549278481750e0
-3.057378002300e0 3.543414911650e0
-3.052162410130e0 3.537552193220e0
-3.046946817970e0 3.531690331570e0
-3.041731225810e0 3.525829331820e0
-3.036515633650e0 3.519969199120e0
-3.031300041490e0 3.514109938670e0
-3.026084449320e0 3.508251555670e0
-3.020868857160e0 3.502394055390e0
-3.015653265000e0 3.496537443090e0
-3.010437672840e0 3.490681724090e0
-3.005222080670e0 3.484826903720e0
-3.000006488510e0 3.478972987350e0
-2.994790896350e0 3.473119980400e0
-2.989575304190e0 3.467267888280e0
-2.984359712030e0 3.461416716480e0
-2.979144119860e0 3.455566470470e0
-2.973928527700e0 3.449717155790e0
-2.968712935540e0 3.443868778010e0
-2.963497343380e0 3.438021342710e0
-2.958281751210e0 3.432174855510e0
-2.953066159050e0 3.426329322090e0
-2.947850566890e0 3.420484748110e0
-2.942634974730e0 3.414641139320e0
-2.937419382570e0 3.408798501470e0
-2.932203790400e0 3.402956840340e0
-2.926988198240e0 3.397116161750e0
-2.921772606080e0 3.391276471580e0
-2.916557013920e0 3.385437775690e0
-2.911341421750e0 3.379600080030e0
-2.906125829590e0 3.373763390540e0
-2.900910237430e0 3.367927713220e0
-2.895694645270e0 3.362093054100e0
-2.890479053110e0 3.356259419240e0
-2.885263460940e0 3.350426814730e0
-2.880047868780e0 3.344595246710e0
-2.874832276620e0 3.338764721340e0
-2.869616684460e0 3.332935244830e0
-2.864401092290e0 3.327106823410e0
-2.859185500130e0 3.321279463350e0
-2.853969907970e0 3.315453170980e0
-2.848754315810e0 3.309627952620e0
-2.843538723650e0 3.303803814670e0
-2.838323131480e0 3.297980763540e0
-2.833107539320e0 3.292158805690e0
-2.827891947160e0 3.286337947610e0
-2.822676355000e0 3.280518195830e0
-2.817460762830e0 3.274699556910e0
-2.812245170670e0 3.268882037460e0
-2.807029578510e0 3.263065644120e0
-2.801813986350e0 3.257250383570e0
-2.796598394190e0 3.251436262530e0
-2.791382802020e0 3.245623287750e0
-2.786167209860e0 3.239811466020e0
-2.780951617700e0 3.234000804190e0
-2.775736025540e0 3.228191309110e0
-2.770520433370e0 3.222382987700e0
-2.765304841210e0 3.216575846920e0
-2.760089249050e0 3.210769893740e0
-2.754873656890e0 3.204965135190e0
-2.749658064730e0 3.199161578360e0
-2.744442472560e0 3.193359230330e0
-2.739226880400e0 3.187558098270e0
-2.734011288240e0 3.181758189360e0
-2.728795696080e0 3.175959510830e0
-2.723580103910e0 3.170162069950e0
-2.718364511750e0 3.164365874030e0
-2.713148919590e0 3.158570930420e0
-2.707933327430e0 3.152777246530e0
-2.702717735270e0 3.146984829770e0
-2.697502143100e0 3.141193687640e0
-2.692286550940e0 3.135403827640e0
-2.687070958780e0 3.129615257340e0
-2.681855366620e0 3.123827984350e0
-2.676639774450e0 3.118042016310e0
-2.671424182290e0 3.112257360920e0
-2.666208590130e0 3.106474025890e0
-2.660992997970e0 3.100692019010e0
-2.655777405810e0 3.094911348100e0
-2.650561813640e0 3.089132021020e0
-2.645346221480e0 3.083354045670e0
-2.640130629320e0 3.077577430010e0
-2.634915037160e0 3.071802182040e0
-2.629699444990e0 3.066028309780e0
-2.624483852830e0 3.060255821330e0
-2.619268260670e0 3.054484724820e0
-2.614052668510e0 3.048715028410e0
-2.608837076350e0 3.042946740340e0
-2.603621484180e0 3.037179868860e0
-2.598405892020e0 3.031414422280e0
-2.593190299860e0 3.025650408960e0
-2.587974707700e0 3.019887837320e0
-2.582759115530e0 3.014126715780e0
-2.577543523370e0 3.008367052860e0
-2.572327931210e0 3.002608857090e0
-2.567112339050e0 2.996852137070e0
-2.561896746890e0 2.991096901440e0
-2.556681154720e0 2.985343158870e0
-2.551465562560e0 2.979590918100e0
-2.546249970400e0 2.973840187910e0
-2.541034378240e0 2.968090977140e0
-2.535818786070e0 2.962343294650e0
-2.530603193910e0 2.956597149380e0
-2.525387601750e0 2.950852550310e0
-2.520172009590e0 2.945109506440e0
-2.514956417430e0 2.939368026870e0
-2.509740825260e0 2.933628120700e0
-2.504525233100e0 2.927889797120e0
-2.499309640940e0 2.922153065350e0
-2.494094048780e0 2.916417934650e0
-2.488878456610e0 2.910684414360e0
-2.483662864450e0 2.904952513850e0
-2.478447272290e0 2.899222242530e0
-2.473231680130e0 2.893493609900e0
-2.468016087970e0 2.887766625470e0
-2.462800495800e0 2.882041298820e0
-2.457584903640e0 2.876317639590e0
-2.452369311480e0 2.870595657450e0
-2.447153719320e0 2.864875362150e0
-2.441938127150e0 2.859156763470e0
-2.436722534990e0 2.853439871240e0
-2.431506942830e0 2.847724695370e0
-2.426291350670e0 2.842011245800e0
-2.421075758510e0 2.836299532520e0
-2.415860166340e0 2.830589565590e0
-2.410644574180e0 2.824881355120e0
-2.405428982020e0 2.819174911270e0
-2.400213389860e0 2.813470244250e0
-2.394997797690e0 2.807767364340e0
-2.389782205530e0 2.802066281850e0
-2.384566613370e0 2.796367007170e0
-2.379351021210e0 2.790669550730e0
-2.374135429050e0 2.784973923020e0
-2.368919836880e0 2.779280134580e0
-2.363704244720e0 2.773588196030e0
-2.358488652560e0 2.767898118010e0
-2.353273060400e0 2.762209911240e0
-2.348057468230e0 2.756523586490e0
-2.342841876070e0 2.750839154580e0
-2.337626283910e0 2.745156626410e0
-2.332410691750e0 2.739476012910e0
-2.327195099590e0 2.733797325090e0
-2.321979507420e0 2.728120573990e0
-2.316763915260e0 2.722445770740e0
-2.311548323100e0 2.716772926510e0
-2.306332730940e0 2.711102052520e0
-2.301117138770e0 2.705433160070e0
-2.295901546610e0 2.699766260510e0
-2.290685954450e0 2.694101365240e0
-2.285470362290e0 2.688438485740e0
-2.280254770130e0 2.682777633530e0
-2.275039177960e0 2.677118820190e0
-2.269823585800e0 2.671462057380e0
-2.264607993640e0 2.665807356790e0
-2.259392401480e0 2.660154730210e0
-2.254176809310e0 2.654504189440e0
-2.248961217150e0 2.648855746400e0
-2.243745624990e0 2.643209413010e0
-2.238530032830e0 2.637565201310e0
-2.233314440670e0 2.631923123350e0
-2.228098848500e0 2.626283191280e0
-2.222883256340e0 2.620645417290e0
-2.217667664180e0 2.615009813640e0
-2.212452072020e0 2.609376392650e0
-2.207236479850e0 2.603745166710e0
-2.202020887690e0 2.598116148270e0
-2.196805295530e0 2.592489349830e0
-2.191589703370e0 2.586864783980e0
-2.186374111210e0 2.581242463340e0
-2.181158519040e0 2.575622400620e0
-2.175942926880e0 2.570004608590e0
-2.170727334720e0 2.564389100070e0
-2.165511742560e0 2.558775887970e0
-2.160296150390e0 2.553164985240e0
-2.155080558230e0 2.547556404900e0
-2.149864966070e0 2.541950160040e0
-2.144649373910e0 2.536346263830e0
-2.139433781750e0 2.530744729470e0
-2.134218189580e0 2.525145570260e0
-2.129002597420e0 2.519548799560e0
-2.123787005260e0 2.513954430770e0
-2.118571413100e0 2.508362477380e0
-2.113355820930e0 2.502772952950e0
-2.108140228770e0 2.497185871090e0
-2.102924636610e0 2.491601245500e0
-2.097709044450e0 2.486019089920e0
-2.092493452290e0 2.480439418180e0
-2.087277860120e0 2.474862244160e0
-2.082062267960e0 2.469287581820e0
-2.076846675800e0 2.463715445190e0
-2.071631083640e0 2.458145848360e0
-2.066415491470e0 2.452578805490e0
-2.061199899310e0 2.447014330820e0
-2.055984307150e0 2.441452438640e0
-2.050768714990e0 2.435893143320e0
-2.045553122830e0 2.430336459300e0
-2.040337530660e0 2.424782401090e0
-2.035121938500e0 2.419230983270e0
-2.029906346340e0 2.413682220480e0
-2.024690754180e0 2.408136127450e0
-2.019475162010e0 2.402592718960e0
-2.014259569850e0 2.397052009880e0
-2.009043977690e0 2.391514015120e0
-2.003828385530e0 2.385978749700e0
-1.998612793370e0 2.380446228690e0
-1.993397201200e0 2.374916467220e0
-1.988181609040e0 2.369389480530e0
-1.982966016880e0 2.363865283880e0
-1.977750424720e0 2.358343892650e0
-1.972534832560e0 2.352825322250e0
-1.967319240390e0 2.347309588210e0
-1.962103648230e0 2.341796706090e0
-1.956888056070e0 2.336286691540e0
-1.951672463910e0 2.330779560280e0
-1.946456871740e0 2.325275328120e0
-1.941241279580e0 2.319774010910e0
-1.936025687420e0 2.314275624590e0
-1.930810095260e0 2.308780185190e0
-1.925594503100e0 2.303287708800e0
-1.920378910930e0 2.297798211560e0
-1.915163318770e0 2.292311709730e0
-1.909947726610e0 2.286828219610e0
-1.904732134450e0 2.281347757580e0
-1.899516542280e0 2.275870340110e0
-1.894300950120e0 2.270395983740e0
-1.889085357960e0 2.264924705060e0
-1.883869765800e0 2.259456520770e0
-1.878654173640e0 2.253991447630e0
-1.873438581470e0 2.248529502470e0
-1.868222989310e0 2.243070702200e0
-1.863007397150e0 2.237615063800e0
-1.857791804990e0 2.232162604350e0
-1.852576212820e0 2.226713340970e0
-1.847360620660e0 2.221267290880e0
-1.842145028500e0 2.215824471370e0
-1.836929436340e0 2.210384899810e0
-1.831713844180e0 2.204948593650e0
-1.826498252010e0 2.199515570390e0
-1.821282659850e0 2.194085847640e0
-1.816067067690e0 2.188659443070e0
-1.810851475530e0 2.183236374430e0
-1.805635883360e0 2.177816659540e0
-1.800420291200e0 2.172400316320e0
-1.795204699040e0 2.166987362740e0
-1.789989106880e0 2.161577816870e0
-1.784773514720e0 2.156171696830e0
-1.779557922550e0 2.150769020850e0
-1.774342330390e0 2.145369807220e0
-1.769126738230e0 2.139974074300e0
-1.763911146070e0 2.134581840540e0
-1.758695553900e0 2.129193124480e0
-1.753479961740e0 2.123807944710e0
-1.748264369580e0 2.118426319920e0
-1.743048777420e0 2.113048268870e0
-1.737833185260e0 2.107673810400e0
-1.732617593090e0 2.102302963420e0
-1.727402000930e0 2.096935746940e0
-1.722186408770e0 2.091572180020e0
-1.716970816610e0 2.086212281830e0
-1.711755224440e0 2.080856071590e0
-1.706539632280e0 2.075503568610e0
-1.701324040120e0 2.070154792300e0
-1.696108447960e0 2.064809762110e0
-1.690892855800e0 2.059468497600e0
-1.685677263630e0 2.054131018390e0
-1.680461671470e0 2.048797344190e0
-1.675246079310e0 2.043467494780e0
-1.670030487150e0 2.038141490040e0
-1.664814894980e0 2.032819349900e0
-1.659599302820e0 2.027501094400e0
-1.654383710660e0 2.022186743630e0
-1.649168118500e0 2.016876317770e0
-1.643952526340e0 2.011569837100e0
-1.638736934170e0 2.006267321940e0
-1.633521342010e0 2.000968792730e0
-1.628305749850e0 1.995674269960e0
-1.623090157690e0 1.990383774210e0
-1.617874565520e0 1.985097326150e0
-1.612658973360e0 1.979814946510e0
-1.607443381200e0 1.974536656110e0
-1.602227789040e0 1.969262475840e0
-1.597012196880e0 1.963992426700e0
-1.591796604710e0 1.958726529720e0
-1.586581012550e0 1.953464806060e0
-1.581365420390e0 1.948207276920e0
-1.576149828230e0 1.942953963600e0
-1.570934236060e0 1.937704887480e0
-1.565718643900e0 1.932460070010e0
-1.560503051740e0 1.927219532730e0
-1.555287459580e0 1.921983297240e0
-1.550071867420e0 1.916751385240e0
-1.544856275250e0 1.911523818500e0
-1.539640683090e0 1.906300618870e0
-1.534425090930e0 1.901081808270e0
-1.529209498770e0 1.895867408730e0
-1.523993906600e0 1.890657442320e0
-1.518778314440e0 1.885451931210e0
-1.513562722280e0 1.880250897650e0
-1.508347130120e0 1.875054363960e0
-1.503131537960e0 1.869862352540e0
-1.497915945790e0 1.864674885880e0
-1.492700353630e0 1.859491986520e0
-1.487484761470e0 1.854313677120e0
-1.482269169310e0 1.849139980380e0
-1.477053577140e0 1.843970919100e0
-1.471837984980e0 1.838806516160e0
-1.466622392820e0 1.833646794490e0
-1.461406800660e0 1.828491777130e0
-1.456191208500e0 1.823341487190e0
-1.450975616330e0 1.818195947850e0
-1.445760024170e0 1.813055182360e0
-1.440544432010e0 1.807919214070e0
-1.435328839850e0 1.802788066390e0
-1.430113247680e0 1.797661762810e0
-1.424897655520e0 1.792540326900e0
-1.419682063360e0 1.787423782310e0
-1.414466471200e0 1.782312152750e0
-1.409250879040e0 1.777205462020e0
-1.404035286870e0 1.772103734010e0
-1.398819694710e0 1.767006992640e0
-1.393604102550e0 1.761915261970e0
-1.388388510390e0 1.756828566070e0
-1.383172918220e0 1.751746929140e0
-1.377957326060e0 1.746670375410e0
-1.372741733900e0 1.741598929230e0
-1.367526141740e0 1.736532614980e0
-1.362310549580e0 1.731471457150e0
-1.357094957410e0 1.726415480280e0
-1.351879365250e0 1.721364709010e0
-1.346663773090e0 1.716319168020e0
-1.341448180930e0 1.711278882090e0
-1.336232588760e0 1.706243876060e0
-1.331016996600e0 1.701214174860e0
-1.325801404440e0 1.696189803470e0
-1.320585812280e0 1.691170786960e0
-1.315370220120e0 1.686157150460e0
-1.310154627950e0 1.681148919180e0
-1.304939035790e0 1.676146118400e0
-1.299723443630e0 1.671148773470e0
-1.294507851470e0 1.666156909820e0
-1.289292259300e0 1.661170552940e0
-1.284076667140e0 1.656189728390e0
-1.278861074980e0 1.651214461810e0
-1.273645482820e0 1.646244778900e0
-1.268429890660e0 1.641280705440e0
-1.263214298490e0 1.636322267270e0
-1.257998706330e0 1.631369490300e0
-1.252783114170e0 1.626422400520e0
-1.247567522010e0 1.621481023980e0
-1.242351929840e0 1.616545386790e0
-1.237136337680e0 1.611615515140e0
-1.231920745520e0 1.606691435290e0
-1.226705153360e0 1.601773173560e0
-1.221489561200e0 1.596860756330e0
-1.216273969030e0 1.591954210060e0
-1.211058376870e0 1.587053561270e0
-1.205842784710e0 1.582158836550e0
-1.200627192550e0 1.577270062540e0
-1.195411600380e0 1.572387265970e0
-1.190196008220e0 1.567510473610e0
-1.184980416060e0 1.562639712310e0
-1.179764823900e0 1.557775008980e0
-1.174549231740e0 1.552916390580e0
-1.169333639570e0 1.548063884170e0
-1.164118047410e0 1.543217516830e0
-1.158902455250e0 1.538377315720e0
-1.153686863090e0 1.533543308070e0
-1.148471270920e0 1.528715521160e0
-1.143255678760e0 1.523893982330e0
-1.138040086600e0 1.519078718990e0
-1.132824494440e0 1.514269758600e0
-1.127608902280e0 1.509467128700e0
-1.122393310110e0 1.504670856850e0
-1.117177717950e0 1.499880970710e0
-1.111962125790e0 1.495097497970e0
-1.106746533630e0 1.490320466400e0
-1.101530941460e0 1.485549903810e0
-1.096315349300e0 1.480785838070e0
-1.091099757140e0 1.476028297120e0
-1.085884164980e0 1.471277308940e0
-1.080668572820e0 1.466532901570e0
-1.075452980650e0 1.461795103120e0
-1.070237388490e0 1.457063941720e0
-1.065021796330e0 1.452339445590e0
-1.059806204170e0 1.447621642990e0
-1.054590612000e0 1.442910562220e0
-1.049375019840e0 1.438206231670e0
-1.044159427680e0 1.433508679740e0
-1.038943835520e0 1.428817934900e0
-1.033728243360e0 1.424134025680e0
-1.028512651190e0 1.419456980640e0
-1.023297059030e0 1.414786828420e0
-1.018081466870e0 1.410123597690e0
-1.012865874710e0 1.405467317160e0
-1.007650282540e0 1.400818015600e0
-1.002434690380e0 1.396175721850e0
-9.972190982200e-1 1.391540464760e0
-9.920035060580e-1 1.386912273250e0
-9.867879138960e-1 1.382291176280e0
-9.815723217340e-1 1.377677202870e0
-9.763567295720e-1 1.373070382060e0
-9.711411374090e-1 1.368470742960e0
-9.659255452470e-1 1.363878314710e0
-9.607099530850e-1 1.359293126500e0
-9.554943609230e-1 1.354715207560e0
-9.502787687600e-1 1.350144587180e0
-9.450631765980e-1 1.345581294680e0
-9.398475844360e-1 1.341025359410e0
-9.346319922740e-1 1.336476810780e0
-9.294164001120e-1 1.331935678240e0
-9.242008079490e-1 1.327401991280e0
-9.189852157870e-1 1.322875779420e0
-9.137696236250e-1 1.318357072240e0
-9.085540314630e-1 1.313845899340e0
-9.033384393000e-1 1.309342290380e0
-8.981228471380e-1 1.304846275030e0
-8.929072549760e-1 1.300357883030e0
-8.876916628140e-1 1.295877144130e0
-8.824760706520e-1 1.291404088140e0
-8.772604784890e-1 1.286938744900e0
-8.720448863270e-1 1.282481144270e0
-8.668292941650e-1 1.278031316180e0
-8.616137020030e-1 1.273589290560e0
-8.563981098410e-1 1.269155097390e0
-8.511825176780e-1 1.264728766700e0
-8.459669255160e-1 1.260310328540e0
-8.407513333540e-1 1.255899812980e0
-8.355357411920e-1 1.251497250150e0
-8.303201490290e-1 1.247102670200e0
-8.251045568670e-1 1.242716103320e0
-8.198889647050e-1 1.238337579710e0
-8.146733725430e-1 1.233967129640e0
-8.094577803810e-1 1.229604783380e0
-8.042421882180e-1 1.225250571240e0
-7.990265960560e-1 1.220904523580e0
-7.938110038940e-1 1.216566670760e0
-7.885954117320e-1 1.212237043190e0
-7.833798195690e-1 1.207915671310e0
-7.781642274070e-1 1.203602585590e0
-7.729486352450e-1 1.199297816510e0
-7.677330430830e-1 1.195001394610e0
-7.625174509210e-1 1.190713350450e0
-7.573018587580e-1 1.186433714600e0
-7.520862665960e-1 1.182162517690e0
-7.468706744340e-1 1.177899790340e0
-7.416550822720e-1 1.173645563240e0
-7.364394901100e-1 1.169399867080e0
-7.312238979470e-1 1.165162732600e0
-7.260083057850e-1 1.160934190540e0
-7.207927136230e-1 1.156714271700e0
-7.155771214610e-1 1.152503006880e0
-7.103615292980e-1 1.148300426930e0
-7.051459371360e-1 1.144106562710e0
-6.999303449740e-1 1.139921445120e0
-6.947147528120e-1 1.135745105100e0
-6.894991606500e-1 1.131577573590e0
-6.842835684870e-1 1.127418881570e0
-6.790679763250e-1 1.123269060050e0
-6.738523841630e-1 1.119128140080e0
-6.686367920010e-1 1.114996152720e0
-6.634211998380e-1 1.110873129080e0
-6.582056076760e-1 1.106759100260e0
-6.529900155140e-1 1.102654097440e0
-6.477744233520e-1 1.098558151800e0
-6.425588311900e-1 1.094471294550e0
-6.373432390270e-1 1.090393556940e0
-6.321276468650e-1 1.086324970240e0
-6.269120547030e-1 1.082265565780e0
-6.216964625410e-1 1.078215374870e0
-6.164808703790e-1 1.074174428910e0
-6.112652782160e-1 1.070142759290e0
-6.060496860540e-1 1.066120397460e0
-6.008340938920e-1 1.062107374890e0
-5.956185017300e-1 1.058103723080e0
-5.904029095670e-1 1.054109473590e0
-5.851873174050e-1 1.050124657990e0
-5.799717252430e-1 1.046149307910e0
-5.747561330810e-1 1.042183454990e0
-5.695405409190e-1 1.038227130930e0
-5.643249487560e-1 1.034280367480e0
-5.591093565940e-1 1.030343196410e0
-5.538937644320e-1 1.026415649540e0
-5.486781722700e-1 1.022497758720e0
-5.434625801070e-1 1.018589555880e0
-5.382469879450e-1 1.014691072970e0
-5.330313957830e-1 1.010802341980e0
-5.278158036210e-1 1.006923394970e0
-5.226002114590e-1 1.003054264050e0
-5.173846192960e-1 9.991949813540e-1
-5.121690271340e-1 9.953455791050e-1
-5.069534349720e-1 9.915060895640e-1
-5.017378428100e-1 9.876765450500e-1
-4.965222506480e-1 9.838569779430e-1
-4.913066584850e-1 9.800474206860e-1
-4.860910663230e-1 9.762479057830e-1
-4.808754741610e-1 9.724584658050e-1
-4.756598819990e-1 9.686791333890e-1
-4.704442898360e-1 9.649099412440e-1
-4.652286976740e-1 9.611509221520e-1
-4.600131055120e-1 9.574021089690e-1
-4.547975133500e-1 9.536635346290e-1
-4.495819211880e-1 9.499352321470e-1
-4.443663290250e-1 9.462172346210e-1
-4.391507368630e-1 9.425095752370e-1
-4.339351447010e-1 9.388122872690e-1
-4.287195525390e-1 9.351254040850e-1
-4.235039603760e-1 9.314489591490e-1
-4.182883682140e-1 9.277829860260e-1
-4.130727760520e-1 9.241275183810e-1
-4.078571838900e-1 9.204825899910e-1
-4.026415917280e-1 9.168482347400e-1
-3.974259995650e-1 9.132244866300e-1
-3.922104074030e-1 9.096113797820e-1
-3.869948152410e-1 9.060089484390e-1
-3.817792230790e-1 9.024172269750e-1
-3.765636309170e-1 8.988362498960e-1
-3.713480387540e-1 8.952660518450e-1
-3.661324465920e-1 8.917066676110e-1
-3.609168544300e-1 8.881581321280e-1
-3.557012622680e-1 8.846204804860e-1
-3.504856701050e-1 8.810937479350e-1
-3.452700779430e-1 8.775779698870e-1
-3.400544857810e-1 8.740731819290e-1
-3.348388936190e-1 8.705794198250e-1
-3.296233014570e-1 8.670967195210e-1
-3.244077092940e-1 8.636251171570e-1
-3.191921171320e-1 8.601646490690e-1
-3.139765249700e-1 8.567153517980e-1
-3.087609328080e-1 8.532772621000e-1
-3.035453406450e-1 8.498504169490e-1
-2.983297484830e-1 8.464348535480e-1
-2.931141563210e-1 8.430306093390e-1
-2.878985641590e-1 8.396377220060e-1
-2.826829719970e-1 8.362562294900e-1
-2.774673798340e-1 8.328861699950e-1
-2.722517876720e-1 8.295275819980e-1
-2.670361955100e-1 8.261805042600e-1
-2.618206033480e-1 8.228449758340e-1
-2.566050111860e-1 8.195210360790e-1
-2.513894190230e-1 8.162087246680e-1
-2.461738268610e-1 8.129080816000e-1
-2.409582346990e-1 8.096191472140e-1
-2.357426425370e-1 8.063419622000e-1
-2.305270503740e-1 8.030765676080e-1
-2.253114582120e-1 7.998230048680e-1
-2.200958660500e-1 7.965813157990e-1
-2.148802738880e-1 7.933515426240e-1
-2.096646817260e-1 7.901337279850e-1
-2.044490895630e-1 7.869279149580e-1
-1.992334974010e-1 7.837341470690e-1
-1.940179052390e-1 7.805524683100e-1
-1.888023130770e-1 7.773829231560e-1
-1.835867209140e-1 7.742255565810e-1
-1.783711287520e-1 7.710804140780e-1
-1.731555365900e-1 7.679475416790e-1
-1.679399444280e-1 7.648269859700e-1
-1.627243522660e-1 7.617187941160e-1
-1.575087601030e-1 7.586230138780e-1
-1.522931679410e-1 7.555396936380e-1
-1.470775757790e-1 7.524688824200e-1
-1.418619836170e-1 7.494106299120e-1
-1.366463914550e-1 7.463649864920e-1
-1.314307992920e-1 7.433320032550e-1
-1.262152071300e-1 7.403117320350e-1
-1.209996149680e-1 7.373042254340e-1
-1.157840228060e-1 7.343095368510e-1
-1.105684306430e-1 7.313277205100e-1
-1.053528384810e-1 7.283588314900e-1
-1.001372463190e-1 7.254029257610e-1
-9.492165415680e-2 7.224600602080e-1
-8.970606199460e-2 7.195302926750e-1
-8.449046983240e-2 7.166136819920e-1
-7.927487767010e-2 7.137102880170e-1
-7.405928550790e-2 7.108201716740e-1
-6.884369334570e-2 7.079433949900e-1
-6.362810118350e-2 7.050800211380e-1
-5.841250902130e-2 7.022301144800e-1
-5.319691685910e-2 6.993937406140e-1
-4.798132469680e-2 6.965709664150e-1
-4.276573253460e-2 6.937618600920e-1
-3.755014037240e-2 6.909664912290e-1
-3.233454821020e-2 6.881849308460e-1
-2.711895604800e-2 6.854172514510e-1
-2.190336388580e-2 6.826635270950e-1
-1.668777172350e-2 6.799238334340e-1
-1.147217956130e-2 6.771982477930e-1
-6.256587399110e-3 6.744868492280e-1
-1.040995236890e-3 6.717897185950e-1
4.174596925330e-3 6.691069386220e-1
9.390189087540e-3 6.664385939800e-1
1.460578124980e-2 6.637847713640e-1
1.982137341200e-2 6.611455595720e-1
2.503696557420e-2 6.585210495890e-1
3.025255773640e-2 6.559113346740e-1
3.546814989860e-2 6.533165104570e-1
4.068374206080e-2 6.507366750310e-1
4.589933422310e-2 6.481719290550e-1
5.111492638530e-2 6.456223758590e-1
5.633051854750e-2 6.430881215560e-1
6.154611070970e-2 6.405692751590e-1
6.676170287190e-2 6.380659486990e-1
7.197729503420e-2 6.355782573580e-1
7.719288719640e-2 6.331063195980e-1
8.240847935860e-2 6.306502573050e-1
8.762407152080e-2 6.282101959380e-1
9.283966368300e-2 6.257862646790e-1
9.805525584520e-2 6.233785966010e-1
1.032708480070e-1 6.209873288370e-1
1.084864401700e-1 6.186126027630e-1
1.137020323320e-1 6.162545641840e-1
1.189176244940e-1 6.139133635380e-1
1.241332166560e-1 6.115891561040e-1
1.293488088190e-1 6.092821022270e-1
1.345644009810e-1 6.069923675480e-1
1.397799931430e-1 6.047201232550e-1
1.449955853050e-1 6.024655463440e-1
1.502111774670e-1 6.002288198910e-1
1.554267696300e-1 5.980101333480e-1
1.606423617920e-1 5.958096828480e-1
1.658579539540e-1 5.936276715350e-1
1.710735461160e-1 5.914643099030e-1
1.762891382780e-1 5.893198161710e-1
1.815047304410e-1 5.871944166610e-1
1.867203226030e-1 5.850883462210e-1
1.919359147650e-1 5.830018486520e-1
1.971515069270e-1 5.809351771790e-1
2.023670990900e-1 5.788885949430e-1
2.075826912520e-1 5.768623755270e-1
2.127982834140e-1 5.748568035150e-1
2.180138755760e-1 5.728721750900e-1
2.232294677380e-1 5.709087986690e-1
2.284450599010e-1 5.689669955830e-1
2.336606520630e-1 5.670471008000e-1
2.388762442250e-1 5.651494637040e-1
2.440918363870e-1 5.632744489260e-1
2.493074285500e-1 5.614224372260e-1
2.545230207120e-1 5.595938264570e-1
2.597386128740e-1 5.577890325780e-1
2.649542050360e-1 5.560084907600e-1
2.701697971980e-1 5.542526565670e-1
2.753853893610e-1 5.525220072260e-1
2.806009815230e-1 5.508170429980e-1
2.858165736850e-1 5.491382886630e-1
2.910321658470e-1 5.474862951120e-1
2.962477580090e-1 5.458616410770e-1
3.014633501720e-1 5.442649350040e-1
3.066789423340e-1 5.426968170830e-1
3.118945344960e-1 5.411579614430e-1
3.171101266580e-1 5.396490785570e-1
3.223257188210e-1 5.381709178400e-1
3.275413109830e-1 5.367242704930e-1
3.327569031450e-1 5.353099726080e-1
3.379724953070e-1 5.339289085580e-1
3.431880874690e-1 5.325820147130e-1
3.484036796320e-1 5.312702835200e-1
3.536192717940e-1 5.299947679840e-1
3.588348639560e-1 5.287565866040e-1
3.640504561180e-1 5.275569288170e-1
3.692660482810e-1 5.263970610160e-1
3.744816404430e-1 5.252783332220e-1
3.796972326050e-1 5.242021864820e-1
3.849128247670e-1 5.231701611080e-1
3.901284169290e-1 5.221839058610e-1
3.953440090920e-1 5.212451882220e-1
4.005596012540e-1 5.203559059000e-1
4.057751934160e-1 5.195180997740e-1
4.109907855780e-1 5.187339684780e-1
4.162063777400e-1 5.180058848830e-1
4.214219699030e-1 5.173364148030e-1
4.266375620650e-1 5.167283382680e-1
4.318531542270e-1 5.161846738240e-1
4.370687463890e-1 5.157087063840e-1
4.422843385520e-1 5.153040192650e-1
4.474999307140e-1 5.149745312260e-1
4.527155228760e-1 5.147245394320e-1
4.579311150380e-1 5.145587695790e-1
4.631467072000e-1 5.144824346190e-1
4.683622993630e-1 5.145013039790e-1
4.735778915250e-1 5.146217855940e-1
4.787934836870e-1 5.148510237350e-1
4.840090758490e-1 5.151970164820e-1
4.892246680120e-1 5.156687577890e-1
4.944402601740e-1 5.162764106650e-1
4.996558523360e-1 5.170315201020e-1
5.048714444980e-1 5.179472773450e-1
5.100870366600e-1 5.190388512860e-1
5.153026288230e-1 5.203238087670e-1
5.205182209850e-1 5.218226544520e-1
5.257338131470e-1 5.235595340630e-1
5.309494053090e-1 5.255631650520e-1
5.361649974710e-1 5.278680904380e-1
5.413805896340e-1 5.305164028520e-1
5.465961817960e-1 5.335601714320e-1
5.518117739580e-1 5.370649528510e-1
5.570273661200e-1 5.411150374640e-1
5.622429582830e-1 5.458215975630e-1
5.674585504450e-1 5.513359569730e-1
5.726741426070e-1 5.578725225930e-1
5.778897347690e-1 5.657515779880e-1
5.831053269310e-1 5.754878872060e-1
5.883209190940e-1 5.880038229670e-1
5.935365112560e-1 6.052818395400e-1
5.987521034180e-1 6.336377887990e-1
6.039676955800e-1 6.875286462410e-1
6.091832877430e-1 6.723312130830e-1
6.143988799050e-1 6.581403747820e-1
6.196144720670e-1 6.432328183370e-1
6.248300642290e-1 6.276717425020e-1
6.300456563910e-1 6.159105874360e-1
6.352612485540e-1 6.025091919870e-1
6.404768407160e-1 5.896354866750e-1
6.456924328780e-1 5.760588239360e-1
6.509080250400e-1 5.649029755470e-1
6.561236172020e-1 5.540723522710e-1
6.613392093650e-1 5.419681284530e-1
6.665548015270e-1 5.302748246680e-1
6.717703936890e-1 5.187922778540e-1
6.769859858510e-1 5.087752932460e-1
6.822015780140e-1 4.983262799360e-1
6.874171701760e-1 4.880797795240e-1
6.926327623380e-1 4.791608261690e-1
6.978483545000e-1 4.682887564100e-1
7.030639466620e-1 4.594022531610e-1
7.082795388250e-1 4.501572076150e-1
7.134951309870e-1 4.407834865420e-1
7.187107231490e-1 4.319488068750e-1
7.239263153110e-1 4.233186932530e-1
7.291419074740e-1 4.148476832370e-1
7.343574996360e-1 4.063228359220e-1
7.395730917980e-1 3.987546616900e-1
7.447886839600e-1 3.909183642380e-1
7.500042761220e-1 3.835208391120e-1
7.552198682850e-1 3.761050526520e-1
7.604354604470e-1 3.686959151550e-1
7.656510526090e-1 3.614544278730e-1
7.708666447710e-1 3.543953512010e-1
7.760822369330e-1 3.475367301250e-1
7.812978290960e-1 3.408059934350e-1
7.865134212580e-1 3.349693924590e-1
7.917290134200e-1 3.292956876760e-1
7.969446055820e-1 3.239005067720e-1
8.021601977450e-1 3.186436083050e-1
8.073757899070e-1 3.134921795990e-1
8.125913820690e-1 3.083858167510e-1
8.178069742310e-1 3.034009783630e-1
8.230225663930e-1 2.977352085850e-1
8.282381585560e-1 2.921948389760e-1
8.334537507180e-1 2.867579756460e-1
8.386693428800e-1 2.814374094240e-1
8.438849350420e-1 2.762418059050e-1
8.491005272050e-1 2.711632828040e-1
8.543161193670e-1 2.661199638890e-1
8.595317115290e-1 2.611519423030e-1
8.647473036910e-1 2.562927075070e-1
8.699628958530e-1 2.514955142910e-1
8.751784880160e-1 2.467916783910e-1
8.803940801780e-1 2.421723980680e-1
8.856096723400e-1 2.376251361220e-1
8.908252645020e-1 2.332502355050e-1
8.960408566640e-1 2.289851587210e-1
9.012564488270e-1 2.248027018270e-1
9.064720409890e-1 2.207473988820e-1
9.116876331510e-1 2.167806683960e-1
9.169032253130e-1 2.129101545280e-1
9.221188174760e-1 2.091325265870e-1
9.273344096380e-1 2.054241439760e-1
9.325500018000e-1 2.017847285520e-1
9.377655939620e-1 1.982064212800e-1
9.429811861240e-1 1.946953319060e-1
9.481967782870e-1 1.912442726770e-1
9.534123704490e-1 1.878440661880e-1
9.586279626110e-1 1.845005859760e-1
9.638435547730e-1 1.812092534530e-1
9.690591469360e-1 1.779799594130e-1
9.742747390980e-1 1.747902686150e-1
9.794903312600e-1 1.720199568460e-1
9.847059234220e-1 1.693124706850e-1
9.899215155840e-1 1.666641678420e-1
9.951371077470e-1 1.640827046520e-1
1.000352699910e0 1.615723723430e-1
1.005568292070e0 1.591190071760e-1
1.010783884230e0 1.567517001400e-1
1.015999476400e0 1.541574966150e-1
1.021215068560e0 1.516470120660e-1
1.026430660720e0 1.491851618540e-1
1.031646252880e0 1.468157026970e-1
1.036861845040e0 1.445002347810e-1
1.042077437210e0 1.421029756350e-1
1.047293029370e0 1.397662924790e-1
1.052508621530e0 1.374019041890e-1
1.057724213690e0 1.350661424730e-1
1.062939805860e0 1.327641868560e-1
1.068155398020e0 1.304612799410e-1
1.073370990180e0 1.281946843630e-1
1.078586582340e0 1.261040614150e-1
1.083802174500e0 1.240418799390e-1
1.089017766670e0 1.220143513920e-1
1.094233358830e0 1.200212216410e-1
1.099448950990e0 1.180762514740e-1
1.104664543150e0 1.161735118500e-1
1.109880135320e0 1.143090537320e-1
1.115095727480e0 1.125095052990e-1
1.120311319640e0 1.107550037190e-1
1.125526911800e0 1.090467952780e-1
1.130742503960e0 1.073701090860e-1
1.135958096130e0 1.057537934020e-1
1.141173688290e0 1.038106464120e-1
1.146389280450e0 1.018887400130e-1
1.151604872610e0 9.996684930420e-2
1.156820464780e0 9.805820777000e-2
1.162036056940e0 9.615905537400e-2
1.167251649100e0 9.427933225190e-2
1.172467241260e0 9.241418092910e-2
1.177682833420e0 9.092820885190e-2
1.182898425590e0 8.946803955040e-2
1.188114017750e0 8.803303209550e-2
1.193329609910e0 8.662561197420e-2
1.198545202070e0 8.524286351150e-2
1.203760794240e0 8.403133331140e-2
1.208976386400e0 8.282999401000e-2
1.214191978560e0 8.164940606780e-2
1.219407570720e0 8.048923451640e-2
1.224623162880e0 7.936433607170e-2
1.229838755050e0 7.826090529980e-2
1.235054347210e0 7.718275846680e-2
1.240269939370e0 7.596437706220e-2
1.245485531530e0 7.476432846640e-2
1.250701123700e0 7.358759188660e-2
1.255916715860e0 7.243624441930e-2
1.261132308020e0 7.128938078950e-2
1.266347900180e0 7.016009999090e-2
1.271563492340e0 6.903862095460e-2
1.276779084510e0 6.792559150900e-2
1.281994676670e0 6.681753934200e-2
1.287210268830e0 6.572661662010e-2
1.292425860990e0 6.465447874570e-2
1.297641453160e0 6.360667347620e-2
1.302857045320e0 6.257451656610e-2
1.308072637480e0 6.157539762870e-2
1.313288229640e0 6.064833980250e-2
1.318503821800e0 5.975701940260e-2
1.323719413970e0 5.888360785530e-2
1.328935006130e0 5.802647103200e-2
1.334150598290e0 5.716418876580e-2
1.339366190450e0 5.632042015700e-2
1.344581782620e0 5.547885040320e-2
1.349797374780e0 5.462270169760e-2
1.355012966940e0 5.377680197880e-2
1.360228559100e0 5.294791707470e-2
1.365444151260e0 5.210940689440e-2
1.370659743430e0 5.129956076870e-2
1.375875335590e0 5.050430104630e-2
1.381090927750e0 4.973449626960e-2
1.386306519910e0 4.897606459080e-2
1.391522112080e0 4.822934433070e-2
1.396737704240e0 4.748916772410e-2
1.401953296400e0 4.679887693920e-2
1.407168888560e0 4.612555762370e-2
1.412384480720e0 4.546260985500e-2
1.417600072890e0 4.480978005210e-2
1.422815665050e0 4.417208561370e-2
1.428031257210e0 4.354794011970e-2
1.433246849370e0 4.295474965390e-2
1.438462441540e0 4.235423734800e-2
1.443678033700e0 4.175963819880e-2
1.448893625860e0 4.117251647110e-2
1.454109218020e0 4.059314762510e-2
1.459324810180e0 4.002105645060e-2
1.464540402350e0 3.947069788280e-2
1.469755994510e0 3.890445238270e-2
1.474971586670e0 3.832048263400e-2
1.480187178830e0 3.774321239310e-2
1.485402771000e0 3.717856083770e-2
1.490618363160e0 3.662316215790e-2
1.495833955320e0 3.607614657560e-2
1.501049547480e0 3.552266149270e-2
1.506265139640e0 3.499938094570e-2
1.511480731810e0 3.451353703390e-2
1.516696323970e0 3.403559630160e-2
1.521911916130e0 3.356496405440e-2
1.527127508290e0 3.310890084570e-2
1.532343100450e0 3.265995465250e-2
1.537558692620e0 3.221773940690e-2
1.542774284780e0 3.175667062540e-2
1.547989876940e0 3.129835638710e-2
1.553205469100e0 3.084482560130e-2
1.558421061270e0 3.039686557010e-2
1.563636653430e0 2.994823239240e-2
1.568852245590e0 2.950467138200e-2
1.574067837750e0 2.906777755170e-2
1.579283429910e0 2.864294464190e-2
1.584499022080e0 2.822706322330e-2
1.589714614240e0 2.781790034830e-2
1.594930206400e0 2.741440115700e-2
1.600145798560e0 2.701712611000e-2
1.605361390730e0 2.662829651020e-2
1.610576982890e0 2.624779792770e-2
1.615792575050e0 2.587921719040e-2
1.621008167210e0 2.551553108270e-2
1.626223759370e0 2.514513842440e-2
1.631439351540e0 2.478227039640e-2
1.636654943700e0 2.442331889430e-2
1.641870535860e0 2.406890795430e-2
1.647086128020e0 2.371769240120e-2
1.652301720190e0 2.336912176410e-2
1.657517312350e0 2.302832397730e-2
1.662732904510e0 2.270869716570e-2
1.667948496670e0 2.238718144650e-2
1.673164088830e0 2.207089091030e-2
1.678379681000e0 2.176115204520e-2
1.683595273160e0 2.145473736840e-2
1.688810865320e0 2.115958738860e-2
1.694026457480e0 2.087224247450e-2
1.699242049650e0 2.058764858510e-2
1.704457641810e0 2.031544868130e-2
1.709673233970e0 2.005206862630e-2
1.714888826130e0 1.979676513170e-2
1.720104418290e0 1.954628598480e-2
1.725320010460e0 1.929319914570e-2
1.730535602620e0 1.903915884970e-2
1.735751194780e0 1.878880448460e-2
1.740966786940e0 1.854466991140e-2
1.746182379110e0 1.830146108270e-2
1.751397971270e0 1.805667020880e-2
1.756613563430e0 1.781026642520e-2
1.761829155590e0 1.756807137250e-2
1.767044747750e0 1.732738213260e-2
1.772260339920e0 1.709246570190e-2
1.777475932080e0 1.687089743480e-2
1.782691524240e0 1.665472520910e-2
1.787907116400e0 1.644138976600e-2
1.793122708570e0 1.623838915040e-2
1.798338300730e0 1.603951458910e-2
1.803553892890e0 1.584494138110e-2
1.808769485050e0 1.565151818400e-2
1.813985077210e0 1.544559685970e-2
1.819200669380e0 1.523763245480e-2
1.824416261540e0 1.503004449420e-2
1.829631853700e0 1.481958695410e-2
1.834847445860e0 1.461021743990e-2
1.840063038030e0 1.440441376480e-2
1.845278630190e0 1.420214065780e-2
1.850494222350e0 1.400296813760e-2
1.855709814510e0 1.380279335840e-2
1.860925406670e0 1.371325315830e-2
1.866140998840e0 1.363097157400e-2
1.871356591000e0 1.354996445640e-2
1.876572183160e0 1.347024120540e-2
1.881787775320e0 1.339248885920e-2
1.887003367490e0 1.331595408480e-2
1.892218959650e0 1.324708940090e-2
1.897434551810e0 1.307667056140e-2
1.902650143970e0 1.290253167840e-2
1.907865736130e0 1.273181639100e-2
1.913081328300e0 1.256504306220e-2
1.918296920460e0 1.240188544080e-2
1.923512512620e0 1.224150530370e-2
1.928728104780e0 1.210159901700e-2
1.933943696950e0 1.196009219990e-2
1.939159289110e0 1.181058505930e-2
1.944374881270e0 1.166217597560e-2
1.949590473430e0 1.151607132020e-2
1.954806065590e0 1.137068495210e-2
1.960021657760e0 1.122839200770e-2
1.965237249920e0 1.120296013280e-2
1.970452842080e0 1.118308190810e-2
1.975668434240e0 1.118190775630e-2
1.980884026410e0 1.118508366270e-2
1.986099618570e0 1.119222137220e-2
1.991315210730e0 1.120318517270e-2
1.996530802890e0 1.121980300230e-2
2.001746395050e0 1.110371728580e-2
2.006961987220e0 1.098899844480e-2
2.012177579380e0 1.088187676360e-2
2.017393171540e0 1.077629732020e-2
2.022608763700e0 1.056421394560e-2
2.027824355870e0 1.035120485040e-2
2.033039948030e0 1.013713191740e-2
2.038255540190e0 9.926621482460e-3
2.043471132350e0 9.717816744570e-3
2.048686724510e0 9.506232089330e-3
2.053902316680e0 9.295662660480e-3
2.059117908840e0 9.191713002470e-3
2.064333501000e0 9.093255338160e-3
2.069549093160e0 8.996555009120e-3
2.074764685330e0 8.902223489380e-3
2.079980277490e0 8.809605634540e-3
2.085195869650e0 8.716408589140e-3
2.090411461810e0 8.609259328760e-3
2.095627053970e0 8.505249739860e-3
2.100842646140e0 8.401923247940e-3
2.106058238300e0 8.298776973720e-3
2.111273830460e0 8.195586502900e-3
2.116489422620e0 8.094312984600e-3
2.121705014790e0 7.994100802100e-3
2.126920606950e0 7.778514005330e-3
2.132136199110e0 7.566856359470e-3
2.137351791270e0 7.352859763130e-3
2.142567383430e0 7.138913915620e-3
2.147782975600e0 6.926327003240e-3
2.152998567760e0 6.715192291690e-3
2.158214159920e0 6.501404234950e-3
2.163429752080e0 6.421391248020e-3
2.168645344250e0 6.336647104540e-3
2.173860936410e0 6.247316851650e-3
2.179076528570e0 6.159607012390e-3
2.184292120730e0 6.072133388850e-3
2.189507712890e0 5.984468224800e-3
2.194723305060e0 5.901159505640e-3
2.199938897220e0 5.819273795590e-3
2.205154489380e0 5.740417867880e-3
2.210370081540e0 5.668307118120e-3
2.215585673710e0 5.597370656650e-3
2.220801265870e0 5.528696613890e-3
2.226016858030e0 5.460893153650e-3
2.231232450190e0 5.392572598240e-3
2.236448042350e0 5.322572300530e-3
2.241663634520e0 5.252828734980e-3
2.246879226680e0 5.184727858230e-3
2.252094818840e0 5.118078021400e-3
2.257310411000e0 5.053535832930e-3
2.262526003170e0 4.987297309570e-3
2.267741595330e0 4.923638477230e-3
2.272957187490e0 4.868124619710e-3
2.278172779650e0 4.811499700360e-3
2.283388371810e0 4.754284569920e-3
2.288603963980e0 4.698866583710e-3
2.293819556140e0 4.639777857020e-3
2.299035148300e0 4.584340451560e-3
2.304250740460e0 4.529503693710e-3
2.309466332630e0 4.469041370120e-3
2.314681924790e0 4.427281646540e-3
2.319897516950e0 4.386513075030e-3
2.325113109110e0 4.344526863750e-3
2.330328701270e0 4.307469059770e-3
2.335544293440e0 4.271224566570e-3
2.340759885600e0 4.236199228610e-3
2.345975477760e0 4.203862380860e-3
2.351191069920e0 4.156504697490e-3
2.356406662090e0 4.110842280760e-3
2.361622254250e0 4.023771022430e-3
2.366837846410e0 3.935564712800e-3
2.372053438570e0 3.847516016610e-3
2.377269030730e0 3.762023964750e-3
2.382484622900e0 3.674809217750e-3
2.387700215060e0 3.587647367770e-3
2.392915807220e0 3.500888797590e-3
2.398131399380e0 3.457293001350e-3
2.403346991550e0 3.414500560240e-3
2.408562583710e0 3.371901357270e-3
2.413778175870e0 3.327411966120e-3
2.418993768030e0 3.281699048760e-3
2.424209360190e0 3.236253593860e-3
2.429424952360e0 3.190934030670e-3
2.434640544520e0 3.140277056060e-3
2.439856136680e0 3.093118978020e-3
2.445071728840e0 3.047116548260e-3
2.450287321010e0 3.000020450200e-3
2.455502913170e0 2.955278119660e-3
2.460718505330e0 2.912756946140e-3
2.465934097490e0 2.871836706920e-3
2.471149689650e0 2.837667237420e-3
2.476365281820e0 2.785253770760e-3
2.481580873980e0 2.736266965910e-3
2.486796466140e0 2.689527928160e-3
2.492012058300e0 2.645364289450e-3
2.497227650470e0 2.599241775390e-3
2.502443242630e0 2.552676298930e-3
2.507658834790e0 2.502502667380e-3
2.512874426950e0 2.467467831320e-3
2.518090019110e0 2.429814407190e-3
2.523305611280e0 2.433504262540e-3
2.528521203440e0 2.436891399450e-3
2.533736795600e0 2.441882883210e-3
2.538952387760e0 2.445758296100e-3
2.544167979930e0 2.453801934810e-3
2.549383572090e0 2.463174044690e-3
2.554599164250e0 2.473464811830e-3
2.559814756410e0 2.442951396790e-3
2.565030348570e0 2.412997463400e-3
2.570245940740e0 2.382797759240e-3
2.575461532900e0 2.354583827570e-3
2.580677125060e0 2.326279413760e-3
2.585892717220e0 2.299866653840e-3
2.591108309390e0 2.273480427170e-3
2.596323901550e0 2.262887950830e-3
2.601539493710e0 2.249597807670e-3
2.606755085870e0 2.230162703040e-3
2.611970678030e0 2.212101107670e-3
2.617186270200e0 2.193691141150e-3
2.622401862360e0 2.173602606520e-3
2.627617454520e0 2.153152390290e-3
2.632833046680e0 2.117093890920e-3
2.638048638850e0 2.083637249600e-3
2.643264231010e0 2.055083192710e-3
2.648479823170e0 2.027056145170e-3
2.653695415330e0 1.999417193230e-3
2.658911007490e0 1.973664502930e-3
2.664126599660e0 1.948972806980e-3
2.669342191820e0 1.928389493880e-3
2.674557783980e0 1.907612255910e-3
2.679773376140e0 1.889114901470e-3
2.684988968300e0 1.869996037400e-3
2.690204560470e0 1.851267208290e-3
2.695420152630e0 1.832069321550e-3
2.700635744790e0 1.812298977680e-3
2.705851336950e0 1.790022615480e-3
2.711066929120e0 1.768849478110e-3
2.716282521280e0 1.748690507680e-3
2.721498113440e0 1.728107473600e-3
2.726713705600e0 1.708684745480e-3
2.731929297760e0 1.690721332580e-3
2.737144889930e0 1.672514247370e-3
2.742360482090e0 1.659830763480e-3
2.747576074250e0 1.646495432420e-3
2.752791666410e0 1.633403564750e-3
2.758007258580e0 1.607405506840e-3
2.763222850740e0 1.581324176560e-3
2.768438442900e0 1.562149838640e-3
2.773654035060e0 1.543015622720e-3
2.778869627220e0 1.518702284690e-3
2.784085219390e0 1.495129402180e-3
2.789300811550e0 1.473182478580e-3
2.794516403710e0 1.464958644430e-3
2.799731995870e0 1.456829907800e-3
2.804947588040e0 1.441086437240e-3
2.810163180200e0 1.426098772470e-3
2.815378772360e0 1.410094053520e-3
2.820594364520e0 1.393772377480e-3
2.825809956680e0 1.375636208200e-3
2.831025548850e0 1.357835432270e-3
2.836241141010e0 1.341821683400e-3
2.841456733170e0 1.326922515160e-3
2.846672325330e0 1.312901231130e-3
2.851887917500e0 1.300089414940e-3
2.857103509660e0 1.287500846830e-3
2.862319101820e0 1.275405690620e-3
2.867534693980e0 1.277843108690e-3
2.872750286140e0 1.279254078540e-3
2.877965878310e0 1.279589900150e-3
2.883181470470e0 1.280845686690e-3
2.888397062630e0 1.280854505900e-3
2.893612654790e0 1.285957598820e-3
2.898828246960e0 1.291839923230e-3
2.904043839120e0 1.278888759340e-3
2.909259431280e0 1.264885820340e-3
2.914475023440e0 1.251076811650e-3
2.919690615600e0 1.235125032200e-3
2.924906207770e0 1.221027896760e-3
2.930121799930e0 1.202445070280e-3
2.935337392090e0 1.183628393140e-3
2.940552984250e0 1.169417092430e-3
2.945768576420e0 1.155977505290e-3
2.950984168580e0 1.141093875610e-3
2.956199760740e0 1.131192542640e-3
2.961415352900e0 1.121338704440e-3
2.966630945060e0 1.111847676350e-3
2.971846537230e0 1.101677061320e-3
2.977062129390e0 1.092188405760e-3
2.982277721550e0 1.083429521230e-3
2.987493313710e0 1.076383599990e-3
2.992708905880e0 1.029985350420e-3
2.997924498040e0 9.834956341690e-4
3.003140090200e0 9.366438828640e-4
3.008355682360e0 8.905181589950e-4
3.013571274520e0 8.439443178170e-4
3.018786866690e0 7.977389744700e-4
3.024002458850e0 7.515616556080e-4
3.029218051010e0 7.274712262620e-4
3.034433643170e0 7.034169147530e-4
3.039649235340e0 6.797372472650e-4
3.044864827500e0 6.628433830120e-4
3.050080419660e0 6.465888234470e-4
3.055296011820e0 6.251377773390e-4
3.060511603980e0 6.040031039990e-4
3.065727196150e0 5.969828413800e-4
3.070942788310e0 5.911166931890e-4
3.076158380470e0 5.857479007070e-4
3.081373972630e0 5.734580982110e-4
3.086589564800e0 5.607508051750e-4
3.091805156960e0 5.523631083970e-4
3.097020749120e0 5.278253839030e-4
3.102236341280e0 5.035662327460e-4
3.107451933440e0 4.786181979230e-4
3.112667525610e0 4.528567445750e-4
3.117883117770e0 4.243578221090e-4
3.123098709930e0 3.960793761740e-4
3.128314302090e0 3.682536870060e-4
3.133529894260e0 3.571990421550e-4
3.138745486420e0 3.462208526650e-4
3.143961078580e0 3.346564969810e-4
3.149176670740e0 3.241233058970e-4
3.154392262900e0 3.527834109320e-4
3.159607855070e0 3.819395962840e-4
3.164823447230e0 4.111854389600e-4
3.170039039390e0 4.399180445850e-4
3.175254631550e0 4.686066388760e-4
3.180470223720e0 4.978945071280e-4
3.185685815880e0 5.272222383660e-4
3.190901408040e0 5.201434353890e-4
3.196117000200e0 5.126859872320e-4
3.201332592360e0 5.053541769140e-4
3.206548184530e0 4.912981755850e-4
3.211763776690e0 4.772404122570e-4
3.216979368850e0 4.636016313610e-4
3.222194961010e0 4.494075995140e-4
3.227410553180e0 4.366340289110e-4
3.232626145340e0 4.235030014420e-4
3.237841737500e0 4.103929795500e-4
3.243057329660e0 4.044616636990e-4
3.248272921820e0 3.988524941500e-4
3.253488513990e0 3.933641653730e-4
3.258704106150e0 4.047035130820e-4
3.263919698310e0 4.151893060070e-4
3.269135290470e0 4.262122395000e-4
3.274350882640e0 4.382799059130e-4
3.279566474800e0 4.500439279110e-4
3.284782066960e0 4.678540880600e-4
3.289997659120e0 4.855048109470e-4
3.295213251280e0 4.864198651490e-4
3.300428843450e0 4.873068515360e-4
3.305644435610e0 4.885260209210e-4
3.310860027770e0 4.888129723240e-4
3.316075619930e0 4.883137483840e-4
3.321291212100e0 4.845687275280e-4
3.326506804260e0 4.808261377140e-4
3.331722396420e0 4.782194979680e-4
3.336937988580e0 4.766287857810e-4
3.342153580740e0 4.748646812250e-4
3.347369172910e0 4.775359354710e-4
3.352584765070e0 4.821865050500e-4
3.357800357230e0 4.833109028530e-4
3.363015949390e0 4.844304074100e-4
3.368231541560e0 4.855403985440e-4
3.373447133720e0 4.855920101760e-4
3.378662725880e0 4.850619604610e-4
3.383878318040e0 4.806706731860e-4
3.389093910200e0 4.748952202280e-4
3.394309502370e0 4.697426563900e-4
3.399525094530e0 4.645981545650e-4
3.404740686690e0 4.591450301090e-4
3.409956278850e0 4.539692410950e-4
3.415171871020e0 4.496251674520e-4
3.420387463180e0 4.449107245710e-4
3.425603055340e0 4.407705133880e-4
3.430818647500e0 4.363918646070e-4
3.436034239660e0 4.319661263340e-4
3.441249831830e0 4.274080724730e-4
3.446465423990e0 4.167133524070e-4
3.451681016150e0 4.056745975340e-4
3.456896608310e0 3.949174633900e-4
3.462112200480e0 4.013410643850e-4
3.467327792640e0 4.082543400950e-4
3.472543384800e0 4.153781145920e-4
3.477758976960e0 4.237951625110e-4
3.482974569120e0 4.328198286620e-4
3.488190161290e0 4.422865978990e-4
3.493405753450e0 4.515888121500e-4
3.498621345610e0 4.439946821850e-4
3.503836937770e0 4.361873941330e-4
3.509052529940e0 4.241336556820e-4
3.514268122100e0 4.110097806050e-4
3.519483714260e0 4.045655732450e-4
3.524699306420e0 3.979655388880e-4
3.529914898580e0 3.908118563030e-4
3.535130490750e0 3.840504548020e-4
3.540346082910e0 3.778698685440e-4
3.545561675070e0 3.759191907280e-4
3.550777267230e0 3.739096808900e-4
3.555992859400e0 3.711777723410e-4
3.561208451560e0 3.710668764660e-4
3.566424043720e0 3.714393788930e-4
3.571639635880e0 3.713553405180e-4
3.576855228040e0 3.706248340150e-4
3.582070820210e0 3.700254977410e-4
3.587286412370e0 3.694924763570e-4
3.592502004530e0 3.691947466260e-4
3.597717596690e0 3.699415111100e-4
3.602933188860e0 3.713006425340e-4
3.608148781020e0 3.729119015980e-4
3.613364373180e0 3.748494738910e-4
3.618579965340e0 3.766073321420e-4
3.623795557500e0 3.614176427490e-4
3.629011149670e0 3.461522468960e-4
3.634226741830e0 3.272743978750e-4
3.639442333990e0 3.080504506600e-4
3.644657926150e0 2.912728645800e-4
3.649873518320e0 2.753100521240e-4
3.655089110480e0 2.589568245580e-4
3.660304702640e0 2.589586729230e-4
3.665520294800e0 2.550159402710e-4
3.670735886960e0 2.518406691670e-4
3.675951479130e0 2.476746705580e-4
3.681167071290e0 2.408663617910e-4
3.686382663450e0 2.331440650490e-4
3.691598255610e0 2.334801717690e-4
3.696813847780e0 2.344772163980e-4
3.702029439940e0 2.393008987180e-4
3.707245032100e0 2.489801842230e-4
3.712460624260e0 2.595765702550e-4
3.717676216420e0 2.702804316480e-4
3.722891808590e0 2.785848266040e-4
3.728107400750e0 2.795638082200e-4
3.733322992910e0 2.807167462030e-4
3.738538585070e0 2.853561235690e-4
3.743754177240e0 2.843868638370e-4
3.748969769400e0 2.835601089810e-4
3.754185361560e0 2.827277672750e-4
3.759400953720e0 2.809265839810e-4
3.764616545880e0 2.786142944850e-4
3.769832138050e0 2.760072029140e-4
3.775047730210e0 2.697095085450e-4
3.780263322370e0 2.634936327250e-4
3.785478914530e0 2.571847954030e-4
3.790694506700e0 2.508585590400e-4
3.795910098860e0 2.480874962040e-4
3.801125691020e0 2.465238174060e-4
3.806341283180e0 2.450651791720e-4
3.811556875340e0 2.427430343900e-4
3.816772467510e0 2.406075513280e-4
3.821988059670e0 2.366699456360e-4
3.827203651830e0 2.366760112450e-4
3.832419243990e0 2.360944460160e-4
3.837634836160e0 2.348788061840e-4
3.842850428320e0 2.337894209270e-4
3.848066020480e0 2.338446759340e-4
3.853281612640e0 2.263676591370e-4
3.858497204800e0 2.206593175490e-4
3.863712796970e0 2.110549988310e-4
3.868928389130e0 1.965709932750e-4
3.874143981290e0 1.820989864690e-4
3.879359573450e0 1.676371931880e-4
3.884575165610e0 1.530936627700e-4
3.889790757780e0 1.459577491760e-4
3.895006349940e0 1.387893693170e-4
3.900221942100e0 1.284715792770e-4
3.905437534260e0 1.236156504120e-4
3.910653126430e0 1.136383894530e-4
3.915868718590e0 1.036569654770e-4
3.921084310750e0 9.389486598040e-5
3.926299902910e0 8.413712282110e-5
3.931515495070e0 7.456206498540e-5
3.936731087240e0 6.847560927980e-5
3.941946679400e0 6.358377448160e-5
3.947162271560e0 6.398691677080e-5
3.952377863720e0 6.443747380750e-5
3.957593455890e0 6.482735794260e-5
3.962809048050e0 6.430731606770e-5
3.968024640210e0 6.383667209480e-5
3.973240232370e0 6.311173088780e-5
3.978455824530e0 6.117164924200e-5
3.983671416700e0 6.082557319450e-5
3.988887008860e0 6.040712252970e-5
3.994102601020e0 5.978188800480e-5
3.999318193180e0 6.004987688250e-5
4.004533785350e0 6.027816729000e-5
4.009749377510e0 6.053693783080e-5
4.014964969670e0 6.096648376470e-5
4.020180561830e0 6.087747889090e-5
4.025396153990e0 6.088729808330e-5
4.030611746160e0 6.020493856280e-5
4.035827338320e0 5.956554379910e-5
4.041042930480e0 5.890301479170e-5
4.046258522640e0 5.823980188410e-5
4.051474114810e0 5.749227891050e-5
4.056689706970e0 5.547551790920e-5
4.061905299130e0 5.329775337260e-5
4.067120891290e0 5.211708184970e-5
4.072336483450e0 5.596087430470e-5
4.077552075620e0 5.986920803690e-5
4.082767667780e0 6.370132069600e-5
4.087983259940e0 6.782378942740e-5
4.093198852100e0 7.199498775010e-5
4.098414444270e0 7.630483412870e-5
4.103630036430e0 7.945781019340e-5
4.108845628590e0 7.743487667440e-5
4.114061220750e0 7.551081191800e-5
4.119276812910e0 7.366391477310e-5
4.124492405080e0 7.158308909070e-5
4.129707997240e0 7.006342144560e-5
4.134923589400e0 6.859803238720e-5
4.140139181560e0 6.826371051320e-5
4.145354773730e0 6.816477240490e-5
4.150570365890e0 6.796757231330e-5
4.155785958050e0 6.799560766750e-5
4.161001550210e0 6.830327397550e-5
4.166217142370e0 6.804992937370e-5
4.171432734540e0 6.780249598500e-5
4.176648326700e0 6.761692167680e-5
4.181863918860e0 6.923263016870e-5
4.187079511020e0 7.135790483040e-5
4.192295103190e0 7.466252692460e-5
4.197510695350e0 7.766493383850e-5
4.202726287510e0 8.069530678530e-5
4.207941879670e0 8.366665490440e-5
4.213157471830e0 8.793576915580e-5
4.218373064000e0 9.079860824630e-5
4.223588656160e0 9.275880632170e-5
4.228804248320e0 9.338727144820e-5
4.234019840480e0 9.414697704560e-5
4.239235432650e0 9.587103729560e-5
4.244451024810e0 9.772936663060e-5
4.249666616970e0 9.805573419710e-5
4.254882209130e0 9.795024268630e-5
4.260097801290e0 9.831003828480e-5
4.265313393460e0 9.868494058910e-5
4.270528985620e0 9.859344892090e-5
4.275744577780e0 9.749795849130e-5
4.280960169940e0 9.686094797180e-5
4.286175762110e0 9.642683341590e-5
4.291391354270e0 9.550275637750e-5
4.296606946430e0 9.224655344420e-5
4.301822538590e0 8.896174427070e-5
4.307038130750e0 8.602573826560e-5
4.312253722920e0 8.314575145510e-5
4.317469315080e0 7.948689070110e-5
4.322684907240e0 7.558918695400e-5
4.327900499400e0 7.309827071260e-5
4.333116091570e0 7.286926711020e-5
4.338331683730e0 7.256851996430e-5
4.343547275890e0 6.931765240800e-5
4.348762868050e0 6.563181072620e-5
4.353978460210e0 6.185149297640e-5
4.359194052380e0 5.839472713120e-5
4.364409644540e0 5.405293804900e-5
4.369625236700e0 4.980446951800e-5
4.374840828860e0 4.426562401430e-5
4.380056421030e0 4.134449004580e-5
4.385272013190e0 3.932146624200e-5
4.390487605350e0 3.835323051980e-5
4.395703197510e0 3.732956384590e-5
4.400918789670e0 3.541943489190e-5
4.406134381840e0 3.304526083320e-5
4.411349974000e0 3.205105113910e-5
4.416565566160e0 3.146669481310e-5
4.421781158320e0 3.042762089770e-5
4.426996750490e0 2.871995286340e-5
4.432212342650e0 2.742307437060e-5
4.437427934810e0 2.698105865290e-5
4.442643526970e0 2.647133544200e-5
4.447859119130e0 2.598854297660e-5
4.453074711300e0 2.549179108510e-5
4.458290303460e0 2.732406141190e-5
4.463505895620e0 2.929860624800e-5
4.468721487780e0 3.088511631160e-5
4.473937079950e0 3.260586619790e-5
4.479152672110e0 3.496046975420e-5
4.484368264270e0 3.730146991850e-5
4.489583856430e0 3.887737604310e-5
4.494799448590e0 3.846649798290e-5
4.500015040760e0 3.912976957430e-5
4.505230632920e0 3.997425748380e-5
4.510446225080e0 4.067900381430e-5
4.515661817240e0 4.118971589920e-5
4.520877409410e0 4.170066907250e-5
4.526093001570e0 4.304475011820e-5
4.531308593730e0 4.408119147200e-5
4.536524185890e0 4.390259718300e-5
4.541739778050e0 4.359344148170e-5
4.546955370220e0 4.370162894220e-5
4.552170962380e0 4.344247080610e-5
4.557386554540e0 4.318072391560e-5
4.562602146700e0 4.280335211160e-5
4.567817738870e0 4.282209057970e-5
4.573033331030e0 4.284893576320e-5
4.578248923190e0 4.282975112810e-5
4.583464515350e0 4.247710018400e-5
4.588680107510e0 4.253004159220e-5
4.593895699680e0 4.149759157540e-5
4.599111291840e0 4.059075471870e-5
4.604326884000e0 3.925411896570e-5
4.609542476160e0 3.798877337580e-5
4.614758068330e0 3.683926086560e-5
4.619973660490e0 3.563503817570e-5
4.625189252650e0 3.437570282440e-5
4.630404844810e0 3.422279186650e-5
4.635620436970e0 3.396470088910e-5
4.640836029140e0 3.367913358630e-5
4.646051621300e0 3.338301200130e-5
4.651267213460e0 3.290568655680e-5
4.656482805620e0 3.216350532580e-5
4.661698397790e0 3.028678893520e-5
4.666913989950e0 2.823952966960e-5
4.672129582110e0 2.627453336390e-5
4.677345174270e0 2.436506912390e-5
4.682560766430e0 2.240858324960e-5
4.687776358600e0 2.047520473980e-5
4.692991950760e0 1.883125039250e-5
4.698207542920e0 1.839569010150e-5
4.703423135080e0 1.845757557220e-5
4.708638727250e0 1.809126694210e-5
4.713854319410e0 1.744363519470e-5
4.719069911570e0 1.679129682840e-5
4.724285503730e0 1.659535453250e-5
4.729501095890e0 1.643341803690e-5
4.734716688060e0 1.629982549780e-5
4.739932280220e0 1.585605573660e-5
4.745147872380e0 1.581484973960e-5
4.750363464540e0 1.605920828030e-5
4.755579056710e0 1.778559566390e-5
4.760794648870e0 1.906316347780e-5
4.766010241030e0 2.035403555330e-5
4.771225833190e0 2.157824726910e-5
4.776441425350e0 2.257714509370e-5
4.781657017520e0 2.377092356240e-5
4.786872609680e0 2.488617241440e-5
4.792088201840e0 2.452520858870e-5
4.797303794000e0 2.419276714980e-5
4.802519386170e0 2.400682128850e-5
4.807734978330e0 2.380562327130e-5
4.812950570490e0 2.406958841030e-5
4.818166162650e0 2.387108432380e-5
4.823381754810e0 2.375644102160e-5
4.828597346980e0 2.363721719780e-5
4.833812939140e0 2.379086113380e-5
4.839028531300e0 2.378894054450e-5
4.844244123460e0 2.385832060530e-5
4.849459715630e0 2.368549305690e-5
4.854675307790e0 2.379713949080e-5
4.859890899950e0 2.390770836960e-5
4.865106492110e0 2.382916654600e-5
4.870322084270e0 2.350905149390e-5
4.875537676440e0 2.319851712320e-5
4.880753268600e0 2.252402302770e-5
4.885968860760e0 2.143228831350e-5
4.891184452920e0 2.032979466210e-5
4.896400045090e0 1.919419372770e-5
4.901615637250e0 1.843888752480e-5
4.906831229410e0 1.767896311850e-5
4.912046821570e0 1.689578142650e-5
4.917262413730e0 1.610493226610e-5
4.922478005900e0 1.573831449060e-5
4.927693598060e0 1.538763736530e-5
4.932909190220e0 1.503936469770e-5
4.938124782380e0 1.457093809850e-5
4.943340374550e0 1.390336475450e-5
4.948555966710e0 1.315103945440e-5
4.953771558870e0 1.275468056890e-5
4.958987151030e0 1.235996053240e-5
4.964202743190e0 1.178492841120e-5
4.969418335360e0 1.124757618520e-5
4.974633927520e0 1.038862656930e-5
4.979849519680e0 9.987424625690e-6
4.985065111840e0 9.766004207920e-6
4.990280704010e0 9.269979310270e-6
4.995496296170e0 8.635305867730e-6
5.000711888330e0 8.173110077160e-6
5.005927480490e0 7.738992460810e-6
5.011143072650e0 7.565445143120e-6
5.016358664820e0 7.128815076290e-6
5.021574256980e0 6.605731181660e-6
5.026789849140e0 6.226815839370e-6
5.032005441300e0 5.983457827900e-6
5.037221033460e0 5.816738369470e-6
5.042436625630e0 5.996239727140e-6
5.047652217790e0 6.179448659750e-6
5.052867809950e0 6.377514749400e-6
5.058083402110e0 6.596865296670e-6
5.063298994280e0 6.775676320230e-6
5.068514586440e0 6.955453296360e-6
5.073730178600e0 7.018315430140e-6
5.078945770760e0 6.702043380150e-6
5.084161362920e0 6.460528294320e-6
5.089376955090e0 6.211617307000e-6
5.094592547250e0 5.964474289900e-6
5.099808139410e0 5.915686441320e-6
5.105023731570e0 5.882199955680e-6
5.110239323740e0 6.026891757450e-6
5.115454915900e0 6.199092453960e-6
5.120670508060e0 6.303510458310e-6
5.125886100220e0 6.422245767240e-6
5.131101692380e0 6.540084876640e-6
5.136317284550e0 6.641845451070e-6
5.141532876710e0 6.761691074290e-6
5.146748468870e0 6.656709127980e-6
5.151964061030e0 6.926029072030e-6
5.157179653200e0 7.026096441180e-6
5.162395245360e0 7.128208046180e-6
5.167610837520e0 7.180491998890e-6
5.172826429680e0 7.272887069980e-6
5.178042021840e0 7.362161233730e-6
5.183257614010e0 7.584582665190e-6
5.188473206170e0 7.401294225850e-6
5.193688798330e0 7.393734024530e-6
5.198904390490e0 7.376778411740e-6
5.204119982660e0 7.430209910910e-6