# 2304.12627, eq. 6 (following hep-ph/9511342, hep-ph/0503173)
# decay rate of H+ -> A W*, after computing integral in the formula
# 12 < mA < mH+ - 3
# fixed PDG2024 values: {mW, Gamma_W} = {80.3692, 2.085}
# mH+ [GeV] | mA [GeV] | Gamma(H+ -> A W*) [GeV]
40    12    5.850665236718427e-6
40    13    5.21364026010841e-6
40    14    4.603591469900175e-6
40    15    4.026413546303164e-6
40    16    3.486700976983553e-6
40    17    2.987814731161175e-6
40    18    2.531962251559765e-6
40    19    2.120288024613912e-6
40    20    1.7529724031185485e-6
40    21    1.4293366592482231e-6
40    22    1.1479524691161635e-6
40    23    9.067541904404577e-7
40    24    7.031524071842338e-7
40    25    5.3414728837433e-7
40    26    3.96440351253521e-7
40    27    2.865432361185657e-7
40    28    2.008820960400309e-7
40    29    1.3589618253884717e-7
40    30    8.81291700591035e-8
40    31    5.431170939619339e-8
40    32    3.143363447420847e-8
40    33    1.680416891792342e-8
40    34    8.09838819141875e-9
40    35    3.388091417685788e-9
40    36    1.1551227489591442e-9
40    37    2.850559618870347e-10
41    12    6.8600803004298666e-6
41    13    6.145274612723386e-6
41    14    5.4576664857526715e-6
41    15    4.8039056358214975e-6
41    16    4.189277233061921e-6
41    17    3.6177662893208894e-6
41    18    3.0921357419260573e-6
41    19    2.6140154475799123e-6
41    20    2.1839997431261895e-6
41    21    1.8017515587109439e-6
41    22    1.466111310706017e-6
41    23    1.1752089791393334e-6
41    24    9.265779004249717e-7
41    25    7.172688923229922e-7
41    26    5.439633822545976e-7
41    27    4.03084238396417e-7
41    28    2.9090300904523235e-7
41    29    2.03642264105174e-7
41    30    1.37571704577644e-7
41    31    8.909666406802445e-8
41    32    5.483757158409795e-8
41    33    3.1698878399931906e-8
41    34    1.6925873722822644e-8
41    35    8.14772501769631e-9
41    36    3.404978821116605e-9
41    37    1.1596467391623865e-9
41    38    2.8587868181068653e-10
42    12    8.003912364437861e-6
42    13    7.204677769040755e-6
42    14    6.432678231351261e-6
42    15    5.6953613571603264e-6
42    16    4.998744563930627e-6
42    17    4.347477456880777e-6
42    18    3.744918256725151e-6
42    19    3.1932214363093653e-6
42    20    2.6934341970712183e-6
42    21    2.2455997689985427e-6
42    22    1.8488657798099736e-6
42    23    1.501596132193235e-6
42    24    1.2014849679440797e-6
42    25    9.456713961948685e-7
42    26    7.308537278018143e-7
42    27    5.534019963358792e-7
42    28    4.0946756209971984e-7
42    29    2.9508859273302237e-7
42    30    2.0629019612237252e-7
42    31    1.391779483006915e-7
42    32    9.002351469441829e-8
42    33    5.534100627061456e-8
42    34    3.1952645522748174e-8
42    35    1.7042239376420533e-8
42    36    8.194868699357763e-9
42    37    3.4211059827251166e-9
42    38    1.1639645761252903e-9
42    39    2.8666346933026e-10
43    12    9.29556244211347e-6
43    13    8.404845894567182e-6
43    14    7.541207098701689e-6
43    15    6.712935742026141e-6
43    16    5.926824064046268e-6
43    17    5.188227522576568e-6
43    18    4.501139846691023e-6
43    19    3.8682795673277255e-6
43    20    3.2911856219892237e-6
43    21    2.7703200079735685e-6
43    22    2.305175740478018e-6
43    23    1.8943885811722564e-6
43    24    1.5358511564567753e-6
43    25    1.2268281946112012e-6
43    26    9.640716863289743e-7
43    27    7.439348208734478e-7
43    28    5.624835748465682e-7
43    29    4.156048367017499e-7
43    30    2.99109940119563e-7
43    31    2.0883245533200394e-7
43    32    1.4071905170762864e-7
43    33    9.091219738961522e-8
43    34    5.5823404272222016e-8
43    35    3.219565954927584e-8
43    36    1.7153607845536025e-8
43    37    8.239961756256895e-9
43    38    3.4365229790399267e-9
43    39    1.168090010110741e-9
43    40    2.874128819375323e-10
44    12    0.000010749438930780951
44    13    9.75975592306001e-6
44    14    8.796787884356041e-6
44    15    7.869712303211176e-6
44    16    6.986139993234741e-6
44    17    6.152174380986824e-6
44    18    5.372485496245065e-6
44    19    4.65039567935171e-6
44    20    3.98797456103978e-6
44    21    3.3861412724723186e-6
44    22    2.844772146214395e-6
44    23    2.362812393920944e-6
44    24    1.9383904139803684e-6
44    25    1.568933503266557e-6
44    26    1.2512838325768002e-6
44    27    9.81813602055012e-7
44    28    7.565383255241316e-7
44    29    5.712272071911039e-7
44    30    4.2150957111521893e-7
44    31    3.0297628831645967e-7
44    32    2.1127511749815238e-7
44    33    1.4219883672411722e-7
44    34    9.176499379762054e-8
44    35    5.6286045121203026e-8
44    36    3.242858518662381e-8
44    37    1.726029272135585e-8
44    38    8.283134724849593e-9
44    39    3.4512756370551234e-9
44    40    1.1720356293702163e-9
44    41    2.8812927742116287e-10
45    12    0.00001238102517195103
45    13    0.000011284430432037342
45    14    0.000010213972009581719
45    15    9.179762636371424e-6
45    16    8.190276801522632e-6
45    17    7.252409025333333e-6
45    18    6.371547130528414e-6
45    19    5.55165744266582e-6
45    20    4.795379425432807e-6
45    21    4.1041276870322054e-6
45    22    3.478199616552286e-6
45    23    2.916887151210827e-6
45    24    2.41859135578177e-6
45    25    1.980938627792504e-6
45    26    1.6008974371650093e-6
45    27    1.274894573451496e-6
45    28    9.989299149593412e-7
45    29    7.686887550997577e-7
45    30    5.796507256093431e-7
45    31    4.271943474182162e-7
45    32    3.0669621812206174e-7
45    33    2.1362381339611611e-7
45    34    1.436208377757856e-7
45    35    9.258400981638754e-8
45    36    5.673010769050331e-8
45    37    3.265203378664299e-8
45    38    1.736258197263716e-8
45    39    8.324507254398367e-9
45    40    3.465405873551748e-9
45    41    1.1758129103543694e-9
45    42    2.8881477057599384e-10
46    12    0.000014206952678405111
46    13    0.00001299500788668605
46    14    0.000011808394823827393
46    15    0.000010658210834288648
46    16    9.553840711574253e-6
46    17    8.503014357862928e-6
46    18    7.511879715762737e-6
46    19    6.585087811826619e-6
46    20    5.72588736282824e-6
46    21    4.93622685328196e-6
46    22    4.216862336987136e-6
46    23    3.567469473841159e-6
46    24    2.9867585069530027e-6
46    25    2.472591028240459e-6
46    26    2.0220974847645187e-6
46    27    1.6317944510249077e-6
46    28    1.2977007401866789e-6
46    29    1.0154514550870983e-6
46    30    7.804090907563224e-7
46    31    5.877707968897644e-7
46    32    4.326708936168365e-7
46    33    3.102777085777317e-7
46    34    2.1588376751331804e-7
46    35    1.4498832780605608e-7
46    36    9.33711920727186e-8
46    37    5.715667988901075e-8
46    38    3.286656869532817e-8
46    39    1.746074059957596e-8
46    40    8.364189354153197e-9
46    41    3.4789522026316157e-9
46    42    1.1794323961109738e-9
46    43    2.8947133142553977e-10
47    12    0.000016245080648664218
47    13    0.000014908818828594796
47    14    0.000013596848526179231
47    15    0.000012321303209935815
47    16    0.00001109252631752856
47    17    9.919128742650939e-6
47    18    8.808061844811239e-6
47    19    7.764702723456494e-6
47    20    6.792949146509672e-6
47    21    5.895322009875774e-6
47    22    5.073073570462647e-6
47    23    4.326299970774599e-6
47    24    3.6540567800851033e-6
47    25    3.054476431099562e-6
47    26    2.5248865440794767e-6
47    27    2.061928210910775e-6
47    28    1.6616733659424196e-6
47    29    1.3197404044555594e-6
47    30    1.0314072263064186e-6
47    31    7.917208842558712e-7
47    32    5.956030074993222e-7
47    33    4.379501502433344e-7
47    34    3.137281862668798e-7
47    35    2.180598327434153e-7
47    36    1.4630434136273813e-7
47    37    9.412834229539573e-8
47    38    5.756676705188439e-8
47    39    3.307270975645632e-8
47    40    1.7555012776861215e-8
47    41    8.40228221564968e-9
47    42    3.491949998439708e-9
47    43    1.1829037481314715e-9
47    44    2.9010073946190386e-10
48    12    0.000018514582475081476
48    13    0.00001704446866447639
48    14    0.000015597361312483072
48    15    0.000014186483889663821
48    16    0.000012823188719610984
48    17    0.000011517014779854347
48    18    0.000010275761250674846
48    19    9.105573447644518e-6
48    20    8.011038462172256e-6
48    21    6.995288350869389e-6
48    22    6.060109103301321e-6
48    23    5.206053909742751e-6
48    24    4.432559471440347e-6
48    25    3.738064260053039e-6
48    26    3.1201277548716965e-6
48    27    2.5755497736191046e-6
48    28    2.100489073954119e-6
48    29    1.6905804419409389e-6
48    30    1.3410495055061681e-6
48    31    1.0468245183715168e-6
48    32    8.026443551083733e-7
48    33    6.031619429434421e-7
48    34    4.430423316348927e-7
48    35    3.1705457043947913e-7
48    36    2.201565219317823e-7
48    37    1.475716954748032e-7
48    38    9.4857130458552e-8
48    39    5.796129968712264e-8
48    40    3.3270937422165136e-8
48    41    1.7645623938638634e-8
48    42    8.438879193901121e-9
48    43    3.504431866389248e-9
48    44    1.1862358702669312e-9
48    45    2.907046487064975e-10
49    12    0.000021036040047360823
49    13    0.000019421927797526184
49    14    0.000017829283433984272
49    15    0.00001627247691135807
49    16    0.000014763921780208358
49    17    0.000013314133841824757
49    18    0.000011931805745391288
49    19    0.000010623894051244374
49    20    9.395716014593423e-6
49    21    8.25105389208399e-6
49    22    7.192264985033233e-6
49    23    6.220395943168668e-6
49    24    5.335300086683241e-6
49    25    4.535756679144645e-6
49    26    3.819591213924917e-6
49    27    3.1837958712393955e-6
49    28    2.6246493694863202e-6
49    29    2.1378354792432015e-6
49    30    1.7185594945002146e-6
49    31    1.3616619676357292e-6
49    32    1.0617290140955033e-6
49    33    8.131984818276827e-7
49    34    6.104612610819162e-7
49    35    4.479569821033812e-7
49    36    3.2026331396423566e-7
49    37    2.2217803631738435e-7
49    38    1.4879300842270065e-7
49    39    9.555910635489258e-8
49    40    5.834114010024633e-8
49    41    3.346169643757783e-8
49    42    1.7732782484363854e-8
49    43    8.47406646961581e-9
49    44    3.516427872561906e-9
49    45    1.1894369701050068e-9
49    46    2.912845797923259e-10
50    12    0.000023831546767364484
50    13    0.000022062629947536192
50    14    0.0000203133809493287
50    15    0.000018599375547440516
50    16    0.000016934143164835568
50    17    0.00001532922698213519
50    18    0.000013794260147085828
50    19    0.000012337054490617114
50    20    0.000010963698930315384
50    21    9.678665323355819e-6
50    22    8.484919965665948e-6
50    23    7.38403926250687e-6
50    24    6.376328342300831e-6
50    25    5.460941571473254e-6
50    26    4.636004065336377e-6
50    27    3.898733391558913e-6
50    28    3.2455607346396598e-6
50    29    2.6722508388174897e-6
50    30    2.174020077577234e-6
50    31    1.7456520134224716e-6
50    32    1.3816098150264183e-6
50    33    1.0761448913866585e-6
50    34    8.234010872594772e-7
50    35    6.175137599458815e-7
50    36    4.5270302733813126e-7
50    37    3.2336044053153145e-7
50    38    2.2412829122165082e-7
50    39    1.499707165544773e-7
50    40    9.623571010902615e-8
50    41    5.8707088545701836e-8
50    42    3.3645398979408906e-8
50    43    1.7816681334020198e-8
50    44    8.507923746501293e-9
50    45    3.52796579519485e-9
50    46    1.1925146179285747e-9
50    47    2.918419296710077e-10
51    12    0.000026924820322761774
51    13    0.00002498957962544676
51    14    0.00002307193805898802
51    15    0.000021188739671560812
51    16    0.00001935468692120091
51    17    0.000017582402909576432
51    18    0.000015882509830885735
51    19    0.000014263719918009686
51    20    0.000012732935992732938
51    21    0.000011295359339660413
51    22    9.954603083839868e-6
51    23    8.712809598332112e-6
51    24    7.5707707280075e-6
51    25    6.528049811742716e-6
51    26    5.583104630559197e-6
51    27    4.733410516547433e-6
51    28    3.9755829342487116e-6
51    29    3.305498899498132e-6
51    30    2.7184166349357614e-6
51    31    2.2090928802572085e-6
51    32    1.7718972818807515e-6
51    33    1.4009232827421177e-6
51    34    1.0900949199347545e-6
51    35    8.332689182706705e-7
51    36    6.243314404143016e-7
51    37    4.572888215978313e-7
51    38    3.2635157867323175e-7
51    39    2.2601093942191676e-7
51    40    1.5110708963686203e-7
51    41    9.688828155629008e-8
51    42    5.905988864244152e-8
51    43    3.382242762356423e-8
51    44    1.7897499363437057e-8
51    45    8.54052485985044e-9
51    46    3.539071342964881e-9
51    47    1.1954758127653759e-9
51    48    2.9237799190243757e-10
52    12    0.000030341326421647494
52    13    0.000028227469868103274
52    14    0.00002612886903814226
52    15    0.000024063702102097313
52    16    0.000022047904452341107
52    17    0.00002009523381274806
52    18    0.000018217351624294533
52    19    0.000016423916862265728
52    20    0.000014722689315659147
52    21    0.00001311964000685201
52    22    0.000011619066915392162
52    23    0.000010223714534411935
52    24    8.93489606129792e-6
52    25    7.752617230362774e-6
52    26    6.675700947744569e-6
52    27    5.701912001783664e-6
52    28    4.828081203338917e-6
52    29    4.050228367734597e-6
52    30    3.3636835868341534e-6
52    31    2.763206262049899e-6
52    32    2.2431013777694015e-6
52    33    1.7973324934981114e-6
52    34    1.419630923115387e-6
52    35    1.1036005521189615e-6
52    36    8.42817719828865e-7
52    37    6.309255640502564e-7
52    38    4.6172219089759476e-7
52    39    3.2924199264861445e-7
52    40    2.278293923279184e-7
52    41    1.5220424455068094e-7
52    42    9.751806873572915e-8
52    43    5.9400232214426546e-8
52    44    3.399313792601529e-8
52    45    1.7975402659729663e-8
52    46    8.571938265437688e-9
52    47    3.5497683282902777e-9
52    48    1.1983270341007865e-9
52    49    2.928939616383875e-10
53    12    0.00003410841487277134
53    13    0.00003180281150304015
53    14    0.00002950984093197588
53    15    0.00002724908498804744
53    16    0.00002503777486064303
53    17    0.000022890859929435727
53    18    0.000020821092865805858
53    19    0.000018839127033225194
53    20    0.00001695362314104554
53    21    0.000015171362789745278
53    22    0.000013497367057820246
53    23    0.000011935018663110535
53    24    0.00001048618651828141
53    25    9.151351715114113e-6
53    26    7.929734132385903e-6
53    27    6.819418979732993e-6
53    28    5.817482675421628e-6
53    29    4.920117515824707e-6
53    30    4.122754634359491e-6
53    31    3.4201847714437472e-6
53    32    2.8066763885020983e-6
53    33    2.2760906596189306e-6
53    34    1.8219928664244362e-6
53    35    1.437759707139419e-6
53    36    1.116682008603985e-6
53    37    8.520623039588229e-7
53    38    6.373067063106588e-7
53    39    4.6601047252634584e-7
53    40    3.320366106158507e-7
53    41    2.2958683912126193e-7
53    42    1.5326415778442904e-7
53    43    9.812623553213727e-8
53    44    5.97287637656613e-8
53    45    3.415786075610928e-8
53    46    1.80505456039528e-8
53    47    8.602227583667775e-9
53    48    3.5600788673499264e-9
53    49    1.2010742926769649e-9
53    50    2.933909503161123e-10
54    12    0.00003825546961052853
54    13    0.00003574407540636813
54    14    0.00003324240835100739
54    15    0.00003077152746058782
54    16    0.0000283500257792693
54    17    0.000025994103880637706
54    18    0.00002371765955792482
54    19    0.000021532389600698738
54    20    0.00001944790053856884
54    21    0.00001747182595340437
54    22    0.000015609948500008376
54    23    0.000013866325176429839
54    24    0.00001224341468504311
54    25    0.000010742205949438142
54    26    9.362347018426198e-6
54    27    8.10227371125727e-6
54    28    6.959337446293718e-6
54    29    5.929931758171618e-6
54    30    5.0096170501753876e-6
54    31    4.193243154172758e-6
54    32    3.4750692833090197e-6
54    33    2.8488809646699653e-6
54    34    2.3081035330498767e-6
54    35    1.845911753494648e-6
54    36    1.4553351206189526e-6
54    37    1.1293583583021312e-6
54    38    8.610166136348797e-7
54    39    6.434848056444772e-7
54    40    4.7016055133625986e-7
54    41    3.3474005037465195e-7
54    42    2.3128626426706777e-7
54    43    1.5428867668555874e-7
54    44    9.871386854310584e-8
54    45    6.004608432700582e-8
54    46    3.4316904396639627e-8
54    47    1.812307191090002e-8
54    48    8.631451936699998e-9
54    49    3.570023486018642e-9
54    50    1.2037231644787143e-9
54    51    2.93869980049734e-10
55    12    0.00004281407451948753
55    13    0.00004008184944542665
55    14    0.00003735616190855006
55    15    0.00003465962595497861
55    16    0.00003201226597153602
55    17    0.00002943159593639241
55    18    0.000026932714678802526
55    19    0.00002452841291780197
55    20    0.00002222928889104129
55    21    0.000020043870143731514
55    22    0.000017978739613211567
55    23    0.00001603866456443655
55    24    0.000014226727243497
55    25    0.00001254445634933193
55    26    0.00001099195859543013
55    27    9.568049759688822e-6
55    28    8.270384712075084e-6
55    29    7.0955859734685965e-6
55    30    6.039370402627519e-6
55    31    5.096673634574229e-6
55    32    4.261771907560036e-6
55    33    3.5284009186850194e-6
55    34    2.8898713431601726e-6
55    35    2.3391806398940824e-6
55    36    1.869120747921443e-6
55    37    1.47238125512242e-6
55    38    1.1416475933416507e-6
55    39    8.696937821709051e-7
55    40    6.494692088424187e-7
55    41    4.7417889301876155e-7
55    42    3.373566428246252e-7
55    43    2.3293046338890998e-7
55    44    1.55279529751885e-7
55    45    9.928198340204818e-8
55    46    6.03527551441556e-8
55    47    3.4470556407126984e-8
55    48    1.8193115538425284e-8
55    49    8.659666430973484e-9
55    50    3.5796213183217173e-9
55    51    1.2062788432005246e-9
55    52    2.9433201723284155e-10
56    12    0.000047818197216559295
56    13    0.00004484901206825798
56    14    0.000041882892083416946
56    15    0.00003894408882364382
56    16    0.00003605413117106196
56    17    0.000033231911551773226
56    18    0.000030493787868684133
56    19    0.00002785369679486219
56    20    0.000025323275172132755
56    21    0.00002291198706336069
56    22    0.000020627254597142282
56    23    0.00001847459118111665
56    24    0.000016457735984685206
56    25    0.000014578788831627655
56    26    0.000012838344820223434
56    27    0.000011235628117775792
56    28    9.768624469118507e-6
56    29    8.434212024302592e-6
56    30    7.228290133860788e-6
56    31    6.145905787417913e-6
56    32    5.18137738483195e-6
56    33    4.328415533097425e-6
56    34    3.5802405568342866e-6
56    35    2.9296963988135696e-6
56    36    2.3693605696862036e-6
56    37    1.891649783979176e-6
56    38    1.4889208934639641e-6
56    39    1.1535666988189199e-6
56    40    8.781061880108436e-7
56    41    6.552687125744688e-7
56    42    4.780715745059073e-7
56    43    3.398904533792535e-7
56    44    2.3452205765071092e-7
56    45    1.5623833585034325e-7
56    46    9.983153029772621e-8
56    47    6.064930080233996e-8
56    48    3.461908535289049e-8
56    49    1.826080144400393e-8
56    50    8.686922411086472e-9
56    51    3.5888901534304074e-9
56    52    1.2087461550312915e-9
56    53    2.9477793790186937e-10
57    12    0.000053304393312993295
57    13    0.000050080924825964096
57    14    0.000046856770579451193
57    15    0.000043657907116859295
57    16    0.00004050744486340944
57    17    0.00003742572271418785
57    18    0.00003443041788890525
57    19    0.00003153666659172575
57    20    0.000028757192167003
57    21    0.00002610243828802045
57    22    0.00002358070533083657
57    23    0.000021198288541006744
57    24    0.00001895961693553225
57    25    0.000016867392129389912
57    26    0.000014922726456232037
57    27    0.000013125279884445914
57    28    0.000011473395322979611
57    29    9.964231977117464e-6
57    30    8.593896457220243e-6
57    31    7.357571370257341e-6
57    32    6.249641137183532e-6
57    33    5.263814782357073e-6
57    34    4.393245436150362e-6
57    35    3.630646280118934e-6
57    36    2.9684026473982556e-6
57    37    2.398679969171754e-6
57    38    1.913527233011045e-6
57    39    1.504975590324468e-6
57    40    1.1651317180491262e-6
57    41    8.862655057958091e-7
57    42    6.608916018790284e-7
57    43    4.818443120144801e-7
57    44    3.4234530157162997e-7
57    45    2.3606350698331734e-7
57    46    1.5716661268635955e-7
57    47    1.0036339926075976e-7
57    48    6.09362121585232e-8
57    49    3.476274230283881e-8
57    50    1.8326246390118842e-8
57    51    8.713267804145782e-9
57    52    3.5978466013709812e-9
57    53    1.2111295959135923e-9
57    54    2.952085796539188e-10
58    12    0.00005931203411500351
58    13    0.00005581564649980555
58    14    0.00005231455159402648
58    15    0.00004883654370962393
58    16    0.00004540639597566526
58    17    0.000042045964880315784
58    18    0.00003877430946125247
58    19    0.000035607820582900505
58    20    0.00003256035695256181
58    21    0.000029643385415620104
58    22    0.000026866123709466878
58    23    0.000024235684327535835
58    24    0.00002175721848941594
58    25    0.000019434059464108392
58    26    0.00001726786467702063
58    27    0.000015258756162863204
58    28    0.000013405459019866872
58    29    0.00001170543758488352
58    30    0.000010155029091016942
58    31    8.749574594560944e-6
58    32    7.483546969787095e-6
58    33    6.350675772743763e-6
58    34    5.344068768444047e-6
58    35    4.4563299043051115e-6
58    36    3.679673494841072e-6
58    37    3.0060343616682613e-6
58    38    2.4271736473379137e-6
58    39    1.9347799941359816e-6
58    40    1.5205657477926994e-6
58    41    1.1763578132000362e-6
58    42    8.941827534322262e-7
58    43    6.663456856345992e-7
58    44    4.855024866635299e-7
58    45    3.447247790735e-7
58    46    2.375571221032112e-7
58    47    1.580657845112157e-7
58    48    1.0087842467425635e-7
58    49    6.121394906827925e-8
58    50    3.490176227785871e-8
58    51    1.8389559570719176e-8
58    52    8.738747421417222e-9
58    53    3.606506182622826e-9
58    54    1.2134333737703828e-9
58    55    2.956247028456416e-10
59    12    0.00006588356125011273
59    13    0.000062094171970715
59    14    0.000058295795819012655
59    15    0.00005451814331565146
59    16    0.000050787735763552454
59    17    0.00004712802156350795
59    18    0.00004355950634512668
59    19    0.000040099892271395045
59    20    0.00003676422315027993
59    21    0.000033565032915737296
59    22    0.000030512495703396362
59    23    0.00002761457623223008
59    24    0.000024877179554814958
59    25    0.000022304299494285307
59    26    0.000019898165269328914
59    27    0.000017659385939101927
59    28    0.000015587092392078812
59    29    0.000013679076663555066
59    30    0.000011931928407197554
59    31    0.000010341168367751007
59    32    8.901378712321663e-6
59    33    7.606330077881691e-6
59    34    6.449105184389554e-6
59    35    5.42221885011051e-6
59    36    4.517734226883125e-6
59    37    3.7273750515233002e-6
59    38    3.0426336840623278e-6
59    39    2.4548746758071247e-6
59    40    1.955433580099082e-6
59    41    1.5357106861134063e-6
59    42    1.187259321797864e-6
59    43    9.018683357783916e-7
59    44    6.716383291090712e-7
59    45    4.890511681560553e-7
59    46    3.470322659835085e-7
59    47    2.390050755066678e-7
59    48    1.5893718913243557e-7
59    49    1.0137738962259418e-7
59    50    6.148294270911446e-8
59    51    3.503636546649013e-8
59    52    1.8450843217793244e-8
59    53    8.763403178955329e-9
59    54    3.6148833897622677e-9
59    55    1.2156614152894736e-9
59    56    2.9602704073524973e-10
60    12    0.00007306477234822771
60    13    0.00006896069953133569
60    14    0.0000648431204904901
60    15    0.00006074376636209284
60    16    0.00005669099656285654
60    17    0.00005270992896726394
60    18    0.0000488225828054387
60    19    0.0000450480295874202
60    20    0.00004140254869461381
60    21    0.00003789978524949879
60    22    0.00003455090855628222
60    23    0.00003136476990372988
60    24    0.00002834805887762616
60    25    0.000025505457586095423
60    26    0.00002283979238273897
60    27    0.00002035218280072685
60    28    0.000018042187498176505
60    29    0.000015907947073286828
60    30    0.000013946323643249951
60    31    0.000012153037100210454
60    32    0.000010522797963771264
60    33    9.049436747058916e-6
60    34    7.726029743054411e-6
60    35    6.545021122360219e-6
60    36    5.498341213825941e-6
60    37    4.577520816209943e-6
60    38    3.7738013631501367e-6
60    39    3.078240735429473e-6
60    40    2.4818144843411587e-6
60    41    1.975512198183314e-6
60    42    1.550428709958875e-6
60    43    1.1978498093883313e-6
60    44    9.093320850747149e-7
60    45    6.767764841803021e-7
60    46    4.924951364081915e-7
60    47    3.492709460449949e-7
60    48    2.4040941147763823e-7
60    49    1.5978208429236854e-7
60    50    1.0186102969688615e-7
60    51    6.17435977831667e-8
60    52    3.516675838489435e-8
60    53    1.851019316390742e-8
60    54    8.787274326278184e-9
60    55    3.622991810837419e-9
60    56    1.217817392372923e-9
60    57    2.9641626308297533e-10
61    12    0.00008090514268910086
61    13    0.00007646293102435943
61    14    0.00007200247940087024
61    15    0.00006755765022099662
61    16    0.00006315873553049793
61    17    0.00005883260346051808
61    18    0.00005460285597515305
61    19    0.000050489993216597106
61    20    0.00004651158113145643
61    21    0.00004268242007037704
61    22    0.00003901471274993239
61    23    0.00003551823047273438
61    24    0.00003220047685948312
61    25    0.000029066848599495485
61    26    0.0000261207929043446
61    27    0.000023363961470888663
61    28    0.00002079636084224324
61    29    0.000018416499107069308
61    30    0.000016221528907986743
61    31    0.000014207386743481498
61    32    0.000012368928550560309
61    33    0.000010700061547543083
61    34    9.193872303999339e-6
61    35    7.842750985550924e-6
61    36    6.638511699853856e-6
61    37    5.572508844204359e-6
61    38    4.635749328936003e-6
61    39    3.8190005206809615e-6
61    40    3.1128937195034006e-6
61    41    2.5080229516802745e-6
61    42    1.9950388264227092e-6
61    43    1.564737170495538e-6
61    44    1.2081421183490693e-6
61    45    9.16583298393965e-7
61    46    6.817667170445006e-7
61    47    4.958389015494954e-7
61    48    3.514438203500019e-7
61    49    2.4177205531127234e-7
61    50    1.6060165346095365e-7
61    51    1.0233003650083118e-7
61    52    6.199629451486015e-8
61    53    3.529313492150717e-8
61    54    1.8567699275872256e-8
61    55    8.810397667009278e-9
61    56    3.630844155983354e-9
61    57    1.2199047430363459e-9
61    58    2.96793002375278e-10
62    12    0.00008945818869177986
62    13    0.00008465241002682378
62    14    0.00007982347751325829
62    15    0.00007500750192484111
62    16    0.00007023680705047563
62    17    0.00006554009517048507
62    18    0.00006094262203547085
62    19    0.00005646637666953792
62    20    0.000052130262783191404
62    21    0.00004795027959825528
62    22    0.00004393970061322222
62    23    0.00004010924933834368
62    24    0.00003646727138666348
62    25    0.00003301990255377749
62    26    0.000029771232688171672
62    27    0.000026723465268320675
62    28    0.000023877072675439345
62    29    0.00002123094719529677
62    30    0.000018782547805191726
62    31    0.00001652804280924119
62    32    0.000014462448381863805
62    33    0.000012579763066877556
62    34    0.000010873098262041686
62    35    9.334804696564942e-6
62    36    7.956594883906803e-6
62    37    6.729661504730917e-6
62    38    5.644791645285304e-6
62    39    4.692476786259401e-6
62    40    3.863018405179592e-6
62    41    3.146629022974724e-6
62    42    2.533528491550415e-6
62    43    2.014035285279591e-6
62    44    1.5786525231960209e-6
62    45    1.2181484134250468e-6
62    46    9.236307723917448e-7
62    47    6.866152339868529e-7
62    48    4.990867222616549e-7
62    49    3.535537200923402e-7
62    50    2.430948217218957e-7
62    51    1.6139701128656894e-7
62    52    1.027850608959546e-7
62    53    6.224139044704741e-8
62    54    3.5415677260869496e-8
62    55    1.8623445973528606e-8
62    56    8.83280774146407e-9
62    57    3.638452348644473e-9
62    58    1.221926682292615e-9
62    59    2.9715784111514507e-10
63    12    0.00009878188031108828
63    13    0.00009358490432765271
63    14    0.0000883597257059554
63    15    0.00008314482726248805
63    16    0.00007797466814615723
63    17    0.00007287987154943343
63    18    0.00006788741964072417
63    19    0.00006302085114339208
63    20    0.000058300458499948356
63    21    0.00005374348259511024
63    22    0.00004936430374567857
63    23    0.00004517462815932952
63    24    0.00004118366941318836
63    25    0.00003739832473741222
63    26    0.000033823346046147376
63    27    0.000030461505759563358
63    28    0.000027313757522511415
63    29    0.000024379391958155594
63    30    0.000021656187608967347
63    31    0.000019140557215282483
63    32    0.000016827689470866
63    33    0.000014711686376223787
63    34    0.00001278569628692716
63    35    0.00001104204272726039
63    36    9.47234901039347e-6
63    37    8.067658675043901e-6
63    38    6.818551717304292e-6
63    39    5.715256562816614e-6
63    40    4.747757691867085e-6
63    41    3.905898796080675e-6
63    42    3.1794813109222566e-6
63    43    2.5583581341912858e-6
63    44    2.0325223050180807e-6
63    45    1.5921903821896738e-6
63    46    1.2278802242041218e-6
63    47    9.304828355212073e-7
63    48    6.91327905102839e-7
63    49    5.022426228245333e-7
63    50    3.5560331830761457e-7
63    51    2.443794226353195e-7
63    52    1.6216920842479548e-7
63    53    1.0322671594500512e-7
63    54    6.247922216959263e-8
63    55    3.553455681759808e-8
63    56    1.867751263519654e-8
63    57    8.854537010268787e-9
63    58    3.645827598723903e-9
63    59    1.2238862465224097e-9
63    60    2.9751134556371463e-10
64    12    0.00010893911088797892
64    13    0.00010332084021676778
64    14    0.00009766924226739919
64    15    0.00009202530209184968
64    16    0.00008642572205128419
64    17    0.00008090313546572637
64    18    0.0000754863246209523
64    19    0.00007020043875218958
64    20    0.00006506720917409691
64    21    0.00006010515976862667
64    22    0.000055329811774301694
64    23    0.000050753882298381856
64    24    0.00004638747630672896
64    25    0.00004223827206113183
64    26    0.000038311700113790665
64    27    0.000034611116052388387
64    28    0.000031137967235771786
64    29    0.00002789195377922559
64    30    0.00002487118404926493
64    31    0.000022072324916023497
64    32    0.000019490746989905395
64    33    0.000017120665043080358
64    34    0.0000149552737857526
64    35    0.00001298687913436733
64    36    0.00001120702507439292
64    37    9.606616185835401e-6
64    38    8.176035863761767e-6
64    39    6.905260231158775e-6
64    40    5.783967705685861e-6
64    41    4.801644146924916e-6
64    42    3.947683475117575e-6
64    43    3.2114836175549314e-6
64    44    2.5825376029520516e-6
64    45    2.0505195888845146e-6
64    46    1.6053655706835649e-6
64    47    1.2373484843585038e-6
64    48    9.371473777667734e-7
64    49    6.959102861562355e-7
64    50    5.053104086262282e-7
64    51    3.5759514049821475e-7
64    52    2.456274741959966e-7
64    53    1.6291923601693765e-7
64    54    1.036555795640045e-7
64    55    6.271010671065357e-8
64    56    3.564993490276969e-8
64    57    1.8729973924095496e-8
64    58    8.875615988147716e-9
64    59    3.6529804377488435e-9
64    60    1.2257862755081286e-9
64    61    2.9785403475088654e-10
65    12    0.00011999823485794526
65    13    0.00011392579768833199
65    14    0.00010781490911526445
65    15    0.00010170919286442476
65    16    0.00009564770608607278
65    17    0.0000896651832349922
65    18    0.00008379228073211561
65    19    0.00007805581833886825
65    20    0.00007247901474582916
65    21    0.00006708171590846207
65    22    0.00006188061537843911
65    23    0.00005688946632967036
65    24    0.000052119285283989446
65    25    0.00004757854773055499
65    26    0.00004327337594699373
65    27    0.00003920771939251799
65    28    0.000035383528067948164
65    29    0.0000318009192403825
65    30    0.000028458337914083885
65    31    0.00002535271140489539
65    32    0.000022479598341696
65    33    0.000019833332382957696
65    34    0.000017407160896739235
65    35    0.000015193378812936797
65    36    0.000013183457815791261
65    37    0.000011368171005131727
65    38    9.737713114942922e-6
65    39    8.281816339058122e-6
65    40    6.989861775818367e-6
65    41    5.850986466032852e-6
65    42    4.854185961618027e-6
65    43    3.988412326130311e-6
65    44    3.242667432554349e-6
65    45    2.60609138703884e-6
65    46    2.0680458723979406e-6
65    47    1.6181921682573106e-6
65    48    1.246563568359128e-6
65    49    9.436318783530993e-7
65    50    7.003676389515623e-7
65    51    5.082936806110919e-7
65    52    3.595315745579843e-7
65    53    2.46840503357499e-7
65    54    1.6364802984240903e-7
65    55    1.0407219701578891e-7
65    56    6.293434300495889e-8
65    57    3.576196357398837e-8
65    58    1.8780900132453406e-8
65    59    8.896073392241902e-9
65    60    3.659920756866018e-9
65    61    1.2276294337805785e-9
65    62    2.9818639092501734e-10
66    12    0.00013203368606646423
66    13    0.00012547107764648442
66    14    0.00011886499239878705
66    15    0.00011226183479046034
66    16    0.00010570313120703517
66    17    0.00009922580904157028
66    18    0.00009286247211871125
66    19    0.00008664166885107792
66    20    0.00008058815109032037
66    21    0.00007472312263160772
66    22    0.00006906447701215981
66    23    0.00006362702464996164
66    24    0.00005842270963544056
66    25    0.00005346081664072225
66    26    0.00004874816849121386
66    27    0.000044289314976096856
66    28    0.00004008671347419481
66    29    0.00003614090195041037
66    30    0.000032450664843637855
66    31    0.00002901319232549242
66    32    0.00002582423336114554
66    33    0.0000228782429563575
66    34    0.0000201685239246515
66    35    0.000017687363460305467
66    36    0.00001542616475494278
66    37    0.000013375573849723858
66    38    0.000011525601870321518
66    39    9.86574274865101e-6
66    40    8.385086494538906e-6
66    41    7.072428039517552e-6
66    42    5.9163716367651586e-6
66    43    4.90543076288987e-6
66    44    4.02812343038632e-6
66    45    3.2730627828881987e-6
66    46    2.6290428096491164e-6
66    47    2.0851189789579284e-6
66    48    1.6306835550390318e-6
66    49    1.2555353256442808e-6
66    50    9.499434314755948e-7
66    51    7.0470495005865e-7
66    52    5.111958486190213e-7
66    53    3.6141487992209486e-7
66    54    2.4801995386992053e-7
66    55    1.6435647403234868e-7
66    56    1.0447708311915915e-7
66    57    6.315221313634173e-8
66    58    3.5870786187964574e-8
66    59    1.883035752837595e-8
66    60    8.91593625821718e-9
66    61    3.6666578656077223e-9
66    62    1.2294182279849455e-9
66    63    2.98508865192615e-10
67    12    0.0001451266924267137
67    13    0.00013803435471306186
67    14    0.00013089373926042375
67    15    0.0001237541778626291
67    16    0.00011665978211611601
67    17    0.00010964976349588452
67    18    0.0001027587442534733
67    19    0.0000960170562028791
67    20    0.00008945102598211932
67    21    0.00008308324630599458
67    22    0.00007693283335084099
67    23    0.00007101567074943865
67    24    0.00006534464088629904
67    25    0.000059929844283342655
67    26    0.00005477880790259676
67    27    0.000049896683185058816
67    28    0.000045286434612084114
67    29    0.000040949019526362004
67    30    0.00003688355989116409
67    31    0.00003308750660388226
67    32    0.000029556796916800558
67    33    0.00002628600545350108
67    34    0.00002326848924911262
67    35    0.00002049652718307673
67    36    0.000017961454116791635
67    37    0.000015653789995254093
67    38    0.000013563364121454822
67    39    0.000011679434763774242
67    40    9.990804211723929e-6
67    41    8.485929351416367e-6
67    42    7.153027790984954e-6
67    43    5.9801795262834515e-6
67    44    4.955424098440249e-6
67    45    4.066853157628471e-6
67    46    3.3026983104644334e-6
67    47    2.651414092696505e-6
67    48    2.101755872241668e-6
67    49    1.6428524530250586e-6
67    50    1.26427311242727e-6
67    51    9.560887702065362e-7
67    52    7.089269483706047e-7
67    53    5.140201437874203e-7
67    54    3.632471960729884e-7
67    55    2.4916719187232257e-7
67    56    1.6504540473812766e-7
67    57    1.0487072448413882e-7
67    58    6.336398357777456e-8
67    59    3.5976538128877324e-8
67    60    1.8878408678486437e-8
67    61    8.935230135786149e-9
67    62    3.6732005872559057e-9
67    63    1.2311550511481895e-9
67    64    2.988219150290845e-10
68    12    0.0001593661064875806
68    13    0.0001517004324343103
68    14    0.00014398206520821802
68    15    0.00013626341320202277
68    16    0.0001285912887053113
68    17    0.00012100727566822063
68    18    0.00011354808147066918
68    19    0.00010624587069341823
68    20    0.00009912858031320082
68    21    0.00009222021655967225
68    22    0.00008554113420722574
68    23    0.00007910829931631319
68    24    0.00007293553657427307
68    25    0.00006703376241832032
68    26    0.00006141120510063104
68    27    0.00005607361280015293
68    28    0.00005102445081075994
68    29    0.00004626508875143913
68    30    0.00004179497865654044
68    31    0.000037611824716921236
68    32    0.000033711745358885794
68    33    0.000030089428265978395
68    34    0.000026738278874618534
68    35    0.000023650562801568606
68    36    0.000020817542596515218
68    37    0.000018229609149556007
68    38    0.00001587640802745811
68    39    0.000013746960957330042
68    40    0.000011829782626741494
68    41    0.000010112992922060084
68    42    8.58442468168321e-6
68    43    7.231726999026321e-6
68    44    6.0424640693637364e-6
68    45    5.004209535809075e-6
68    46    4.104636252383962e-6
68    47    3.331601345189893e-6
68    48    2.673226416972814e-6
68    49    2.1179727047223645e-6
68    50    1.6547109643426642e-6
68    51    1.272785821109743e-6
68    52    9.62074288499147e-7
68    53    7.130381210191576e-7
68    54    5.16769629772342e-7
68    55    3.6503055011535516e-7
68    56    2.5028351090967036e-7
68    57    1.657156130629067e-7
68    58    1.0525358120118004e-7
68    59    6.356990610737437e-8
68    60    3.607934722553771e-8
68    61    1.8925112594586737e-8
68    62    8.953979089159712e-9
68    63    3.6795571910540636e-9
68    64    1.2328421209386128e-9
68    65    2.9912593441720893e-10
69    12    0.00017484937645112467
69    13    0.0001665621217964799
69    14    0.00015821834996485853
69    15    0.00014987369503499892
69    16    0.00014157778199145511
69    17    0.0001333746499355677
69    18    0.00012530315089177182
69    19    0.00011739732347533055
69    20    0.0001096867419452576
69    21    0.00010219684180753778
69    22    0.00009494922353762297
69    23    0.00008796193609893184
69    24    0.00008124974196763698
69    25    0.00007482436531601052
69    26    0.00006869472491037194
69    27    0.00006286715316191179
69    28    0.00005734560264189745
69    29    0.000052131841246580087
69    30    0.00004722563707321949
69    31    0.000042624933952180205
69    32    0.000038326018471874616
69    33    0.00003432367922998805
69    34    0.00003061135895436516
69    35    0.000027181300049365206
69    36    0.000024024684046432398
69    37    0.00002113176536555076
69    38    0.000018491999728646048
69    39    0.000016094167505292377
69    40    0.000013926492215357486
69    41    0.000011976754361130723
69    42    0.00001023240071357161
69    43    8.680649131394006e-6
69    44    7.3085889499015635e-6
69    45    6.103276934683711e-6
69    46    5.051828757958917e-6
69    47    4.141505916433282e-6
69    48    3.3597979743844344e-6
69    49    2.6944999794699362e-6
69    50    2.1337848637468743e-6
69    51    1.6662706074596516e-6
69    52    1.2810819081048694e-6
69    53    9.679060618890891e-7
69    54    7.170427284551142e-7
69    55    5.194472133722385e-7
69    56    3.667668641025039e-7
69    57    2.513701366624604e-7
69    58    1.6636784821944144e-7
69    59    1.056260887327376e-7
69    60    6.377021890705586e-8
69    61    3.6179334332388344e-8
69    62    1.8970525036852834e-8
69    63    8.972205823665174e-9
69    64    3.6857354948227365e-9
69    65    1.2344815365552728e-9
69    66    2.9942130819757306e-10
70    12    0.00019168368868075885
70    13    0.0001827212692900629
70    14    0.00017369936404649627
70    15    0.00016467697723458128
70    16    0.00015570665070449867
70    17    0.00014683495148500592
70    18    0.0001381029246372761
70    19    0.00012954651232455758
70    20    0.00012119694106005861
70    21    0.00011308107948227823
70    22    0.00010522176922242874
70    23    0.00009763813135522332
70    24    0.00009034585082188837
70    25    0.00008335744104004647
70    26    0.00007668249072364237
70    27    0.00007032789474112646
70    28    0.00006429807064941947
70    29    0.00005859516236282655
70    30    0.00005321923224917009
70    31    0.000048168442793542064
70    32    0.00004343922883310706
70    33    0.00003902646123823812
70    34    0.00003492360280627788
70    35    0.00003112285702940414
70    36    0.00002761531030783538
70    37    0.00002439106809589831
70    38    0.000021439385393862435
70    39    0.00001874879192977631
70    40    0.000016307212313391753
70    41    0.000014102081387360076
70    42    0.000012120454948151245
70    43    0.000010349115960261659
70    44    8.774676342508892e-6
70    45    7.383674361548636e-6
70    46    6.162667628356504e-6
70    47    5.098321654392374e-6
70    48    4.177493886996154e-6
70    49    3.387313108435944e-6
70    50    2.7152540469599747e-6
70    51    2.149207014479634e-6
70    52    1.677542350768992e-6
70    53    1.2891694193995863e-6
70    54    9.735898666725486e-7
70    55    7.2094481842552e-7
70    56    5.220556543679453e-7
70    57    3.6845796168984075e-7
70    58    2.5242823137005205e-7
70    59    1.670028202012547e-7
70    60    1.0598865954979485e-7
70    61    6.39651474652754e-8
70    62    3.6276613822583494e-8
70    63    1.9014698776445862e-8
70    64    8.989931875824093e-9
70    65    3.6917429034416446e-9
70    66    1.2360753042972278e-9
70    67    2.997084030383273e-10
71    12    0.00020998732134823946
71    13    0.00020028996774903716
71    14    0.00019053135402167804
71    15    0.000180773988028944
71    16    0.00017107341853513439
71    17    0.00016147879749359986
71    18    0.0001520333948562389
71    19    0.00014277506916459683
71    20    0.00013373669771464858
71    21    0.00012494657020521737
71    22    0.00011642874961410361
71    23    0.0001082034038270903
71    24    0.00010028711121487772
71    25    0.00009269314304407419
71    26    0.00008543172529553671
71    27    0.00007851028217140087
71    28    0.00007193366330432045
71    29    0.00006570435643952513
71    30    0.000059822687143500856
71    31    0.00005428700689779271
71    32    0.00004909387076670239
71    33    0.00004423820566980564
71    34    0.00003971347015978243
71    35    0.00003551180648117533
71    36    0.00003162418558037947
71    37    0.000028040545640369915
71    38    0.00002474992462863099
71    39    0.000021740587269068904
71    40    0.00001900014677954922
71    41    0.00001651568165405433
71    42    0.000014273847709932991
71    43    0.000012260985570383602
71    44    0.000010463223700304765
71    45    8.866577072200949e-6
71    46    7.457041494221084e-6
71    47    6.220683593149884e-6
71    48    5.143726407749747e-6
71    49    4.2126305106388425e-6
71    50    3.4141705423452497e-6
71    51    2.735507006315086e-6
71    52    2.1642531401242284e-6
71    53    1.6885366439512413e-6
71    54    1.2970560145381888e-6
71    55    9.791311976680859e-7
71    56    7.247482386683098e-7
71    57    5.245975744601023e-7
71    58    3.7010557418905406e-7
71    59    2.53458897755862e-7
71    60    1.6762120223871692e-7
71    61    1.0634168451209762e-7
71    62    6.415490533358938e-8
71    63    3.637129393430232e-8
71    64    1.905768369761432e-8
71    65    9.0071775244925e-9
71    66    3.697586377134727e-9
71    67    1.2376252810890299e-9
71    68    2.9998755103610747e-10
72    12    0.0002298912603874562
72    13    0.0002193919924423912
72    14    0.0002088313218709041
72    15    0.0001982753725430294
72    16    0.0001877827669957344
72    17    0.0001774052750638552
72    18    0.00016718839946068932
72    19    0.0001571719045673454
72    20    0.00014739029461213765
72    21    0.00013787324705807766
72    22    0.00012864600645972954
72    23    0.00011972974353846439
72    24    0.00011114188365134966
72    25    0.0001028964083326175
72    26    0.00009500413312505997
72    27    0.000087472964507361
72    28    0.00008030813836074137
72    29    0.00007351244209968219
72    30    0.00006708642231320952
72    31    0.00006102857951929724
72    32    0.00005533555142277355
72    33    0.00005000228588272707
72    34    0.00004502220463035757
72    35    0.00004038735863872701
72    36    0.00003608857591935295
72    37    0.000032115602410166143
72    38    0.000028457236522263806
72    39    0.000025101457825604927
72    40    0.000022035550276843828
72    41    0.000019246220322373262
72    42    0.000016719710146787072
72    43    0.000014441906282067317
72    44    0.000012398443736542684
72    45    0.000010574805759571716
72    46    8.956419310159596e-6
72    47    7.528746257791938e-6
72    48    6.277370304065603e-6
72    49    5.188079576993836e-6
72    50    4.246944813838794e-6
72    51    3.4403930143771143e-6
72    52    2.7552764122707106e-6
72    53    2.1789365797750214e-6
72    54    1.6992634475984839e-6
72    55    1.3047489891646415e-6
72    56    9.845352849733405e-7
72    57    7.284566492054546e-7
72    58    5.270754658906353e-7
72    59    3.717113464313336e-7
72    60    2.5446318287871724e-7
72    61    1.6822363327426985e-7
72    62    1.0668553441885897e-7
72    63    6.433969502757088e-8
72    64    3.646347730948161e-8
72    65    1.909952712350407e-8
72    66    9.023962054153233e-9
72    67    3.703272568497284e-9
72    68    1.2391332728254713e-9
72    69    3.002590970926606e-10
73    12    0.00025154114453593664
73    13    0.00024016451728660847
73    14    0.00022872854376324603
73    15    0.00021730304079138727
73    16    0.00020594973527641406
73    17    0.00019472301221822993
73    18    0.00018367058069016526
73    19    0.00017283406796190297
73    20    0.0001622495509954703
73    21    0.00015194803351996496
73    22    0.00014195587580904305
73    23    0.00013229518339154259
73    24    0.00012298416003645978
73    25    0.00011403742962538409
73    26    0.00010546633087638952
73    27    0.00009727918832872862
73    28    0.0000894815625199018
73    29    0.00008207648187803538
73    30    0.00007506465850224081
73    31    0.00006844468970234474
73    32    0.00006221324691103671
73    33    0.000056365253360431166
73    34    0.00005089405171876941
73    35    0.00004579156272106754
73    36    0.0000410484356793467
73    37    0.00003665419163278273
73    38    0.00003259735978717076
73    39    0.000028865607796178322
73    40    0.00002544586634581046
73    41    0.000022324448441649908
73    42    0.000019487163703306273
73    43    0.000016919427937488754
73    44    0.000014606368186707736
73    45    0.000012532923406065084
73    46    0.000010683940873047312
73    47    9.044268392052945e-6
73    48    7.5988423147381765e-6
73    49    6.332771359304783e-6
73    50    5.231416175727032e-6
73    51    4.280464569172065e-6
73    52    3.466002260802709e-6
73    53    2.774579031624379e-6
73    54    2.193270063705259e-6
73    55    1.7097322603891746e-6
73    56    1.312255295622117e-6
73    57    9.898071092110072e-7
73    58    7.320735331656193e-7
73    59    5.294916989601359e-7
73    60    3.732768418691081e-7
73    61    2.554420814053179e-7
73    62    1.6881071993990614e-7
73    63    1.0702056111853121e-7
73    64    6.451970858143537e-8
73    65    3.6553261172791773e-8
73    66    1.9140273830776243e-8
73    67    9.040303689143552e-9
73    68    3.7088077198703997e-9
73    69    1.2406009418528071e-9
73    70    3.0052333360820284e-10
74    12    0.0002750996277064861
74    13    0.0002627601828647173
74    14    0.0002503663868413292
74    15    0.0002379917692918483
74    16    0.00022570113692096564
74    17    0.00021355143505574705
74    18    0.0002015925041932132
74    19    0.0001898677467720041
74    20    0.00017841471725197434
74    21    0.00016726564666505
74    22    0.0001564479110285967
74    23    0.00014598445162477414
74    24    0.00013589415386377126
74    25    0.0001261921904294947
74    26    0.00011689033353134236
74    27    0.00010799724035568832
74    28    0.00009951871519712017
74    29    0.00009145795123567843
74    30    0.00008381575449084634
74    31    0.00007659075211761959
74    32    0.00006977958689774206
74    33    0.00006337709951738835
74    34    0.000057376499991739676
74    35    0.000051769529408811974
74    36    0.00004654661299454212
74    37    0.00004169700535806795
74    38    0.00003720892865274297
74    39    0.000033069704266566036
74    40    0.000029265878600418824
74    41    0.000025783343334225268
74    42    0.00002260745058887297
74    43    0.000019723123265560486
74    44    0.000017114960814354316
74    45    0.000014767340615336054
74    46    0.00001266451511415176
74    47    0.000010790704804505143
74    48    9.130187110299144e-6
74    49    7.66738117976198e-6
74    50    6.386928567773075e-6
74    51    5.273769747422791e-6
74    52    4.313216358575147e-6
74    53    3.4910190680552166e-6
74    54    2.793430885532202e-6
74    55    2.2072657467164887e-6
74    56    1.7199521452040034e-6
74    57    1.3195815627234914e-6
74    58    9.949514161503707e-7
74    59    7.356022074423717e-7
74    60    5.318485295646006e-7
74    61    3.748035476606735e-7
74    62    2.563965390090029e-7
74    63    1.6938303868784934e-7
74    64    1.0734709877462017e-7
74    65    6.469512832901913e-8
74    66    3.6640737848523423e-8
74    67    1.9179966312398883e-8
74    68    9.056219699529376e-9
74    69    3.714197767851673e-9
74    70    1.2420298942664556e-9
74    71    3.007805566735695e-10
75    12    0.00030074927686535573
75    13    0.00028734961106475696
75    14    0.0002739045006231583
75    15    0.0002604911186201845
75    16    0.0002471772443451995
75    17    0.00023402225309920556
75    18    0.00022107797342427304
75    19    0.00020838943348758934
75    20    0.00019599551451534924
75    21    0.00018392952605792616
75    22    0.0001722197151984591
75    23    0.00016088971980252325
75    24    0.00014995897412664315
75    25    0.00013944307372875105
75    26    0.00012935410547673323
75    27    0.0001197009475127752
75    28    0.00011048954326076272
75    29    0.00010172315292526586
75    30    0.00009340258540239421
75    31    0.00008552641308088656
75    32    0.00007809117164159245
75    33    0.00007109154665680756
75    34    0.00006452054852012242
75    35    0.00005836967702325955
75    36    0.00005262907670910374
75    37    0.00004728768390435278
75    38    0.00004233336640006464
75    39    0.00003775305627025091
75    40    0.000033532876563484304
75    41    0.000029658262343385652
75    42    0.000026114076460812848
75    43    0.000022884720425959526
75    44    0.00001995424065706317
75    45    0.000017306430328990727
75    46    0.000014924926993525028
75    47    0.000012793306095091649
75    48    0.000010895170463073878
75    49    9.214235820891572e-6
75    50    7.734412315129375e-6
75    51    6.439882032119199e-6
75    52    5.315172436486665e-6
75    53    4.345225632852948e-6
75    54    3.5154633216440626e-6
75    55    2.8118472888701234e-6
75    56    2.2209352393043375e-6
75    57    1.7299317529600688e-6
75    58    1.3267341138571233e-6
75    59    9.999727300799636e-7
75    60    7.390458322632681e-7
75    61    5.341481058181015e-7
75    62    3.7629287916767626e-7
75    63    2.5732745520643354e-7
75    64    1.6994113755319266e-7
75    65    1.076654649795455e-7
75    66    6.486612745966487e-8
75    67    3.6725994967006726e-8
75    68    1.9218644923989203e-8
75    69    9.071726499773414e-9
75    70    3.7194483392836186e-9
75    71    1.243421638308492e-9
75    72    3.0103104454344815e-10
76    12    0.00032869616605374786
76    13    0.00031412449344968133
76    14    0.00029952148444129423
76    15    0.0002849677484592036
76    16    0.00027053380725934
76    17    0.0002562812267150569
76    18    0.00024226358359892913
76    19    0.00022852729720776221
76    20    0.00021511234961926144
76    21    0.0002020529137004331
76    22    0.00018937790417891453
76    23    0.00017711146429561365
76    24    0.00016527339817441373
76    25    0.0001538795572468277
76    26    0.00014294218760067026
76    27    0.00013247024394464192
76    28    0.0001224696749284387
76    29    0.00011294368378192468
76    30    0.00010389296760188945
76    31    0.00009531593809220865
76    32    0.00008720892612773445
76    33    0.00007956637215811218
76    34    0.00007238100419275862
76    35    0.00006564400455861641
76    36    0.00005934516747737158
76    37    0.00005347304717232116
76    38    0.00004801509875460658
76    39    0.00004295781184740875
76    40    0.000038286837868973644
76    41    0.000033987111486859205
76    42    0.000030042966706032916
76    43    0.000026438247976156763
76    44    0.000023156416635101714
76    45    0.000020180652944780743
76    46    0.00001749395392061294
76    47    0.000015079227106700998
76    48    0.00001291938040395378
76    49    0.000010997408016814001
76    50    9.29647254644875e-6
76    51    7.799983222001979e-6
76    52    6.491670228277297e-6
76    53    5.355655055739793e-6
76    54    4.376516768096515e-6
76    55    3.5393540523388595e-6
76    56    2.82984288728536e-6
76    57    2.2342896367853393e-6
76    58    1.7396793452654419e-6
76    59    1.3337189840357347e-6
76    60    1.0048753663917486e-6
76    61    7.424074201816903e-7
76    62    5.363924743310591e-7
76    63    3.7774618414092323e-7
76    64    2.582356861415274e-7
76    65    1.7048553793003884e-7
76    66    1.0797596168590627e-7
76    67    6.503287057331652e-8
76    68    3.6809115768210704e-8
76    69    1.9256347942127912e-8
76    70    9.086839634352385e-9
76    71    3.724564780329468e-9
76    72    1.2447776058525853e-9
76    73    3.0127505192331465e-10
77    12    0.00035917438851210473
77    13    0.0003433014263227913
77    14    0.00032741816701107473
77    15    0.00031160823819095226
77    16    0.00029594449150096755
77    17    0.00028049028641061115
77    18    0.0002653005719468462
77    19    0.00025042280609377304
77    20    0.00023589774365398298
77    21    0.00022176011672843485
77    22    0.00020803922676350669
77    23    0.0001947594633853613
77    24    0.0001819407621501593
77    25    0.00016959901105219186
77    26    0.0001577464137993047
77    27    0.0001463918164207619
77    28    0.00013554100262131824
77    29    0.00012519696237011329
77    30    0.00011536013746464357
77    31    0.0001060286472007661
77    32    0.00009719849677999872
77    33    0.00008886377067226741
77    34    0.00008101681281439608
77    35    0.00007364839523145084
77    36    0.00006674787643736336
77    37    0.00006030335076285523
77    38    0.000054301789589493975
77    39    0.00004872917532196059
77    40    0.00004357062880481627
77    41    0.000038810530781103764
77    42    0.0000344326378968858
77    43    0.000030420193672479607
77    44    0.000026756034789468418
77    45    0.000023422692978428235
77    46    0.000020402492735154587
77    47    0.00001767764504205954
77    48    0.000015230337225338979
77    49    0.000013042819035817239
77    50    0.000011097485003008774
77    51    9.376953075685718e-6
77    52    7.864139528301464e-6
77    53    6.542330081054158e-6
77    54    5.395247150610983e-6
77    55    4.407113118983229e-6
77    56    3.5627094797433535e-6
77    57    2.8474316922675525e-6
77    58    2.2473395468680484e-6
77    59    1.7492028156736668e-6
77    60    1.3405419358829716e-6
77    61    1.0096634433090464e-6
77    62    7.456898445766036e-7
77    63    5.385835861467371e-7
77    64    3.791647467803878e-7
77    65    2.591220471722688e-7
77    66    1.710167361127809e-7
77    67    1.0827887624336482e-7
77    68    6.519551422769096e-8
77    69    3.6890179421433695e-8
77    70    1.9293111775651937e-8
77    71    9.10157390089304e-9
77    72    3.729552150272708e-9
77    73    1.2460991566519088e-9
77    74    3.015128212634148e-10
78    12    0.0003924517992433922
78    13    0.00037512673174499813
78    14    0.0003578216834861703
78    15    0.00034062255813792407
78    16    0.00032360385297190524
78    17    0.00030683009547434643
78    18    0.00029035703781007006
78    19    0.0002742326603280122
78    20    0.0002584980227640233
78    21    0.00024318799281937696
78    22    0.00022833187495648302
78    23    0.00021395395746648627
78    24    0.0002000739919852568
78    25    0.0001867076168169184
78    26    0.00017386673320549348
78    27    0.00016155984197136397
78    28    0.0001497923465735435
78    29    0.00013856682758275494
78    30    0.00012788329268949655
78    31    0.00011773940567676774
78    32    0.00010813069722400106
78    33    0.00009905075994548273
78    34    0.00009049142969260883
78    35    0.00008244295482503601
78    36    0.00007489415490403135
78    37    0.00006783257003475369
78    38    0.00006124460190091034
78    39    0.00005511564737801004
78    40    0.00004943022547651756
78    41    0.00004417209825167375
78    42    0.00003932438621646692
78    43    0.00003486967870862922
78    44    0.00003079013958601105
78    45    0.000027067608559300405
78    46    0.00002368369841098988
78    47    0.000020619888297919725
78    48    0.00001785761328663306
78    49    0.00001537835022856118
78    50    0.000013163700042388408
78    51    0.000011195466435065056
78    52    9.455731059092347e-6
78    53    7.926925072347673e-6
78    54    6.591897036323842e-6
78    55    5.433977060085256e-6
78    56    4.437037069428844e-6
78    57    3.5855470535038323e-6
78    58    2.8646271139737415e-6
78    59    2.2600951155391974e-6
78    60    1.7585097094575267e-6
78    61    1.3472084745888057e-6
78    62    1.0143408929119272e-6
78    63    7.488958474747193e-7
78    64    5.40723302211945e-7
78    65    3.8054979137525485e-7
78    66    2.599873153012725e-7
78    67    1.715352048578892e-7
78    68    1.0857448221827744e-7
78    69    6.535420744446429e-8
78    70    3.6969261226813545e-8
78    71    1.9328971057255657e-8
78    72    9.115943373995222e-9
78    73    3.734415287937898e-9
78    74    1.2473875962853573e-9
78    75    3.0174460625233317e-10
79    12    0.00042883743657722137
79    13    0.0004098826015613863
79    14    0.00039099060665181577
79    15    0.0003722483892548349
79    16    0.00035373100082133896
79    17    0.0003355031773056138
79    18    0.0003176206290131677
79    19    0.00030013111286789236
79    20    0.00028307533363432235
79    21    0.0002664877091437468
79    22    0.0002503970260409357
79    23    0.00023482700672256492
79    24    0.00021979680348066286
79    25    0.00020532143254334054
79    26    0.0001914121581237179
79    27    0.00017807683460837755
79    28    0.00016532021347855284
79    29    0.00015314422034835997
79    30    0.00014154820654652621
79    31    0.00013052917890277088
79    32    0.0001200820107822436
79    33    0.00011019963691106927
79    34    0.00010087323412536167
79    35    0.00009209238984158788
79    36    0.00008384525976068522
79    37    0.00007611871609247521
79    38    0.00006889848738551342
79    39    0.00006216929088503366
79    40    0.00005591495820083359
79    41    0.00005011855494662984
79    42    0.000044762494909832553
79    43    0.000039828649221457436
79    44    0.000035298450918344276
79    45    0.00003115299522155592
79    46    0.000027373135795664536
79    47    0.000023939577199533916
79    48    0.0000208329636922621
79    49    0.000018033964514338577
79    50    0.000015523355725639436
79    51    0.00001328209864523409
79    52    0.000011291414905310991
79    53    9.532858100367572e-6
79    54    7.988381982822396e-6
79    55    6.640405129326218e-6
79    56    5.47187197411843e-6
79    57    4.46631008002736e-6
79    58    3.6078834919294426e-6
79    59    2.881441992105491e-6
79    60    2.272566051059995e-6
79    61    1.7676072421022437e-6
79    62    1.3537238617752015e-6
79    63    1.0189114712620903e-6
79    64    7.520280468322173e-7
79    65    5.428133983341792e-7
79    66    3.819024856617426e-7
79    67    2.6083223125103847e-7
79    68    1.7204139467171256e-7
79    69    1.0886304019122307e-7
79    70    6.550909208583851e-8
79    71    3.7046432859962665e-8
79    72    1.9363958706295135e-8
79    73    9.129961403527713e-9
79    74    3.739158769179936e-9
79    75    1.2486441436374213e-9
79    76    3.019706216381088e-10
80    12    0.0004686912818842394
80    13    0.00044789504906862483
80    14    0.00042722149417828443
80    15    0.0004067565653863189
80    16    0.0003865741601533322
80    17    0.0003667377706261484
80    18    0.0003473018225069999
80    19    0.00032831277937844675
80    20    0.0003098100646901612
80    21    0.0002918268401537945
80    22    0.0002743906694600516
80    23    0.00025752408964024225
80    24    0.00024124510717979944
80    25    0.0002255676323391861
80    26    0.00021050186232085733
80    27    0.00019605462178466087
80    28    0.0001822296675657557
80    29    0.0001690279631651463
80    30    0.00015644792757202287
80    31    0.00014448566217291892
80    32    0.0001331351588601509
80    33    0.0001223884919309939
80    34    0.00011223599594466449
80    35    0.00010266643136211266
80    36    0.00009366713949780203
80    37    0.00008522418808464392
80    38    0.00007732250854725571
80    39    0.00006994602591417346
80    40    0.00006307778215670025
80    41    0.000056700053621760206
80    42    0.00005079446312224362
80    43    0.000045342087159388147
80    44    0.00004032355867372766
80    45    0.00003571916565404838
80    46    0.00003150894587367569
80    47    0.00002767277797132822
80    48    0.000024190469046100368
80    49    0.00002104183889428108
80    50    0.000018206800977402133
80    51    0.000015665440175232618
80    52    0.000013398087345935417
80    53    0.000011385390684756277
80    54    9.608383844713391e-6
80    55    8.048550755277664e-6
80    56    6.687887050073301e-6
80    57    5.508957988594462e-6
80    58    4.494952733273541e-6
80    59    3.629734818571031e-6
80    60    2.8978886250677702e-6
80    61    2.2847616468984124e-6
80    62    1.7765023169466019e-6
80    63    1.3600931286372637e-6
80    64    1.0233787681417798e-6
80    65    7.550889434123447e-7
80    66    5.448555700971093e-7
80    67    3.8322394410766157e-7
80    68    2.616575016927551e-7
80    69    1.7253573510121006e-7
80    70    1.0914479854684497e-7
80    71    6.566030331119856e-8
80    72    3.7121762567839344e-8
80    73    1.9398106062567703e-8
80    74    9.14364070760776e-9
80    75    3.7437869354253045e-9
80    76    1.2498699627957228e-9
80    77    3.021910732862302e-10
81    12    0.0005124373515558336
81    13    0.0004895443813347793
81    14    0.0004668573728534265
81    15    0.00044445802498447955
81    16    0.0004224164258867635
81    17    0.00040079263534435023
81    18    0.00037963797153008235
81    19    0.00035899607198930654
81    20    0.00033890377934336
81    21    0.00031939188896107026
81    22    0.0003004857866409753
81    23    0.0002822059975645844
81    24    0.0002645686630908827
81    25    0.0002475859582700158
81    26    0.0002312664602976869
81    27    0.00021561547607102608
81    28    0.00020063533542442392
81    29    0.00018632565539083068
81    30    0.00017268357986339916
81    31    0.00015970399826217632
81    32    0.00014737974619249923
81    33    0.00013570179058300488
81    34    0.0001246594013855815
81    35    0.00011424031158519814
81    36    0.00010443086699659263
81    37    0.00009521616709011151
81    38    0.00008658019790485922
81    39    0.00007850595794225756
81    40    0.00007097557779886233
81    41    0.00006397043418093034
81    42    0.00005747125884443555
81    43    0.00005145824291832421
81    44    0.000045911136994754084
81    45    0.000040809347305257926
81    46    0.00003613202824505412
81    47    0.0000318581714566126
81    48    0.000027966691639769223
81    49    0.000024436509214265604
81    50    0.0000212466299246702
81    51    0.000018376221444038482
81    52    0.000015804687001785206
81    53    0.000013511736032952883
81    54    0.000011477451818741951
81    55    9.682356063029721e-6
81    56    8.107470325129583e-6
81    57    6.734374205353295e-6
81    58    5.54526015713378e-6
81    59    4.522984776417324e-6
81    60    3.6511163969775343e-6
81    61    2.9139787975416505e-6
81    62    2.296690803197758e-6
81    63    1.7852015414492125e-6
81    64    1.3663210883210621e-6
81    65    1.0277462159522952e-6
81    66    7.580809273090034e-7
81    67    5.468514372598434e-7
81    68    3.8451523089330415e-7
81    69    2.6246380110689927e-7
81    70    1.730186360519356e-7
81    71    1.0941999420791495e-7
81    72    6.580797002215501e-8
81    73    3.7195315448279106e-8
81    74    1.9431443040786886e-8
81    75    9.156993425872789e-9
81    76    3.748303957908777e-9
81    77    1.2510661741390521e-9
81    78    3.0240616906834916e-10
82    12    0.0005605816657825802
82    13    0.0005352792688613858
82    14    0.000510298927005816
82    15    0.00048571282965446515
82    16    0.0004615831197069564
82    17    0.000437963118243779
82    18    0.00041489835455981393
82    19    0.0003924274382080764
82    20    0.00037058280258040876
82    21    0.000349391343575589
82    22    0.0003288749722303851
82    23    0.0003090510962539603
82    24    0.0002899330426344892
82    25    0.0002715304310323127
82    26    0.0002538495058884777
82    27    0.0002368934337156172
82    28    0.00022066257088111576
82    29    0.00020515470626585267
82    30    0.00019036528243490534
82    31    0.00017628759835161052
82    32    0.0001629129961725344
82    33    0.0001502310342561959
82    34    0.00013822964818490134
82    35    0.00012689530131977943
82    36    0.00011621312618337596
82    37    0.0001061670577612824
82    38    0.00009673995965990456
82    39    0.00008791374391317636
82    40    0.00007966948511432864
82    41    0.00007198752944762763
82    42    0.00006484759910734781
82    43    0.00005822889251576498
82    44    0.00005211018068550556
82    45    0.00004646990001433868
82    46    0.00004128624174864083
82    47    0.00003653723830682717
82    48    0.00003220084661348187
82    49    0.00002825502855782051
82    50    0.00002467782865710714
82    51    0.000021447448975520214
82    52    0.000018542321319916102
82    53    0.000015941176708713023
82    54    0.000013623112084633113
82    55    0.000011567654218976428
82    56    9.754820732618993e-6
82    57    8.165178137062315e-6
82    58    6.7798967776626395e-6
82    59    5.580802540249949e-6
82    60    4.550425161580529e-6
82    61    3.672042963058893e-6
82    62    2.9297238062003583e-6
82    63    2.308362046807051e-6
82    64    1.793711242686541e-6
82    65    1.372412347356019e-6
82    66    1.032017098251436e-6
82    67    7.610062838401068e-7
82    68    5.488025478993249e-7
82    69    3.8577736266831806e-7
82    70    2.632517736038552e-7
82    71    1.734904887500395e-7
82    72    1.0968885321816748e-7
82    73    6.595221515333351e-8
82    74    3.7267153516796736e-8
82    75    1.946399810422504e-8
82    76    9.170031102670948e-9
82    77    3.752713794465793e-9
82    78    1.2522338491529066e-9
82    79    3.026161132715053e-10
83    12    0.0006137375775718926
83    13    0.0005856360875713977
83    14    0.0005580195509227139
83    15    0.0005309420711944661
83    16    0.0005044513440404764
83    17    0.00047858891552403175
83    18    0.00045339055277781085
83    19    0.00042888665266201115
83    20    0.0004051026512209418
83    21    0.0003820594159307688
83    22    0.00035977361294096976
83    23    0.0003382580466076839
83    24    0.00031752197159134164
83    25    0.0002975713789865684
83    26    0.0002784092586096663
83    27    0.00026003583974570053
83    28    0.00024244881262956057
83    29    0.00022564353279852024
83    30    0.0002096132102701649
83    31    0.00019434908529962757
83    32    0.0001798405922742682
83    33    0.00016607551311920884
83    34    0.00015304012141821962
83    35    0.00014071931830285598
83    36    0.00012909676102635168
83    37    0.00011815498502220067
83    38    0.00010787552013591369
83    39    0.00009823900163146988
83    40    0.00008922527648782969
83    41    0.00008081350542966169
83    42    0.00007298226107253916
83    43    0.00006570962250563076
83    44    0.00005897326658442014
83    45    0.000052750556161091256
83    46    0.000047018625439127846
83    47    0.000041754462602833746
83    48    0.000036934989838247455
83    49    0.00003253714083274476
83    50    0.00002853793581169382
83    51    0.000024914554145515745
83    52    0.000021644404535881713
83    53    0.000018705192767229372
83    54    0.00001607498698841233
83    55    0.000013732280468665198
83    56    0.000011656051751867574
83    57    9.825822114247027e-6
83    58    8.221710211286809e-6
83    59    6.824483781065887e-6
83    60    5.615608251834369e-6
83    61    4.577292083993525e-6
83    62    3.6925286557835534e-6
83    63    2.945134484037828e-6
83    64    2.3197835502038906e-6
83    65    1.8020374816157756e-6
83    66    1.3783713163305893e-6
83    67    1.0361945574079418e-6
83    68    7.638671990791034e-7
83    69    5.507103822433568e-7
83    70    3.8701131107723523e-7
83    71    2.6402203449463825e-7
83    72    1.7395166683555396e-7
83    73    1.099515913368703e-7
83    74    6.609315598991944e-8
83    75    3.733733592797931e-8
83    76    1.949579838958952e-8
83    77    9.182764735822487e-9
83    78    3.757020193196739e-9
83    79    1.2533739633173475e-9
83    80    3.0282106811457797e-10
84    12    0.0006726626181326277
84    13    0.000641266229900538
84    14    0.0006105860715801993
84    15    0.0005806439104527753
84    16    0.0005514626093515168
84    17    0.0005230641731708648
84    18    0.000495468618185243
84    19    0.00046869350606450113
84    20    0.0004427535680963812
84    21    0.0004176606630419688
84    22    0.00039342377854439237
84    23    0.00037004910567650987
84    24    0.00034754014991513404
84    25    0.00032589786213086086
84    26    0.00030512077945066913
84    27    0.0002852051697009428
84    28    0.00026614517557731757
84    29    0.00024793295623898304
84    30    0.0002305588250157285
84    31    0.00021401138254850227
84    32    0.0001982776450854838
84    33    0.0001833431679054347
84    34    0.00016919216399263124
84    35    0.0001558076181746692
84    36    0.0001431713969797646
84    37    0.0001312643544873998
84    38    0.00012006643444810184
84    39    0.00010955676893354461
84    40    0.00009971377376437051
84    41    0.00009051524093859421
84    42    0.00008193842826094418
84    43    0.00007396014634865333
84    44    0.00006655684316490345
84    45    0.000059704686207235196
84    46    0.00005337964245459014
84    47    0.00004755755615525196
84    48    0.000042214224515487215
84    49    0.000037325471329460696
84    50    0.00003286721857051333
84    51    0.000028815555945625386
84    52    0.00002514680839686492
84    53    0.00002183760151601222
84    54    0.000018864924821190076
84    55    0.00001620619282918388
84    56    0.000013839303838432464
84    57    0.00001174269632368571
84    58    9.895402826169559e-6
84    59    8.277101206922028e-6
84    60    6.868163114707395e-6
84    61    5.649699503664871e-6
84    62    4.603603018261684e-6
84    63    3.7125870465251795e-6
84    64    2.9602212235205874e-6
84    65    2.330963149521061e-6
84    66    1.8101860669590028e-6
84    67    1.3842022203611929e-6
84    68    1.0402816023621792e-6
84    69    7.666657654095763e-7
84    70    5.525763564859558e-7
84    71    3.8821800547195583e-7
84    72    2.647751721229952e-7
84    73    1.7440252740664425e-7
84    74    1.1020841478266222e-7
84    75    6.623090460031782e-8
84    76    3.7405919224018776e-8
84    77    1.9526869845858944e-8
84    78    9.195204847367827e-9
84    79    3.761226771138591e-9
84    80    1.254487513809011e-9
84    81    3.030212264015708e-10
85    12    0.0007383141508498355
85    13    0.0007029759043671601
85    14    0.0006686880533018634
85    15    0.0006354156863226945
85    16    0.0006031398618897015
85    17    0.0005718507833090569
85    18    0.0005415436995947105
85    19    0.0005122163785529091
85    20    0.00048386752194766117
85    21    0.0004564957630041301
85    22    0.00043009903335239157
85    23    0.00040467416907984273
85    24    0.0003802166744101364
85    25    0.000356720590552718
85    26    0.0003341784354771957
85    27    0.00031258119183288306
85    28    0.0002919183276575951
85    29    0.00027217783940253285
85    30    0.00025334631006407006
85    31    0.00023540897742062964
85    32    0.00021834980888771872
85    33    0.0002021515805490414
85    34    0.00018679595865237693
85    35    0.00017226358237058253
85    36    0.00015853414698918468
85    37    0.0001455864869374938
85    38    0.000133398658260139
85    39    0.00012194802025451548
85    40    0.00011121131608676022
85    41    0.00010116475226335458
85    42    0.00009178407687505111
85    43    0.00008304465655963495
85    44    0.00007492155214529645
85    45    0.00006738959294744126
85    46    0.00006042344969491956
85    47    0.000053997706061568314
85    48    0.00004808692877603831
85    49    0.00004266573627735739
85    50    0.00003770886587650209
85    51    0.000033191239376033726
85    52    0.000029088027090746584
85    53    0.00002537471020205621
85    54    0.00002202714136837608
85    55    0.000019021603502952053
85    56    0.00001633486661822359
85    57    0.0000139442426250268
85    58    0.000011827637961498643
85    59    9.963603914357027e-6
85    60    8.33138448178524e-6
85    61    6.9109616131458125e-6
85    62    5.683097646892301e-6
85    63    4.629374752294869e-6
85    64    3.7322311661612766e-6
85    65    2.9749939980463305e-6
85    66    2.341908361146681e-6
85    67    1.818162567676433e-6
85    68    1.3899091083454442e-6
85    69    1.0442811151860608e-6
85    70    7.694039861315878e-7
85    71    5.54401825967631e-7
85    72    3.8939833481206803e-7
85    73    2.65511749053028e-7
85    74    1.748434117718852e-7
85    75    1.1045952052674315e-7
85    76    6.636556798917671e-8
85    77    3.747295734317039e-8
85    78    1.9557237185320503e-8
85    79    9.20736144118627e-9
85    80    3.765336936607365e-9
85    81    1.255575399298722e-9
85    82    3.032167395588876e-10
86    12    0.0008119373751793448
86    13    0.0007717863645080145
86    14    0.000733180569632969
86    15    0.0006959852224773903
86    16    0.0006601109826954185
86    17    0.0006254965063266981
86    18    0.0005920981123397741
86    19    0.0005598834013215929
86    20    0.0005288271853578692
86    21    0.0004989088251258091
86    22    0.0004701104533196787
86    23    0.00044241577214076467
86    24    0.00041580923196577596
86    25    0.0003902754682333053
86    26    0.0003657989164459538
86    27    0.00034236355192114766
86    28    0.00031995271807347
86    29    0.0002985490182428364
86    30    0.000278134253577827
86    31    0.00025868939457069197
86    32    0.00024019457734641793
86    33    0.00022262911825673138
86    34    0.0002059715420606862
86    35    0.0001901996202115074
86    36    0.0001752904166616911
86    37    0.0001612203392485032
86    38    0.00014796519519831529
86    39    0.00013550024964157156
86    40    0.00012380028628819712
86    41    0.00011283966961096739
86    42    0.00010259240802785404
86    43    0.00009303221768355143
86    44    0.0000841325865119045
86    45    0.00007586683832121326
86    46    0.0000682081966899884
86    47    0.00006112984849309254
86    48    0.000054605006902169594
86    49    0.000048606973721090414
86    50    0.00004310920092806625
86    51    0.00003808535130279755
86    52    0.00003350935802046265
86    53    0.000029355483094944052
86    54    0.00002559837455152222
86    55    0.00002221312220730046
86    56    0.000019175311929880843
86    57    0.000016461078241505645
86    58    0.000014047155126453878
86    59    0.000011910924891468526
86    60    0.000010030464920003963
86    61    8.384592149985417e-6
86    62    6.95290509457574e-6
86    63    5.715823212095833e-6
86    64    4.654623419816138e-6
86    65    3.751473531232637e-6
86    66    2.9894623825080847e-6
86    67    2.352626397673335e-6
86    68    1.82597232533522e-6
86    69    1.3954958620109033e-6
86    70    1.0481958579102518e-6
86    71    7.720837803386222e-7
86    72    5.561880885711209e-7
86    73    3.905531501087216e-7
86    74    2.6623230359474547e-7
86    75    1.7527464648116125e-7
86    76    1.107050969588243e-7
86    77    6.649724845484028e-8
86    78    3.7538501836365917e-8
86    79    1.9586924063982454e-8
86    80    9.219244101685842e-9
86    81    3.76935396492909e-9
86    82    1.256638495360007e-9
86    83    3.0340777474570685e-10
87    12    0.0008952126282478853
87    13    0.0008490293348448245
87    14    0.0008051490369206903
87    15    0.000763256585075509
87    16    0.0007231421022756532
87    17    0.000684659757930572
87    18    0.0006477043469084256
87    19    0.0006121972471811211
87    20    0.0005780776312318279
87    21    0.000545296771545722
87    22    0.0005138142455158474
87    23    0.00048359534725653464
87    24    0.00045460928959028976
87    25    0.00042682793643089725
87    26    0.0004002248991501706
87    27    0.00037477488754182847
87    28    0.00035045324188569385
87    29    0.0003272355957593202
87    30    0.00030509763449431705
87    31    0.0002840149244248502
87    32    0.000263962795084451
87    33    0.0002449162613764695
87    34    0.00022684997617553314
87    35    0.00020973820626667914
87    36    0.00019355482629809751
87    37    0.00017827332671512095
87    38    0.0001638668325950918
87    39    0.0001503081310102377
87    40    0.0001375697050771761
87    41    0.00012562377325011834
87    42    0.00011444233272123774
87    43    0.00010399720602197891
87    44    0.00009426009009787383
87    45    0.00008520260726652061
87    46    0.00007679635757382834
87    47    0.0000690129721452427
87    48    0.00006182416719189912
87    49    0.00005520179837997747
87    50    0.00004911791530858592
87    51    0.00004354481586967027
87    52    0.00003845510028454461
87    53    0.000033821724626835146
87    54    0.000029618053651603186
87    55    0.000025817912759508215
87    56    0.000022395638925012606
87    57    0.000019326130422372024
87    58    0.00001658489518016569
87    59    0.00001414809759292058
87    60    0.000011992603613328462
87    61    0.000010096023943710419
87    62    8.436755136448668e-6
87    63    6.994018406426234e-6
87    64    5.747895946874258e-6
87    65    4.679364531030054e-6
87    66    3.7703261683967106e-6
87    67    3.0036355726586543e-6
87    68    2.3631241829004737e-6
87    69    1.8336204652149091e-6
87    70    1.4009662045009707e-6
87    71    1.0520284785811159e-6
87    72    7.747069871909775e-7
87    73    5.57936387653438e-7
87    74    3.916832663281471e-7
87    75    2.669373511430732e-7
87    76    1.7569654403578595e-7
87    77    1.1094532433719789e-7
87    78    6.662604391132323e-8
87    79    3.7602602037049216e-8
87    80    1.9615953102529265e-8
87    81    9.230861990920694e-9
87    82    3.773281015982522e-9
87    83    1.2576776572555978e-9
87    84    3.0359449230235076e-10
88    12    0.0009905204391345175
88    13    0.0009365070671486139
88    14    0.0008860121133289298
88    15    0.0008383795433349697
88    16    0.0007931863536120415
88    17    0.0007501449873479877
88    18    0.0007090513530638059
88    19    0.0006697551293460899
88    20    0.0006321418432123858
88    21    0.0005961215674087891
88    22    0.000561621532285781
88    23    0.0005285811516525769
88    24    0.0004969485911043872
88    25    0.00046667835178436476
88    26    0.0004377295402327381
88    27    0.00041006461233384636
88    28    0.0003836484514012033
88    29    0.0003584476858979279
88    30    0.0003344301817017809
88    31    0.0003115646632774471
88    32    0.0002898204312440653
88    33    0.00026916715284009394
88    34    0.0002495747080791321
88    35    0.00023101307884510622
88    36    0.00021345227137290404
88    37    0.00019686226488266996
88    38    0.00018121298084174052
88    39    0.00016647426859363608
88    40    0.00015261590404084955
88    41    0.000139607598784476
88    42    0.0001274190176672681
88    43    0.00011601980308464825
88    44    0.00010537960475030122
88    45    0.00009546811385151154
88    46    0.00008625510072500132
88    47    0.00007771045533529485
88    48    0.00006980422995753565
88    49    0.00006250668356021643
88    50    0.00005578832745746695
88    51    0.00004961997185836444
88    52    0.00004397277298658971
88    53    0.00003881828047921071
88    54    0.000034128484800043205
88    55    0.000029875864427420975
88    56    0.000026033432585185595
88    57    0.000022574783304629507
88    58    0.000019474136606901803
88    59    0.000016706382603084034
88    60    0.0000142471243087639
88    61    0.00001207271897173652
88    62    0.000010160317706761021
88    63    8.487903228601438e-6
88    64    7.034325468604981e-6
88    65    5.7793348513600985e-6
88    66    4.703613001329065e-6
88    67    3.7888006374398754e-6
88    68    3.017522403019894e-6
88    69    2.3734083656503504e-6
88    70    1.8411119069937577e-6
88    71    1.4063237079974555e-6
88    72    1.055781516863418e-6
88    73    7.772753699289199e-7
88    74    5.596479147932039e-7
88    75    3.9278946419450674e-7
88    76    2.676273852189931e-7
88    77    1.761094035583693e-7
88    78    1.1118037513661183e-7
88    79    6.675204792157206e-8
88    80    3.766530506672938e-8
88    81    1.964434586039977e-8
88    82    9.242223845931283e-9
88    83    3.7771210463556e-9
88    84    1.2586936685049967e-9
88    85    3.037770244636726e-10
89    12    0.0011014658399361751
89    13    0.0010367809747797744
89    14    0.0009776946025602613
89    15    0.0009228599802769124
89    16    0.0008714579755976703
89    17    0.0008229544210995774
89    18    0.00077698187888444
89    19    0.0007332764780393485
89    20    0.0006916417033674645
89    21    0.0006519264496555998
89    22    0.0006140111136533227
89    23    0.0005777984527356474
89    24    0.000543207391979152
89    25    0.0005101687212884483
89    26    0.0004786220414635441
89    27    0.0004485135574755312
89    28    0.0004197944597065483
89    29    0.00039241972150236786
89    30    0.00036634719677783973
89    31    0.00034153693733026465
89    32    0.0003179506733284739
89    33    0.0002955514165504274
89    34    0.0002743031570336032
89    35    0.00025417063156479716
89    36    0.00023511914795045698
89    37    0.00021711445297834382
89    38    0.00020012263487539412
89    39    0.0001841100531994251
89    40    0.0001690432906911745
89    41    0.00015488912280795235
89    42    0.00014161450156655977
89    43    0.00012918655101550204
89    44    0.0001175725721912211
89    45    0.00010674005582642845
89    46    0.00009665670140189963
89    47    0.00008729044138641056
89    48    0.00007860946970936661
89    49    0.00007058227366854102
89    50    0.00006317766860112827
89    51    0.00005636483474592945
89    52    0.000050113355804269415
89    53    0.00004439325877105717
89    54    0.000039175054655513456
89    55    0.00003442977975795189
89    56    0.00003012903718869049
89    57    0.000026245038352254773
89    58    0.00002275064413064643
89    59    0.000019619405516478876
89    60    0.000016825603456360456
89    61    0.000014344287671312886
89    62    0.000012151314224749837
89    63    0.000010223381609732836
89    64    8.538065126110937e-6
89    65    7.073849314909861e-6
89    66    5.8101582122396785e-6
89    67    4.727383178984176e-6
89    68    3.8069080533449967e-6
89    69    3.0311313644402428e-6
89    70    2.3834853332720553e-6
89    71    1.8484513748756715e-6
89    72    1.4115718014178528e-6
89    73    1.0594574096828398e-6
89    74    7.797906197843287e-7
89    75    5.613238125134424e-7
89    76    3.9387249203911466e-7
89    77    2.683028787193973e-7
89    78    1.7651351162413346e-7
89    79    1.1141041451346032e-7
89    80    6.687535010169486e-8
89    81    3.7726656059075394e-8
89    82    1.9672123039244286e-8
89    83    9.253338026719425e-9
89    84    3.78087692831622e-9
89    85    1.2596873009040919e-9
89    86    3.039555144904032e-10
90    12    0.0012340566717186576
90    13    0.0011537438995326962
90    14    0.0010829398501208726
90    15    0.0010187457148386795
90    16    0.0009595502636851891
90    17    0.0009043668195952029
90    18    0.0008525472288859739
90    19    0.0008036422918929366
90    20    0.000757327059608532
90    21    0.0007133579016615222
90    22    0.0006715464125593484
90    23    0.0006317428209696868
90    24    0.000593825044341076
90    25    0.0005576912428893725
90    26    0.000523254621866842
90    27    0.0004904397231788346
90    28    0.00045917972999857015
90    29    0.0004294144764305425
90    30    0.00040108895792424835
90    31    0.0003741522037770807
90    32    0.0003485564156860562
90    33    0.0003242563046110198
90    34    0.00030120857738807926
90    35    0.00027937153776009616
90    36    0.0002587047757691744
90    37    0.00023916892605831315
90    38    0.00022072548039456312
90    39    0.00020333664320628395
90    40    0.00018696522149920828
90    41    0.0001715745424368931
90    42    0.0001571283933188061
90    43    0.0001435909797916599
90    44    0.0001309268989741274
90    45    0.0001191011248286489
90    46    0.00010807900362222591
90    47    0.00009782625771616848
90    48    0.00008830899623874883
90    49    0.00007949373144270024
90    50    0.00007134739974760436
90    51    0.00006383738662441982
90    52    0.000056931554606645725
90    53    0.000050598273813584835
90    54    0.00004480645445043747
90    55    0.000039525580825793296
90    56    0.00003472574646048714
90    57    0.000030377689925330066
90    58    0.000026452831064952604
90    59    0.000022923307295647188
90    60    0.000019762009686872247
90    61    0.000016942618549454456
90    62    0.000014439638266335128
90    63    0.000012228431109088265
90    64    0.000010285249788351118
90    65    8.587268487838593e-6
90    66    7.112612132150264e-6
90    67    5.840383635055429e-6
90    68    4.750688871127432e-6
90    69    3.824659106955959e-6
90    70    3.0444706200897795e-6
90    71    2.393361224105652e-6
90    72    1.855643407121927e-6
90    73    1.4167137774670203e-6
90    74    1.0630584962173284e-6
90    75    7.822543596371174e-7
90    76    5.629651767505548e-7
90    77    3.9493306747792083e-7
90    78    2.689642849987144e-7
90    79    1.769091428331428e-7
90    80    1.1163560074272147e-7
90    81    6.699603632377022e-8
90    82    3.778669823631456e-8
90    83    1.969930442023298e-8
90    84    9.264212548705317e-9
90    85    3.784551396208071e-9
90    86    1.2606592826977294e-9
90    87    3.0413009918070065e-10
91    12    0.001399848694736161
91    13    0.0012939092723871916
91    14    0.0012059303584460684
91    15    0.0011289628000751076
91    16    0.0010596343603052724
91    17    0.0009960629843657801
91    18    0.0009370906780665638
91    19    0.0008819528998541599
91    20    0.0008301170876275171
91    21    0.0007811961089014024
91    22    0.0007348984338885628
91    23    0.0006909977892459859
91    24    0.0006493138183100281
91    25    0.0006096992884324902
91    26    0.0005720313626358364
91    27    0.0005362054867627335
91    28    0.000502131012286164
91    29    0.0004697280018936542
91    30    0.00043892485995653766
91    31    0.00040965655012510123
91    32    0.0003818632384375428
91    33    0.0003554892498291752
91    34    0.00033048225883487725
91    35    0.00030679265760030284
91    36    0.0002843730597365188
91    37    0.000263177909380497
91    38    0.000243163172542075
91    39    0.00022428609339571195
91    40    0.00020650500225579673
91    41    0.00018977916499593602
91    42    0.00017406866593161436
91    43    0.0001593343178935574
91    44    0.00014553759452006298
91    45    0.00013264058079679377
91    46    0.00012060593864803055
91    47    0.00010939688498737515
91    48    0.00009897718011083625
91    49    0.00008931112469069791
91    50    0.00008036356392594166
91    51    0.00007209989764330577
91    52    0.00006448609533359145
91    53    0.00005748871526208144
91    54    0.00005107492690946108
91    55    0.000045212536119395867
91    56    0.00003987001237679171
91    57    0.000035016517737881137
91    58    0.00003062193697284733
91    59    0.00002665690852158969
91    60    0.000023092855904036896
91    61    0.000019902019250189815
91    62    0.000017057486637702855
91    63    0.000014533224940253376
91    64    0.00001230410990267451
91    65    0.000010345955166650164
91    66    8.63553997659911e-6
91    67    7.150635297242431e-6
91    68    5.870028074350819e-6
91    69    4.773543368251416e-6
91    70    3.8420640845993145e-6
91    71    3.057548020949341e-6
91    72    2.4030419393121417e-6
91    73    1.8626923648682628e-6
91    74    1.4217527991153386e-6
91    75    1.0665870227171282e-6
91    76    7.846681473147746e-7
91    77    5.645730592351943e-7
91    78    3.959718788857725e-7
91    79    2.6961203880181073e-7
91    80    1.7729656046562107e-7
91    81    1.1185608546545076e-7
91    82    6.711418880187775e-8
91    83    3.784547298059753e-8
91    84    1.9725908945961553e-8
91    85    9.274855069339376e-9
91    86    3.788147072848394e-9
91    87    1.2616103200415997e-9
91    88    3.043009029246594e-10
92    12    0.0016258707002135702
92    13    0.0014698604143523375
92    14    0.0013536887661092295
92    15    0.0012579847907766785
92    16    0.0011748195616172277
92    17    0.0011003375565614808
92    18    0.0010323805482577164
92    19    0.0009696160339969557
92    20    0.0009111610535940959
92    21    0.0008563983277510702
92    22    0.0008048776048895058
92    23    0.0007562587931802568
92    24    0.0007102772728333604
92    25    0.0006667217512239834
92    26    0.0006254195861622152
92    27    0.0005862267503460323
92    28    0.0005490207861343001
92    29    0.0005136957473081203
92    30    0.00048015849677297286
92    31    0.0004483259513249141
92    32    0.0004181230015705609
92    33    0.00038948092197030044
92    34    0.0003623361424964749
92    35    0.0003366292910041487
92    36    0.0003123044409465064
92    37    0.0002893085167204468
92    38    0.00026759082133797035
92    39    0.0002471026599744898
92    40    0.00022779703935040988
92    41    0.00020962842759652433
92    42    0.00019255256273078696
92    43    0.00017652630048012785
92    44    0.0001615074941513749
92    45    0.00014745490076014132
92    46    0.00013432810878443927
92    47    0.00012208748380939792
92    48    0.00011069412903073326
92    49    0.00010010985813842127
92    50    0.00009029717853846162
92    51    0.00008121928322003909
92    52    0.00007284004985288106
92    53    0.00006512404592621801
92    54    0.000058036538909735255
92    55    0.000051543510601562446
92    56    0.00004561167487189844
92    57    0.000040208498201464185
92    58    0.00003530222241737666
92    59    0.00003086188913119293
92    60    0.00002685736542456001
92    61    0.000023259370372116032
92    62    0.000020039502024481816
92    63    0.000017170264501831397
92    64    0.000014625094869683998
92    65    0.000012378389484238314
92    66    0.000010405529507779567
92    67    8.682905301908702e-6
92    68    7.187939412708705e-6
92    69    5.89910786288606e-6
92    70    4.795959467661486e-6
92    71    3.859132886573355e-6
92    72    3.070371120294613e-6
92    73    2.4125331540430216e-6
92    74    1.8696024406370234e-6
92    75    1.4266919059575068e-6
92    76    1.0700451470371537e-6
92    77    7.870334788078364e-7
92    78    5.661484695033714e-7
92    79    3.9698958690332987e-7
92    80    2.702465571934946e-7
92    81    1.7767601701102603e-7
92    82    1.1207201410091102e-7
92    83    6.722988638046586e-8
92    84    3.7903019949520514e-8
92    85    1.9751954768485377e-8
92    86    9.285272935244996e-9
92    87    3.791666450166396e-9
92    88    1.2625410732597476e-9
92    89    3.044680456849268e-10
93    12    0.001973148446427031
93    13    0.001711155830621019
93    14    0.001539834147685034
93    15    0.001413346292938388
93    16    0.0013098714606213564
93    17    0.0012204833941200023
93    18    0.0011408350282577171
93    19    0.001068487474855452
93    20    0.001001931042189813
93    21    0.0009401626442220917
93    22    0.0008824791459729265
93    23    0.0008283663920013195
93    24    0.0007774351736417612
93    25    0.0007293821253461917
93    26    0.000683964727379206
93    27    0.0006409847139636723
93    28    0.0006002767095037149
93    29    0.0005617002363733554
93    30    0.0005251339652566982
93    31    0.0004904714974609894
93    32    0.000457618218456562
93    33    0.00042648891599766285
93    34    0.0003970059539814548
93    35    0.00036909785686878234
93    36    0.0003426982018791599
93    37    0.00031774474497116176
93    38    0.000294178726546971
93    39    0.00027194431683753926
93    40    0.0002509881709356546
93    41    0.00023125907069283417
93    42    0.0002127076360102271
93    43    0.00019528609199676183
93    44    0.00017894808142321627
93    45    0.00016364851414030782
93    46    0.0001493434468387119
93    47    0.00013598998784818665
93    48    0.0001235462226971471
93    49    0.00011197115695529468
93    50    0.00010122467351451145
93    51    0.0000912675019624909
93    52    0.00008206119810818114
93    53    0.00007356813200886689
93    54    0.00006575148319602536
93    55    0.000058575241853851176
93    56    0.00005200421501704408
93    57    0.00004600403693282354
93    58    0.000040541182828268804
93    59    0.000035582985447111945
93    60    0.00003109765378145413
93    61    0.000027054293487614205
93    62    0.00002342292852532053
93    63    0.000020174523600530033
93    64    0.00001728100702438533
93    65    0.000014715293627709355
93    66    0.000012451307390581122
93    67    0.000010464003462546757
93    68    8.729389260622466e-6
93    69    7.224544340244456e-6
93    70    5.9276387389750945e-6
93    71    4.817949495557117e-6
93    72    3.875875044768361e-6
93    73    3.0829471874176685e-6
93    74    2.4218403279667696e-6
93    75    1.876377666324705e-6
93    76    1.4315340200721906e-6
93    77    1.0734349429072757e-6
93    78    7.893517913443836e-7
93    79    5.676923772445962e-7
93    80    3.979868257905841e-7
93    81    2.708682405308422e-7
93    82    1.7804775477406772e-7
93    83    1.1228352611998718e-7
93    84    6.734320464383313e-8
93    85    3.795937716066568e-8
93    86    1.9777459287064697e-8
93    87    9.295473157922078e-9
93    88    3.795111935518275e-9
93    89    1.2634521839933693e-9
93    90    3.046316388749187e-10
