#### log(omega_b) integral_value
-5.397940008672037 -0.999998528114939
-5.392932142806409 -0.999998511643854
-5.387924276940780 -0.999998494981750
-5.382916411075152 -0.999998478126413
-5.377908545209523 -0.999998461075601
-5.372900679343894 -0.999998443827048
-5.367892813478266 -0.999998426378461
-5.362884947612637 -0.999998408727519
-5.357877081747008 -0.999998390871877
-5.352869215881380 -0.999998372809160
-5.347861350015751 -0.999998354536968
-5.342853484150122 -0.999998336052871
-5.337845618284493 -0.999998317354411
-5.332837752418865 -0.999998298439102
-5.327829886553236 -0.999998279304431
-5.322822020687607 -0.999998259947854
-5.317814154821979 -0.999998240366796
-5.312806288956350 -0.999998220558655
-5.307798423090721 -0.999998200520797
-5.302790557225093 -0.999998180250559
-5.297782691359464 -0.999998159745245
-5.292774825493835 -0.999998139002131
-5.287766959628206 -0.999998118018457
-5.282759093762578 -0.999998096791436
-5.277751227896949 -0.999998075318243
-5.272743362031320 -0.999998053596026
-5.267735496165692 -0.999998031621896
-5.262727630300063 -0.999998009392932
-5.257719764434434 -0.999997986906179
-5.252711898568805 -0.999997964158647
-5.247704032703177 -0.999997941147312
-5.242696166837548 -0.999997917869117
-5.237688300971919 -0.999997894320964
-5.232680435106291 -0.999997870499725
-5.227672569240662 -0.999997846402233
-5.222664703375033 -0.999997822025284
-5.217656837509404 -0.999997797365637
-5.212648971643776 -0.999997772420015
-5.207641105778147 -0.999997747185100
-5.202633239912518 -0.999997721657540
-5.197625374046890 -0.999997695833939
-5.192617508181261 -0.999997669710865
-5.187609642315632 -0.999997643284846
-5.182601776450003 -0.999997616552369
-5.177593910584375 -0.999997589509879
-5.172586044718746 -0.999997562153782
-5.167578178853117 -0.999997534480442
-5.162570312987489 -0.999997506486179
-5.157562447121860 -0.999997478167273
-5.152554581256231 -0.999997449519959
-5.147546715390602 -0.999997420540429
-5.142538849524974 -0.999997391224829
-5.137530983659345 -0.999997361569264
-5.132523117793716 -0.999997331569792
-5.127515251928088 -0.999997301222424
-5.122507386062459 -0.999997270523127
-5.117499520196830 -0.999997239467819
-5.112491654331201 -0.999997208052373
-5.107483788465573 -0.999997176272612
-5.102475922599944 -0.999997144124311
-5.097468056734315 -0.999997111603199
-5.092460190868687 -0.999997078704951
-5.087452325003058 -0.999997045425195
-5.082444459137429 -0.999997011759506
-5.077436593271800 -0.999996977703410
-5.072428727406172 -0.999996943252380
-5.067420861540543 -0.999996908401837
-5.062412995674914 -0.999996873147147
-5.057405129809286 -0.999996837483625
-5.052397263943657 -0.999996801406530
-5.047389398078028 -0.999996764911067
-5.042381532212399 -0.999996727992384
-5.037373666346771 -0.999996690645575
-5.032365800481142 -0.999996652865675
-5.027357934615513 -0.999996614647661
-5.022350068749885 -0.999996575986456
-5.017342202884256 -0.999996536876919
-5.012334337018627 -0.999996497313852
-5.007326471152999 -0.999996457291996
-5.002318605287370 -0.999996416806033
-4.997310739421741 -0.999996375850579
-4.992302873556112 -0.999996334420193
-4.987295007690484 -0.999996292509366
-4.982287141824855 -0.999996250112529
-4.977279275959226 -0.999996207224045
-4.972271410093598 -0.999996163838216
-4.967263544227969 -0.999996119949273
-4.962255678362340 -0.999996075551384
-4.957247812496711 -0.999996030638647
-4.952239946631083 -0.999995985205094
-4.947232080765454 -0.999995939244684
-4.942224214899825 -0.999995892751311
-4.937216349034197 -0.999995845718793
-4.932208483168568 -0.999995798140880
-4.927200617302939 -0.999995750011249
-4.922192751437310 -0.999995701323503
-4.917184885571682 -0.999995652071170
-4.912177019706053 -0.999995602247705
-4.907169153840425 -0.999995551846485
-4.902161287974796 -0.999995500860813
-4.897153422109167 -0.999995449283911
-4.892145556243539 -0.999995397108925
-4.887137690377910 -0.999995344328921
-4.882129824512282 -0.999995290936885
-4.877121958646653 -0.999995236925719
-4.872114092781024 -0.999995182288246
-4.867106226915396 -0.999995127017205
-4.862098361049767 -0.999995071105249
-4.857090495184138 -0.999995014544950
-4.852082629318510 -0.999994957328788
-4.847074763452881 -0.999994899449161
-4.842066897587252 -0.999994840898377
-4.837059031721623 -0.999994781668654
-4.832051165855995 -0.999994721752120
-4.827043299990366 -0.999994661140815
-4.822035434124737 -0.999994599826681
-4.817027568259109 -0.999994537801572
-4.812019702393480 -0.999994475057244
-4.807011836527851 -0.999994411585360
-4.802003970662222 -0.999994347377484
-4.796996104796594 -0.999994282425084
-4.791988238930965 -0.999994216719528
-4.786980373065336 -0.999994150252085
-4.781972507199708 -0.999994083013923
-4.776964641334079 -0.999994014996106
-4.771956775468450 -0.999993946189595
-4.766948909602821 -0.999993876585248
-4.761941043737193 -0.999993806173814
-4.756933177871564 -0.999993734945939
-4.751925312005935 -0.999993662892156
-4.746917446140307 -0.999993590002891
-4.741909580274678 -0.999993516268458
-4.736901714409049 -0.999993441679061
-4.731893848543420 -0.999993366224787
-4.726885982677792 -0.999993289895611
-4.721878116812163 -0.999993212681390
-4.716870250946534 -0.999993134571864
-4.711862385080906 -0.999993055556655
-4.706854519215277 -0.999992975625263
-4.701846653349648 -0.999992894767069
-4.696838787484019 -0.999992812971328
-4.691830921618391 -0.999992730227172
-4.686823055752762 -0.999992646523608
-4.681815189887133 -0.999992561849513
-4.676807324021505 -0.999992476193639
-4.671799458155876 -0.999992389544602
-4.666791592290247 -0.999992301890892
-4.661783726424618 -0.999992213220863
-4.656775860558990 -0.999992123522733
-4.651767994693361 -0.999992032784585
-4.646760128827732 -0.999991940994365
-4.641752262962104 -0.999991848139876
-4.636744397096475 -0.999991754208783
-4.631736531230846 -0.999991659188606
-4.626728665365217 -0.999991563066722
-4.621720799499589 -0.999991465830360
-4.616712933633960 -0.999991367466603
-4.611705067768331 -0.999991267962383
-4.606697201902703 -0.999991167304481
-4.601689336037074 -0.999991065479525
-4.596681470171445 -0.999990962473987
-4.591673604305816 -0.999990858274185
-4.586665738440188 -0.999990752866275
-4.581657872574559 -0.999990646236255
-4.576650006708930 -0.999990538369962
-4.571642140843302 -0.999990429253064
-4.566634274977673 -0.999990318871069
-4.561626409112044 -0.999990207209312
-4.556618543246415 -0.999990094252963
-4.551610677380787 -0.999989979987015
-4.546602811515158 -0.999989864396292
-4.541594945649529 -0.999989747465439
-4.536587079783901 -0.999989629178924
-4.531579213918272 -0.999989509521036
-4.526571348052643 -0.999989388475882
-4.521563482187015 -0.999989266027383
-4.516555616321386 -0.999989142159276
-4.511547750455757 -0.999989016855109
-4.506539884590129 -0.999988890098239
-4.501532018724500 -0.999988761871830
-4.496524152858871 -0.999988632158851
-4.491516286993242 -0.999988500942077
-4.486508421127614 -0.999988368204078
-4.481500555261985 -0.999988233927227
-4.476492689396356 -0.999988098093689
-4.471484823530728 -0.999987960685427
-4.466476957665099 -0.999987821684190
-4.461469091799470 -0.999987681071520
-4.456461225933841 -0.999987538828743
-4.451453360068213 -0.999987394936969
-4.446445494202584 -0.999987249377089
-4.441437628336955 -0.999987102129774
-4.436429762471327 -0.999986953175471
-4.431421896605698 -0.999986802494400
-4.426414030740069 -0.999986650066552
-4.421406164874440 -0.999986495871686
-4.416398299008812 -0.999986339889327
-4.411390433143183 -0.999986182098765
-4.406382567277555 -0.999986022479046
-4.401374701411926 -0.999985861008977
-4.396366835546297 -0.999985697667118
-4.391358969680669 -0.999985532431782
-4.386351103815040 -0.999985365281030
-4.381343237949411 -0.999985196192669
-4.376335372083783 -0.999985025144250
-4.371327506218154 -0.999984852113063
-4.366319640352526 -0.999984677076136
-4.361311774486897 -0.999984500010230
-4.356303908621268 -0.999984320891840
-4.351296042755639 -0.999984139697184
-4.346288176890011 -0.999983956402209
-4.341280311024382 -0.999983770982583
-4.336272445158753 -0.999983583413691
-4.331264579293125 -0.999983393670633
-4.326256713427496 -0.999983201728222
-4.321248847561867 -0.999983007560979
-4.316240981696238 -0.999982811143131
-4.311233115830610 -0.999982612448606
-4.306225249964981 -0.999982411451029
-4.301217384099352 -0.999982208123722
-4.296209518233724 -0.999982002439698
-4.291201652368095 -0.999981794371657
-4.286193786502466 -0.999981583891983
-4.281185920636837 -0.999981370972741
-4.276178054771209 -0.999981155585673
-4.271170188905580 -0.999980937702193
-4.266162323039951 -0.999980717293385
-4.261154457174323 -0.999980494330000
-4.256146591308694 -0.999980268782448
-4.251138725443065 -0.999980043194900
-4.246130859577436 -0.999979812437260
-4.241122993711808 -0.999979579005482
-4.236115127846179 -0.999979342868598
-4.231107261980550 -0.999979103995283
-4.226099396114922 -0.999978862353848
-4.221091530249293 -0.999978617912239
-4.216083664383664 -0.999978370638031
-4.211075798518035 -0.999978120498423
-4.206067932652407 -0.999977867460237
-4.201060066786778 -0.999977611489909
-4.196052200921150 -0.999977352553488
-4.191044335055521 -0.999977090616630
-4.186036469189892 -0.999976825644595
-4.181028603324263 -0.999976557602240
-4.176020737458634 -0.999976286454015
-4.171012871593006 -0.999976012163962
-4.166005005727377 -0.999975734695705
-4.160997139861749 -0.999975454012448
-4.155989273996120 -0.999975170076969
-4.150981408130491 -0.999974882851617
-4.145973542264862 -0.999974592298304
-4.140965676399233 -0.999974298378504
-4.135957810533605 -0.999974001053245
-4.130949944667976 -0.999973700283103
-4.125942078802348 -0.999973396028198
-4.120934212936719 -0.999973088248194
-4.115926347071090 -0.999972776902282
-4.110918481205461 -0.999972461949187
-4.105910615339832 -0.999972143347154
-4.100902749474204 -0.999971821053945
-4.095894883608575 -0.999971495026837
-4.090887017742947 -0.999971165222610
-4.085879151877318 -0.999970831597547
-4.080871286011689 -0.999970494107425
-4.075863420146060 -0.999970152707509
-4.070855554280431 -0.999969807352549
-4.065847688414803 -0.999969457996771
-4.060839822549174 -0.999969104593872
-4.055831956683546 -0.999968747097016
-4.050824090817917 -0.999968385458824
-4.045816224952288 -0.999968019631370
-4.040808359086659 -0.999967649566175
-4.035800493221030 -0.999967275214199
-4.030792627355402 -0.999966896525839
-4.025784761489773 -0.999966513450913
-4.020776895624145 -0.999966125938666
-4.015769029758516 -0.999965733937752
-4.010761163892887 -0.999965337396235
-4.005753298027258 -0.999964936261577
-4.000745432161630 -0.999964530480635
-3.995737566296001 -0.999964119999653
-3.990729700430372 -0.999963704764251
-3.985721834564744 -0.999963284719425
-3.980713968699115 -0.999962859809534
-3.975706102833486 -0.999962429978295
-3.970698236967858 -0.999961995168775
-3.965690371102229 -0.999961555323384
-3.960682505236600 -0.999961110383868
-3.955674639370971 -0.999960660291300
-3.950666773505343 -0.999960204986072
-3.945658907639714 -0.999959744407888
-3.940651041774085 -0.999959278495759
-3.935643175908457 -0.999958807187989
-3.930635310042828 -0.999958330422172
-3.925627444177199 -0.999957848135179
-3.920619578311570 -0.999957360263157
-3.915611712445942 -0.999956866741514
-3.910603846580313 -0.999956367504910
-3.905595980714685 -0.999955862487256
-3.900588114849056 -0.999955351621699
-3.895580248983427 -0.999954834840613
-3.890572383117799 -0.999954312075593
-3.885564517252170 -0.999953783257446
-3.880556651386541 -0.999953248316180
-3.875548785520913 -0.999952707180995
-3.870540919655284 -0.999952159780277
-3.865533053789655 -0.999951606041583
-3.860525187924027 -0.999951045891637
-3.855517322058398 -0.999950479256317
-3.850509456192769 -0.999949906060647
-3.845501590327140 -0.999949326228786
-3.840493724461512 -0.999948739684018
-3.835485858595883 -0.999948146348744
-3.830477992730254 -0.999947546144470
-3.825470126864626 -0.999946938991797
-3.820462260998997 -0.999946324810411
-3.815454395133368 -0.999945703519072
-3.810446529267740 -0.999945075035605
-3.805438663402111 -0.999944439276886
-3.800430797536482 -0.999943796158835
-3.795422931670853 -0.999943145596402
-3.790415065805225 -0.999942487503557
-3.785407199939596 -0.999941821793280
-3.780399334073967 -0.999941148377548
-3.775391468208339 -0.999940467167322
-3.770383602342710 -0.999939778072541
-3.765375736477081 -0.999939081002105
-3.760367870611452 -0.999938375863863
-3.755360004745824 -0.999937662564605
-3.750352138880195 -0.999936941010047
-3.745344273014566 -0.999936211104819
-3.740336407148938 -0.999935472752454
-3.735328541283309 -0.999934725855372
-3.730320675417680 -0.999933970314871
-3.725312809552051 -0.999933206031114
-3.720304943686423 -0.999932432903113
-3.715297077820794 -0.999931650828718
-3.710289211955165 -0.999930859704603
-3.705281346089537 -0.999930059426253
-3.700273480223908 -0.999929249887952
-3.695265614358279 -0.999928430982765
-3.690257748492650 -0.999927602602528
-3.685249882627022 -0.999926764637833
-3.680242016761393 -0.999925916978010
-3.675234150895764 -0.999925059511121
-3.670226285030136 -0.999924192123937
-3.665218419164507 -0.999923314701928
-3.660210553298878 -0.999922427129246
-3.655202687433249 -0.999921529288710
-3.650194821567621 -0.999920621061796
-3.645186955701992 -0.999919702328611
-3.640179089836364 -0.999918772967887
-3.635171223970735 -0.999917832856962
-3.630163358105106 -0.999916881871764
-3.625155492239477 -0.999915919886794
-3.620147626373849 -0.999914946775109
-3.615139760508220 -0.999913962408312
-3.610131894642591 -0.999912966656526
-3.605124028776963 -0.999911959388384
-3.600116162911334 -0.999910940471008
-3.595108297045705 -0.999909909769996
-3.590100431180076 -0.999908867149401
-3.585092565314448 -0.999907812471712
-3.580084699448819 -0.999906745597842
-3.575076833583190 -0.999905666387106
-3.570068967717562 -0.999904574697202
-3.565061101851933 -0.999903470384197
-3.560053235986304 -0.999902353302502
-3.555045370120676 -0.999901223304859
-3.550037504255047 -0.999900080242320
-3.545029638389418 -0.999898923964226
-3.540021772523789 -0.999897754318189
-3.535013906658161 -0.999896571150074
-3.530006040792532 -0.999895374303976
-3.524998174926903 -0.999894163622201
-3.519990309061275 -0.999892938945249
-3.514982443195646 -0.999891700111786
-3.509974577330017 -0.999890446958630
-3.504966711464388 -0.999889179320728
-3.499958845598760 -0.999887897031134
-3.494950979733131 -0.999886599920987
-3.489943113867502 -0.999885287819492
-3.484935248001874 -0.999883960553893
-3.479927382136245 -0.999882617949458
-3.474919516270616 -0.999881259829448
-3.469911650404987 -0.999879886015102
-3.464903784539359 -0.999878496325610
-3.459895918673730 -0.999877090578089
-3.454888052808101 -0.999875668587563
-3.449880186942473 -0.999874230166937
-3.444872321076844 -0.999872775126971
-3.439864455211215 -0.999871303276261
-3.434856589345586 -0.999869814421209
-3.429848723479958 -0.999868308366002
-3.424840857614329 -0.999866784912585
-3.419832991748700 -0.999865243860636
-3.414825125883072 -0.999863685007540
-3.409817260017443 -0.999862108148364
-3.404809394151814 -0.999860513075830
-3.399801528286186 -0.999858899580289
-3.394793662420557 -0.999857267449693
-3.389785796554929 -0.999855616469570
-3.384777930689300 -0.999853946422995
-3.379770064823671 -0.999852257090561
-3.374762198958043 -0.999850548250355
-3.369754333092414 -0.999848819677925
-3.364746467226785 -0.999847071146256
-3.359738601361156 -0.999845302425736
-3.354730735495528 -0.999843513284130
-3.349722869629899 -0.999841703486552
-3.344715003764270 -0.999839872795430
-3.339707137898642 -0.999838020970479
-3.334699272033013 -0.999836147768671
-3.329691406167384 -0.999834252944201
-3.324683540301755 -0.999832336248460
-3.319675674436127 -0.999830397430000
-3.314667808570498 -0.999828436234502
-3.309659942704869 -0.999826452404747
-3.304652076839241 -0.999824445680577
-3.299644210973612 -0.999822415798872
-3.294636345107983 -0.999820362493505
-3.289628479242354 -0.999818285495316
-3.284620613376726 -0.999816184532077
-3.279612747511097 -0.999814059328454
-3.274604881645468 -0.999811909605975
-3.269597015779840 -0.999809735082995
-3.264589149914211 -0.999807535474657
-3.259581284048582 -0.999805310492861
-3.254573418182953 -0.999803059846223
-3.249565552317325 -0.999800783240040
-3.244557686451696 -0.999798480376254
-3.239549820586067 -0.999796150953411
-3.234541954720439 -0.999793794666627
-3.229534088854810 -0.999791411207547
-3.224526222989181 -0.999789000264306
-3.219518357123552 -0.999786561521490
-3.214510491257924 -0.999784094660098
-3.209502625392295 -0.999781599357500
-3.204494759526666 -0.999779075287394
-3.199486893661038 -0.999776522119772
-3.194479027795409 -0.999773939520872
-3.189471161929780 -0.999771327153137
-3.184463296064152 -0.999768684675175
-3.179455430198523 -0.999766011741715
-3.174447564332894 -0.999763308003564
-3.169439698467265 -0.999760573107562
-3.164431832601637 -0.999757806696538
-3.159423966736008 -0.999755008409267
-3.154416100870379 -0.999752177880421
-3.149408235004751 -0.999749314740529
-3.144400369139122 -0.999746418615925
-3.139392503273494 -0.999743489128705
-3.134384637407865 -0.999740525896678
-3.129376771542236 -0.999737528533317
-3.124368905676607 -0.999734496647717
-3.119361039810979 -0.999731429844538
-3.114353173945350 -0.999728327723959
-3.109345308079721 -0.999725189881631
-3.104337442214093 -0.999722015908624
-3.099329576348464 -0.999718805391374
-3.094321710482835 -0.999715557911636
-3.089313844617207 -0.999712273046430
-3.084305978751578 -0.999708950367986
-3.079298112885949 -0.999705589443695
-3.074290247020320 -0.999702189836054
-3.069282381154692 -0.999698751102609
-3.064274515289063 -0.999695272795905
-3.059266649423434 -0.999691754463425
-3.054258783557806 -0.999688195647540
-3.049250917692177 -0.999684595885448
-3.044243051826548 -0.999680954709116
-3.039235185960919 -0.999677271645228
-3.034227320095291 -0.999673546215120
-3.029219454229662 -0.999669777934725
-3.024211588364033 -0.999665966314512
-3.019203722498405 -0.999662110859424
-3.014195856632776 -0.999658211068822
-3.009187990767147 -0.999654266436417
-3.004180124901518 -0.999650276450213
-2.999172259035890 -0.999646240592441
-2.994164393170261 -0.999642158339497
-2.989156527304632 -0.999638029161876
-2.984148661439004 -0.999633852524109
-2.979140795573375 -0.999629627884697
-2.974132929707746 -0.999625354696044
-2.969125063842117 -0.999621032404389
-2.964117197976489 -0.999616660449742
-2.959109332110860 -0.999612238265811
-2.954101466245231 -0.999607765279936
-2.949093600379603 -0.999603240913018
-2.944085734513974 -0.999598664579450
-2.939077868648345 -0.999594035687042
-2.934070002782716 -0.999589353636952
-2.929062136917088 -0.999584617823612
-2.924054271051459 -0.999579827634657
-2.919046405185830 -0.999574982450846
-2.914038539320202 -0.999570081645989
-2.909030673454573 -0.999565124586874
-2.904022807588944 -0.999560110633186
-2.899014941723316 -0.999555039137431
-2.894007075857687 -0.999549909444859
-2.888999209992059 -0.999544720893384
-2.883991344126430 -0.999539472813502
-2.878983478260801 -0.999534164528214
-2.873975612395172 -0.999528795352943
-2.868967746529544 -0.999523364595449
-2.863959880663915 -0.999517871555750
-2.858952014798286 -0.999512315526036
-2.853944148932658 -0.999506695790582
-2.848936283067029 -0.999501011625665
-2.843928417201400 -0.999495262299476
-2.838920551335771 -0.999489447072034
-2.833912685470143 -0.999483565195094
-2.828904819604514 -0.999477615912061
-2.823896953738885 -0.999471598457899
-2.818889087873257 -0.999465512059036
-2.813881222007628 -0.999459355933278
-2.808873356141999 -0.999453129289713
-2.803865490276370 -0.999446831328613
-2.798857624410742 -0.999440461241347
-2.793849758545113 -0.999434018210279
-2.788841892679484 -0.999427501408670
-2.783834026813856 -0.999420910000588
-2.778826160948227 -0.999414243140800
-2.773818295082598 -0.999407499974677
-2.768810429216970 -0.999400679638092
-2.763802563351341 -0.999393781257319
-2.758794697485712 -0.999386803948927
-2.753786831620083 -0.999379746819680
-2.748778965754455 -0.999372608966429
-2.743771099888826 -0.999365389476007
-2.738763234023197 -0.999358087425123
-2.733755368157569 -0.999350701880251
-2.728747502291940 -0.999343231897523
-2.723739636426311 -0.999335676522618
-2.718731770560682 -0.999328034790650
-2.713723904695054 -0.999320305726056
-2.708716038829425 -0.999312488342481
-2.703708172963796 -0.999304581642668
-2.698700307098168 -0.999296584618333
-2.693692441232539 -0.999288496250057
-2.688684575366910 -0.999280315507164
-2.683676709501281 -0.999272041347599
-2.678668843635653 -0.999263672717811
-2.673660977770024 -0.999255208552633
-2.668653111904395 -0.999246647775151
-2.663645246038767 -0.999237989296590
-2.658637380173138 -0.999229232016181
-2.653629514307509 -0.999220374821037
-2.648621648441881 -0.999211416586027
-2.643613782576252 -0.999202356173643
-2.638605916710624 -0.999193192433873
-2.633598050844995 -0.999183924204070
-2.628590184979366 -0.999174550308814
-2.623582319113737 -0.999165069559784
-2.618574453248109 -0.999155480755619
-2.613566587382480 -0.999145782681783
-2.608558721516851 -0.999135974110424
-2.603550855651223 -0.999126053800238
-2.598542989785594 -0.999116020496330
-2.593535123919965 -0.999105872930063
-2.588527258054336 -0.999095609818928
-2.583519392188708 -0.999085229866386
-2.578511526323079 -0.999074731761730
-2.573503660457450 -0.999064114179937
-2.568495794591822 -0.999053375781515
-2.563487928726193 -0.999042515212358
-2.558480062860564 -0.999031531103588
-2.553472196994935 -0.999020422071409
-2.548464331129307 -0.999009186716948
-2.543456465263678 -0.998997823626096
-2.538448599398049 -0.998986331369361
-2.533440733532421 -0.998974708501696
-2.528432867666792 -0.998962953562351
-2.523425001801163 -0.998951065074700
-2.518417135935534 -0.998939041546086
-2.513409270069906 -0.998926881467653
-2.508401404204277 -0.998914583314176
-2.503393538338648 -0.998902145543901
-2.498385672473020 -0.998889566598367
-2.493377806607391 -0.998876844902243
-2.488369940741762 -0.998863978863148
-2.483362074876133 -0.998850966871481
-2.478354209010505 -0.998837807300247
-2.473346343144876 -0.998824498504873
-2.468338477279247 -0.998811038823036
-2.463330611413619 -0.998797426574479
-2.458322745547990 -0.998783660060828
-2.453314879682361 -0.998769737565412
-2.448307013816733 -0.998755657353072
-2.443299147951104 -0.998741417669980
-2.438291282085475 -0.998727016743445
-2.433283416219846 -0.998712452781724
-2.428275550354218 -0.998697723973834
-2.423267684488589 -0.998682828489351
-2.418259818622960 -0.998667764478219
-2.413251952757332 -0.998652530070553
-2.408244086891703 -0.998637123376436
-2.403236221026074 -0.998621542485722
-2.398228355160446 -0.998605785467835
-2.393220489294817 -0.998589850371557
-2.388212623429188 -0.998573735224831
-2.383204757563560 -0.998557438034547
-2.378196891697931 -0.998540956786337
-2.373189025832302 -0.998524289444357
-2.368181159966674 -0.998507433951081
-2.363173294101045 -0.998490388227082
-2.358165428235416 -0.998473150170815
-2.353157562369788 -0.998455717658400
-2.348149696504159 -0.998438088543399
-2.343141830638530 -0.998420260656597
-2.338133964772901 -0.998402231805774
-2.333126098907273 -0.998383999775482
-2.328118233041644 -0.998365562326812
-2.323110367176015 -0.998346917197172
-2.318102501310387 -0.998328062100047
-2.313094635444758 -0.998308994724768
-2.308086769579129 -0.998289712736280
-2.303078903713500 -0.998270213774898
-2.298071037847872 -0.998250495456072
-2.293063171982243 -0.998230555370143
-2.288055306116614 -0.998210391082101
-2.283047440250986 -0.998190000131337
-2.278039574385357 -0.998169380031400
-2.273031708519728 -0.998148528269741
-2.268023842654099 -0.998127442307468
-2.263015976788471 -0.998106119579087
-2.258008110922842 -0.998084557492252
-2.253000245057213 -0.998062753427503
-2.247992379191585 -0.998040704738006
-2.242984513325956 -0.998018408749297
-2.237976647460327 -0.997995862759011
-2.232968781594698 -0.997973064036622
-2.227960915729070 -0.997950009823172
-2.222953049863441 -0.997926697331003
-2.217945183997812 -0.997903123743484
-2.212937318132184 -0.997879286214737
-2.207929452266555 -0.997855181869360
-2.202921586400926 -0.997830807802153
-2.197913720535297 -0.997806161077831
-2.192905854669669 -0.997781238730749
-2.187897988804040 -0.997756037764611
-2.182890122938411 -0.997730555152188
-2.177882257072783 -0.997704787835025
-2.172874391207154 -0.997678732723156
-2.167866525341525 -0.997652386694804
-2.162858659475897 -0.997625746596093
-2.157850793610268 -0.997598809240743
-2.152842927744639 -0.997571571409779
-2.147835061879011 -0.997544029851221
-2.142827196013382 -0.997516181279789
-2.137819330147753 -0.997488022376589
-2.132811464282125 -0.997459549788809
-2.127803598416496 -0.997430760129410
-2.122795732550867 -0.997401649976811
-2.117787866685239 -0.997372215874575
-2.112780000819610 -0.997342454331093
-2.107772134953981 -0.997312361819265
-2.102764269088352 -0.997281934776178
-2.097756403222724 -0.997251169602786
-2.092748537357095 -0.997220062663581
-2.087740671491466 -0.997188610286264
-2.082732805625838 -0.997156808761422
-2.077724939760209 -0.997124654342190
-2.072717073894580 -0.997092143243919
-2.067709208028951 -0.997059271643839
-2.062701342163323 -0.997026035680725
-2.057693476297694 -0.996992431454547
-2.052685610432065 -0.996958455026137
-2.047677744566437 -0.996924102416838
-2.042669878700808 -0.996889369608161
-2.037662012835179 -0.996854252541432
-2.032654146969550 -0.996818747117441
-2.027646281103922 -0.996782849196094
-2.022638415238293 -0.996746554596048
-2.017630549372664 -0.996709859094361
-2.012622683507036 -0.996672758426130
-2.007614817641407 -0.996635248284125
-2.002606951775778 -0.996597324318431
-1.997599085910150 -0.996558982136076
-1.992591220044521 -0.996520217300666
-1.987583354178892 -0.996481025332016
-1.982575488313263 -0.996441401705770
-1.977567622447635 -0.996401341853035
-1.972559756582006 -0.996360841159998
-1.967551890716377 -0.996319894967551
-1.962544024850749 -0.996278498570908
-1.957536158985120 -0.996236647219222
-1.952528293119491 -0.996194336115201
-1.947520427253862 -0.996151560414720
-1.942512561388234 -0.996108315226432
-1.937504695522605 -0.996064595611380
-1.932496829656976 -0.996020396582597
-1.927488963791348 -0.995975713104720
-1.922481097925719 -0.995930540093585
-1.917473232060090 -0.995884872415833
-1.912465366194462 -0.995838704888506
-1.907457500328833 -0.995792032278650
-1.902449634463204 -0.995744849302902
-1.897441768597576 -0.995697150627091
-1.892433902731947 -0.995648930865825
-1.887426036866318 -0.995600184582083
-1.882418171000690 -0.995550906286803
-1.877410305135061 -0.995501090438468
-1.872402439269432 -0.995450731442689
-1.867394573403804 -0.995399823651790
-1.862386707538175 -0.995348361364388
-1.857378841672546 -0.995296338824974
-1.852370975806917 -0.995243750223486
-1.847363109941289 -0.995190589694890
-1.842355244075660 -0.995136851318754
-1.837347378210031 -0.995082529118816
-1.832339512344403 -0.995027617062560
-1.827331646478774 -0.994972109060786
-1.822323780613145 -0.994915998967174
-1.817315914747516 -0.994859280577853
-1.812308048881888 -0.994801947630969
-1.807300183016259 -0.994743993806243
-1.802292317150630 -0.994685412724539
-1.797284451285002 -0.994626197947422
-1.792276585419373 -0.994566342976719
-1.787268719553744 -0.994505841254075
-1.782260853688115 -0.994444686160516
-1.777252987822487 -0.994382871015998
-1.772245121956858 -0.994320389078967
-1.767237256091229 -0.994257233545911
-1.762229390225601 -0.994193397550913
-1.757221524359972 -0.994128874165202
-1.752213658494343 -0.994063656396704
-1.747205792628714 -0.993997737189593
-1.742197926763086 -0.993931109423836
-1.737190060897457 -0.993863765914745
-1.732182195031828 -0.993795699412524
-1.727174329166200 -0.993726902601812
-1.722166463300571 -0.993657368101230
-1.717158597434942 -0.993587088462926
-1.712150731569314 -0.993516056172123
-1.707142865703685 -0.993444263646655
-1.702134999838056 -0.993371703236516
-1.697127133972427 -0.993298367223402
-1.692119268106799 -0.993224247820252
-1.687111402241170 -0.993149337170788
-1.682103536375541 -0.993073627349062
-1.677095670509913 -0.992997110358992
-1.672087804644284 -0.992919778133908
-1.667079938778655 -0.992841622536088
-1.662072072913026 -0.992762635356302
-1.657064207047398 -0.992682808313354
-1.652056341181769 -0.992602133053621
-1.647048475316141 -0.992520601150594
-1.642040609450512 -0.992438204104421
-1.637032743584883 -0.992354933341448
-1.632024877719255 -0.992270780213762
-1.627017011853626 -0.992185735998730
-1.622009145987997 -0.992099791898547
-1.617001280122368 -0.992012939039775
-1.611993414256740 -0.991925168472890
-1.606985548391111 -0.991836471171826
-1.601977682525482 -0.991746838033519
-1.596969816659854 -0.991656259877457
-1.591961950794225 -0.991564727445223
-1.586954084928596 -0.991472231400047
-1.581946219062968 -0.991378762326353
-1.576938353197339 -0.991284310729314
-1.571930487331710 -0.991188867034397
-1.566922621466081 -0.991092421586922
-1.561914755600453 -0.990994964651615
-1.556906889734824 -0.990896486412165
-1.551899023869195 -0.990796976970782
-1.546891158003567 -0.990696426347752
-1.541883292137938 -0.990594824481009
-1.536875426272309 -0.990492161225686
-1.531867560406680 -0.990388426353690
-1.526859694541052 -0.990283609553267
-1.521851828675423 -0.990177700428566
-1.516843962809794 -0.990070688499222
-1.511836096944166 -0.989962563199919
-1.506828231078537 -0.989853313879977
-1.501820365212908 -0.989742929802922
-1.496812499347279 -0.989631400146079
-1.491804633481651 -0.989518714000146
-1.486796767616022 -0.989404860368792
-1.481788901750393 -0.989289828168242
-1.476781035884765 -0.989173606226873
-1.471773170019136 -0.989056183284812
-1.466765304153507 -0.988937547993537
-1.461757438287878 -0.988817688915483
-1.456749572422250 -0.988696594523646
-1.451741706556621 -0.988574253201200
-1.446733840690992 -0.988450653241110
-1.441725974825364 -0.988325782845751
-1.436718108959735 -0.988199630126535
-1.431710243094106 -0.988072183103537
-1.426702377228477 -0.987943429705128
-1.421694511362849 -0.987813357767615
-1.416686645497220 -0.987681955034876
-1.411678779631591 -0.987549209158014
-1.406670913765963 -0.987415107695005
-1.401663047900334 -0.987279638110353
-1.396655182034706 -0.987142787774757
-1.391647316169077 -0.987004543964770
-1.386639450303448 -0.986864893862481
-1.381631584437820 -0.986723824555186
-1.376623718572191 -0.986581323035075
-1.371615852706562 -0.986437376198919
-1.366607986840934 -0.986291970847771
-1.361600120975305 -0.986145093686663
-1.356592255109676 -0.985996731324318
-1.351584389244048 -0.985846870272860
-1.346576523378419 -0.985695496947541
-1.341568657512790 -0.985542597666468
-1.336560791647161 -0.985388158650334
-1.331552925781533 -0.985232166022166
-1.326545059915904 -0.985074605807072
-1.321537194050275 -0.984915463931996
-1.316529328184647 -0.984754726225489
-1.311521462319018 -0.984592378417472
-1.306513596453389 -0.984428406139027
-1.301505730587760 -0.984262794922175
-1.296497864722132 -0.984095530199682
-1.291489998856503 -0.983926597304856
-1.286482132990874 -0.983755981471365
-1.281474267125246 -0.983583667833061
-1.276466401259617 -0.983409641423805
-1.271458535393988 -0.983233887177315
-1.266450669528359 -0.983056389927008
-1.261442803662731 -0.982877134405865
-1.256434937797102 -0.982696105246299
-1.251427071931473 -0.982513286980028
-1.246419206065845 -0.982328664037972
-1.241411340200216 -0.982142220750145
-1.236403474334587 -0.981953941345565
-1.231395608468958 -0.981763809952176
-1.226387742603330 -0.981571810596777
-1.221379876737701 -0.981377927204963
-1.216372010872072 -0.981182143601073
-1.211364145006444 -0.980984443508163
-1.206356279140815 -0.980784810547972
-1.201348413275186 -0.980583228240911
-1.196340547409558 -0.980379680006062
-1.191332681543929 -0.980174149161189
-1.186324815678300 -0.979966618922758
-1.181316949812671 -0.979757072405975
-1.176309083947043 -0.979545492624829
-1.171301218081414 -0.979331862492156
-1.166293352215785 -0.979116164819712
-1.161285486350157 -0.978898382318257
-1.156277620484528 -0.978678497597654
-1.151269754618899 -0.978456493166987
-1.146261888753270 -0.978232351434682
-1.141254022887642 -0.978006054708654
-1.136246157022013 -0.977777585196456
-1.131238291156384 -0.977546925005450
-1.126230425290756 -0.977314056142996
-1.121222559425127 -0.977078960516641
-1.116214693559498 -0.976841619934342
-1.111206827693869 -0.976602016104687
-1.106198961828241 -0.976360130637145
-1.101191095962612 -0.976115945042320
-1.096183230096983 -0.975869440732232
-1.091175364231355 -0.975620599020600
-1.086167498365726 -0.975369401123158
-1.081159632500097 -0.975115828157972
-1.076151766634468 -0.974859861145783
-1.071143900768840 -0.974601481010362
-1.066136034903211 -0.974340668578884
-1.061128169037582 -0.974077404582320
-1.056120303171954 -0.973811669655842
-1.051112437306325 -0.973543444339252
-1.046104571440696 -0.973272709077422
-1.041096705575067 -0.972999444220755
-1.036088839709439 -0.972723630025665
-1.031080973843810 -0.972445246655077
-1.026073107978181 -0.972164274178936
-1.021065242112553 -0.971880692574748
-1.016057376246924 -0.971594481728128
-1.011049510381295 -0.971305621433377
-1.006041644515667 -0.971014091394067
-1.001033778650038 -0.970719871223660
-0.996025912784409 -0.970422940446132
-0.991018046918780 -0.970123278496625
-0.986010181053152 -0.969820864722117
-0.981002315187523 -0.969515678382115
-0.975994449321894 -0.969207698649360
-0.970986583456266 -0.968896904610563
-0.965978717590637 -0.968583275267155
-0.960970851725008 -0.968266789536059
-0.955962985859379 -0.967947426250486
-0.950955119993751 -0.967625164160746
-0.945947254128122 -0.967299981935088
-0.940939388262493 -0.966971858160556
-0.935931522396865 -0.966640771343868
-0.930923656531236 -0.966306699912320
-0.925915790665607 -0.965969622214706
-0.920907924799979 -0.965629516522266
-0.915900058934350 -0.965286361029652
-0.910892193068721 -0.964940133855923
-0.905884327203093 -0.964590813045551
-0.900876461337464 -0.964238376569465
-0.895868595471836 -0.963882802326103
-0.890860729606207 -0.963524068142499
-0.885852863740578 -0.963162151775386
-0.880844997874950 -0.962797030912325
-0.875837132009321 -0.962428683172858
-0.870829266143692 -0.962057086109684
-0.865821400278064 -0.961682217209858
-0.860813534412435 -0.961304053896016
-0.855805668546806 -0.960922573527621
-0.850797802681177 -0.960537753402236
-0.845789936815549 -0.960149570756820
-0.840782070949920 -0.959758002769049
-0.835774205084291 -0.959363026558661
-0.830766339218663 -0.958964619188824
-0.825758473353034 -0.958562757667536
-0.820750607487405 -0.958157418949036
-0.815742741621776 -0.957748579935254
-0.810734875756148 -0.957336217477279
-0.805727009890519 -0.956920308376853
-0.800719144024890 -0.956500829387890
-0.795711278159262 -0.956077757218021
-0.790703412293633 -0.955651068530164
-0.785695546428004 -0.955220739944119
-0.780687680562376 -0.954786748038190
-0.775679814696747 -0.954349069350828
-0.770671948831118 -0.953907680382309
-0.765664082965489 -0.953462557596424
-0.760656217099861 -0.953013677422207
-0.755648351234232 -0.952561016255682
-0.750640485368603 -0.952104550461637
-0.745632619502975 -0.951644256375428
-0.740624753637346 -0.951180110304796
-0.735616887771717 -0.950712088531731
-0.730609021906088 -0.950240167314338
-0.725601156040460 -0.949764322888746
-0.720593290174831 -0.949284531471038
-0.715585424309202 -0.948800769259203
-0.710577558443574 -0.948313012435115
-0.705569692577945 -0.947821237166545
-0.700561826712316 -0.947325419609188
-0.695553960846687 -0.946825535908722
-0.690546094981059 -0.946321562202892
-0.685538229115430 -0.945813474623619
-0.680530363249801 -0.945301249299134
-0.675522497384173 -0.944784862356135
-0.670514631518544 -0.944264289921980
-0.665506765652915 -0.943739508126890
-0.660498899787286 -0.943210493106186
-0.655491033921658 -0.942677221002557
-0.650483168056029 -0.942139667968338
-0.645475302190400 -0.941597810167825
-0.640467436324772 -0.941051623779611
-0.635459570459143 -0.940501084998948
-0.630451704593514 -0.939946170040129
-0.625443838727885 -0.939386855138902
-0.620435972862257 -0.938823116554904
-0.615428106996628 -0.938254930574116
-0.610420241130999 -0.937682273511352
-0.605412375265371 -0.937105121712760
-0.600404509399742 -0.936523451558358
-0.595396643534113 -0.935937239464582
-0.590388777668485 -0.935346461886872
-0.585380911802856 -0.934751095322263
-0.580373045937227 -0.934151116312019
-0.575365180071598 -0.933546501444272
-0.570357314205970 -0.932937227356696
-0.565349448340341 -0.932323270739197
-0.560341582474712 -0.931704608336629
-0.555333716609084 -0.931081216951527
-0.550325850743455 -0.930453073446867
-0.545317984877826 -0.929820154748846
-0.540310119012197 -0.929182437849680
-0.535302253146569 -0.928539899810428
-0.530294387280940 -0.927892517763831
-0.525286521415311 -0.927240268917178
-0.520278655549683 -0.926583130555185
-0.515270789684054 -0.925921080042901
-0.510262923818425 -0.925254094828627
-0.505255057952796 -0.924582152446858
-0.500247192087168 -0.923905230521242
-0.495239326221539 -0.923223306767560
-0.490231460355910 -0.922536358996722
-0.485223594490282 -0.921844365117780
-0.480215728624653 -0.921147303140960
-0.475207862759024 -0.920445151180712
-0.470199996893395 -0.919737887458776
-0.465192131027767 -0.919025490307263
-0.460184265162138 -0.918307938171750
-0.455176399296509 -0.917585209614400
-0.450168533430881 -0.916857283317083
-0.445160667565252 -0.916124138084527
-0.440152801699623 -0.915385752847468
-0.435144935833994 -0.914642106665827
-0.430137069968366 -0.913893178731893
-0.425129204102737 -0.913138948373519
-0.420121338237109 -0.912379395057334
-0.415113472371480 -0.911614498391969
-0.410105606505851 -0.910844238131282
-0.405097740640223 -0.910068594177613
-0.400089874774594 -0.909287546585032
-0.395082008908965 -0.908501075562610
-0.390074143043337 -0.907709161477692
-0.385066277177708 -0.906911784859180
-0.380058411312080 -0.906108926400832
-0.375050545446451 -0.905300566964555
-0.370042679580822 -0.904486687583721
-0.365034813715194 -0.903667269466479
-0.360026947849565 -0.902842293999077
-0.355019081983936 -0.902011742749192
-0.350011216118307 -0.901175597469260
-0.345003350252679 -0.900333840099820
-0.339995484387050 -0.899486452772848
-0.334987618521421 -0.898633417815110
-0.329979752655793 -0.897774717751507
-0.324971886790164 -0.896910335308429
-0.319964020924535 -0.896040253417103
-0.314956155058906 -0.895164455216954
-0.309948289193278 -0.894282924058953
-0.304940423327649 -0.893395643508975
-0.299932557462020 -0.892502597351156
-0.294924691596392 -0.891603769591239
-0.289916825730763 -0.890699144459928
-0.284908959865134 -0.889788706416238
-0.279901093999505 -0.888872440150836
-0.274893228133877 -0.887950330589385
-0.269885362268248 -0.887022362895878
-0.264877496402619 -0.886088522475969
-0.259869630536991 -0.885148794980301
-0.254861764671362 -0.884203166307820
-0.249853898805733 -0.883251622609090
-0.244846032940104 -0.882294150289593
-0.239838167074476 -0.881330736013028
-0.234830301208847 -0.880361366704588
-0.229822435343218 -0.879386029554246
-0.224814569477590 -0.878404712020008
-0.219806703611961 -0.877417401831174
-0.214798837746332 -0.876424086991574
-0.209790971880703 -0.875424755782799
-0.204783106015075 -0.874419396767411
-0.199775240149446 -0.873407998792146
-0.194767374283817 -0.872390550991096
-0.189759508418189 -0.871367042788879
-0.184751642552560 -0.870337463903793
-0.179743776686931 -0.869301804350946
-0.174735910821302 -0.868260054445378
-0.169728044955674 -0.867212204805155
-0.164720179090045 -0.866158246354453
-0.159712313224416 -0.865098170326609
-0.154704447358788 -0.864031968267165
-0.149696581493159 -0.862959632036881
-0.144688715627530 -0.861881153814728
-0.139680849761902 -0.860796526100860
-0.134672983896273 -0.859705741719559
-0.129665118030644 -0.858608793822157
-0.124657252165015 -0.857505675889930
-0.119649386299387 -0.856396381736974
-0.114641520433758 -0.855280905513039
-0.109633654568129 -0.854159241706355
-0.104625788702501 -0.853031385146412
-0.099617922836872 -0.851897331006717
-0.094610056971243 -0.850757074807531
-0.089602191105614 -0.849610612418556
-0.084594325239986 -0.848457940061609
-0.079586459374357 -0.847299054313252
-0.074578593508728 -0.846133952107397
-0.069570727643100 -0.844962630737871
-0.064562861777471 -0.843785087860949
-0.059554995911842 -0.842601321497860
-0.054547130046213 -0.841411330037240
-0.049539264180585 -0.840215112237568
-0.044531398314956 -0.839012667229549
-0.039523532449327 -0.837803994518470
-0.034515666583699 -0.836589093986515
-0.029507800718070 -0.835367965895033
-0.024499934852441 -0.834140610886780
-0.019492068986812 -0.832907029988108
-0.014484203121184 -0.831667224611119
-0.009476337255555 -0.830421196555779
-0.004468471389926 -0.829168948011980
0.000539394475702 -0.827910481561574
0.005547260341331 -0.826645800180345
0.010555126206960 -0.825374907239952
0.015562992072589 -0.824097806509818
0.020570857938217 -0.822814502158977
0.025578723803846 -0.821524998757874
0.030586589669475 -0.820229301280113
0.035594455535103 -0.818927415104168
0.040602321400732 -0.817619346015035
0.045610187266361 -0.816305100205840
0.050618053131990 -0.814984684279401
0.055625918997618 -0.813658105249730
0.060633784863247 -0.812325370543495
0.065641650728875 -0.810986488001425
0.070649516594504 -0.809641465879664
0.075657382460133 -0.808290312851075
0.080665248325762 -0.806933038006487
0.085673114191390 -0.805569650855895
0.090680980057019 -0.804200161329600
0.095688845922648 -0.802824579779297
0.100696711788276 -0.801442916979111
0.105704577653905 -0.800055184126571
0.110712443519533 -0.798661392843538
0.115720309385162 -0.797261555177066
0.120728175250790 -0.795855683600214
0.125736041116419 -0.794443791012800
0.130743906982048 -0.793025890742091
0.135751772847677 -0.791601996543448
0.140759638713305 -0.790172122600898
0.145767504578934 -0.788736283527654
0.150775370444563 -0.787294494366584
0.155783236310191 -0.785846770590604
0.160791102175820 -0.784393128103024
0.165798968041449 -0.782933583237829
0.170806833907078 -0.781468152759901
0.175814699772706 -0.779996853865180
0.180822565638335 -0.778519704180761
0.185830431503964 -0.777036721764936
0.190838297369592 -0.775547925107171
0.195846163235221 -0.774053333128017
0.200854029100850 -0.772552965178966
0.205861894966479 -0.771046841042243
0.210869760832107 -0.769534980930532
0.215877626697736 -0.768017405486643
0.220885492563365 -0.766494135783113
0.225893358428993 -0.764965193321750
0.230901224294622 -0.763430600033104
0.235909090160251 -0.761890378275886
0.240916956025880 -0.760344550836314
0.245924821891508 -0.758793140927403
0.250932687757137 -0.757236172188184
0.255940553622766 -0.755673668682868
0.260948419488394 -0.754105654899937
0.265956285354023 -0.752532155751180
0.270964151219652 -0.750953196570658
0.275972017085280 -0.749368803113610
0.280979882950909 -0.747779001555293
0.285987748816538 -0.746183818489759
0.290995614682167 -0.744583280928567
0.296003480547795 -0.742977416299435
0.301011346413424 -0.741366252444822
0.306019212279053 -0.739749817620454
0.311027078144681 -0.738128140493781
0.316034944010310 -0.736501250142372
0.321042809875939 -0.734869176052249
0.326050675741568 -0.733231948116154
0.331058541607196 -0.731589596631758
0.336066407472825 -0.729942152299804
0.341074273338454 -0.728289646222189
0.346082139204082 -0.726632109899979
0.351090005069711 -0.724969575231373
0.356097870935340 -0.723302074509592
0.361105736800969 -0.721629640420716
0.366113602666597 -0.719952306041457
0.371121468532226 -0.718270104836866
0.376129334397855 -0.716583070657990
0.381137200263483 -0.714891237739457
0.386145066129112 -0.713194640697011
0.391152931994741 -0.711493314524978
0.396160797860370 -0.709787294593681
0.401168663725998 -0.708076616646792
0.406176529591627 -0.706361316798626
0.411184395457256 -0.704641431531375
0.416192261322884 -0.702916997692289
0.421200127188513 -0.701188052490794
0.426207993054142 -0.699454633495560
0.431215858919771 -0.697716778631507
0.436223724785399 -0.695974526176755
0.441231590651028 -0.694227914759525
0.446239456516657 -0.692476983354977
0.451247322382285 -0.690721771282001
0.456255188247914 -0.688962318199949
0.461263054113543 -0.687198664105316
0.466270919979172 -0.685430849328370
0.471278785844800 -0.683658914529724
0.476286651710429 -0.681882900696865
0.481294517576058 -0.680102849140625
0.486302383441686 -0.678318801491607
0.491310249307315 -0.676530799696556
0.496318115172944 -0.674738886014689
0.501325981038572 -0.672943103013966
0.506333846904201 -0.671143493567322
0.511341712769830 -0.669340100848850
0.516349578635459 -0.667532968329938
0.521357444501087 -0.665722139775355
0.526365310366716 -0.663907659239302
0.531373176232345 -0.662089571061410
0.536381042097973 -0.660267919862702
0.541388907963602 -0.658442750541503
0.546396773829231 -0.656614108269320
0.551404639694860 -0.654782038486673
0.556412505560488 -0.652946586898885
0.561420371426117 -0.651107799471836
0.566428237291746 -0.649265722427681
0.571436103157374 -0.647420402240522
0.576443969023003 -0.645571885632049
0.581451834888632 -0.643720219567144
0.586459700754260 -0.641865451249447
0.591467566619889 -0.640007628116892
0.596475432485517 -0.638146797837202
0.601483298351146 -0.636283008303360
0.606491164216775 -0.634416307629040
0.611499030082403 -0.632546744144012
0.616506895948032 -0.630674366389516
0.621514761813661 -0.628799223113603
0.626522627679289 -0.626921363266455
0.631530493544918 -0.625040835995666
0.636538359410547 -0.623157690641509
0.641546225276175 -0.621271976732166
0.646554091141804 -0.619383743978945
0.651561957007433 -0.617493042271459
0.656569822873062 -0.615599921672793
0.661577688738690 -0.613704432414647
0.666585554604319 -0.611806624892451
0.671593420469948 -0.609906549660470
0.676601286335576 -0.608004257426880
0.681609152201205 -0.606099799048834
0.686617018066834 -0.604193225527503
0.691624883932462 -0.602284588003108
0.696632749798091 -0.600373937749930
0.701640615663720 -0.598461326171307
0.706648481529349 -0.596546804794624
0.711656347394977 -0.594630425266279
0.716664213260606 -0.592712239346643
0.721672079126235 -0.590792298905015
0.726679944991863 -0.588870655914557
0.731687810857492 -0.586947362447223
0.736695676723121 -0.585022470668688
0.741703542588750 -0.583096032833258
0.746711408454378 -0.581168101278781
0.751719274320007 -0.579238728421554
0.756727140185636 -0.577307966751223
0.761735006051264 -0.575375868825678
0.766742871916893 -0.573442487265950
0.771750737782522 -0.571507874751107
0.776758603648151 -0.569572084013144
0.781766469513779 -0.567635167831883
0.786774335379408 -0.565697179029861
0.791782201245037 -0.563758170467238
0.796790067110665 -0.561818195036690
0.801797932976294 -0.559877305658322
0.806805798841923 -0.557935555274578
0.811813664707552 -0.555992996845158
0.816821530573180 -0.554049683341943
0.821829396438809 -0.552105667743931
0.826837262304438 -0.550161003032175
0.831845128170066 -0.548215742184739
0.836852994035695 -0.546269938171659
0.841860859901324 -0.544323643949917
0.846868725766953 -0.542376912458432
0.851876591632581 -0.540429796613054
0.856884457498210 -0.538482349301584
0.861892323363839 -0.536534623378803
0.866900189229467 -0.534586671661520
0.871908055095096 -0.532638546923627
0.876915920960725 -0.530690301891192
0.881923786826354 -0.528741989237549
0.886931652691982 -0.526793661578419
0.891939518557611 -0.524845371467052
0.896947384423240 -0.522897171389384
0.901955250288868 -0.520949113759220
0.906963116154497 -0.519001250913438
0.911970982020126 -0.517053635107218
0.916978847885754 -0.515106318509294
0.921986713751383 -0.513159353197232
0.926994579617012 -0.511212791152730
0.932002445482641 -0.509266684256953
0.937010311348269 -0.507321084285885
0.942018177213898 -0.505376042905716
0.947026043079527 -0.503431611668255
0.952033908945155 -0.501487842006374
0.957041774810784 -0.499544785229482
0.962049640676413 -0.497602492519025
0.967057506542042 -0.495661014924027
0.972065372407670 -0.493720403356654
0.977073238273299 -0.491780708587816
0.982081104138928 -0.489841981242802
0.987088970004556 -0.487904271796948
0.992096835870185 -0.485967630571339
0.997104701735814 -0.484032107728547
1.002112567601443 -0.482097753268411
1.007120433467071 -0.480164617023841
1.012128299332700 -0.478232748656672
1.017136165198329 -0.476302197653547
1.022144031063957 -0.474373013321844
1.027151896929586 -0.472445244785637
1.032159762795215 -0.470518940981701
1.037167628660844 -0.468594150655554
1.042175494526472 -0.466670922357542
1.047183360392101 -0.464749304438958
1.052191226257730 -0.462829345048217
1.057199092123358 -0.460911092127055
1.062206957988987 -0.458994593406783
1.067214823854616 -0.457079896404581
1.072222689720244 -0.455167048419833
1.077230555585873 -0.453256096530507
1.082238421451502 -0.451347087589579
1.087246287317130 -0.449440068221503
1.092254153182759 -0.447535084818724
1.097262019048387 -0.445632183538237
1.102269884914016 -0.443731410298192
1.107277750779645 -0.441832810774545
1.112285616645273 -0.439936430397755
1.117293482510902 -0.438042314349529
1.122301348376531 -0.436150507559609
1.127309214242159 -0.434261054702618
1.132317080107788 -0.432374000194936
1.137324945973417 -0.430489388191644
1.142332811839045 -0.428607262583499
1.147340677704674 -0.426727666993966
1.152348543570303 -0.424850644776298
1.157356409435932 -0.422976239010666
1.162364275301560 -0.421104492501334
1.167372141167189 -0.419235447773881
1.172380007032818 -0.417369147072487
1.177387872898446 -0.415505632357251
1.182395738764075 -0.413644945301568
1.187403604629704 -0.411787127289559
1.192411470495333 -0.409932219413538
1.197419336360961 -0.408080262471548
1.202427202226590 -0.406231296964929
1.207435068092219 -0.404385363095952
1.212442933957847 -0.402542500765490
1.217450799823476 -0.400702749570751
1.222458665689105 -0.398866148803056
1.227466531554734 -0.397032737445667
1.232474397420362 -0.395202554171670
1.237482263285991 -0.393375637341905
1.242490129151620 -0.391552025002949
1.247497995017248 -0.389731754885151
1.252505860882877 -0.387914864400715
1.257513726748506 -0.386101390641833
1.262521592614135 -0.384291370378877
1.267529458479763 -0.382484840058633
1.272537324345392 -0.380681835802588
1.277545190211021 -0.378882393405269
1.282553056076649 -0.377086548332637
1.287560921942278 -0.375294335720522
1.292568787807907 -0.373505790373115
1.297576653673536 -0.371720946761512
1.302584519539164 -0.369939839022304
1.307592385404793 -0.368162500956218
1.312600251270422 -0.366388966026809
1.317608117136050 -0.364619267359208
1.322615983001679 -0.362853437738903
1.327623848867308 -0.361091509610592
1.332631714732937 -0.359333515077067
1.337639580598565 -0.357579485898159
1.342647446464194 -0.355829453489722
1.347655312329823 -0.354083448922681
1.352663178195451 -0.352341502922111
1.357671044061080 -0.350603645866378
1.362678909926709 -0.348869907786324
1.367686775792337 -0.347140318364496
1.372694641657966 -0.345414906934432
1.377702507523595 -0.343693702479984
1.382710373389224 -0.341976733634699
1.387718239254852 -0.340264028681241
1.392726105120481 -0.338555615550855
1.397733970986110 -0.336851521822895
1.402741836851738 -0.335151774724379
1.407749702717367 -0.333456401129597
1.412757568582996 -0.331765427559772
1.417765434448625 -0.330078880182757
1.422773300314253 -0.328396784812782
1.427781166179882 -0.326719166910242
1.432789032045511 -0.325046051581534
1.437796897911139 -0.323377463578939
1.442804763776768 -0.321713427300537
1.447812629642397 -0.320053966790184
1.452820495508026 -0.318399105737515
1.457828361373654 -0.316748867477998
1.462836227239283 -0.315103274993032
1.467844093104912 -0.313462350910081
1.472851958970540 -0.311826117502854
1.477859824836169 -0.310194596691529
1.482867690701798 -0.308567810043008
1.487875556567427 -0.306945778771226
1.492883422433055 -0.305328523737491
1.497891288298684 -0.303716065450862
1.502899154164313 -0.302108424068578
1.507907020029941 -0.300505619396515
1.512914885895570 -0.298907670889684
1.517922751761199 -0.297314597652773
1.522930617626828 -0.295726418440718
1.527938483492456 -0.294143151659319
1.532946349358085 -0.292564815365890
1.537954215223714 -0.290991427269942
1.542962081089342 -0.289423004733910
1.547969946954971 -0.287859564773909
1.552977812820600 -0.286301124060528
1.557985678686228 -0.284747698919659
1.562993544551857 -0.283199305333359
1.568001410417486 -0.281655958940747
1.573009276283114 -0.280117675038935
1.578017142148743 -0.278584468583992
1.583025008014372 -0.277056354191936
1.588032873880000 -0.275533346139769
1.593040739745629 -0.274015458366531
1.598048605611257 -0.272502704474394
1.603056471476886 -0.270995097729783
1.608064337342515 -0.269492651064531
1.613072203208143 -0.267995377077057
1.618080069073772 -0.266503288033580
1.623087934939401 -0.265016395869361
1.628095800805029 -0.263534712189971
1.633103666670658 -0.262058248272587
1.638111532536287 -0.260587015067318
1.643119398401916 -0.259121023198559
1.648127264267544 -0.257660282966368
1.653135130133173 -0.256204804347867
1.658142995998802 -0.254754596998683
1.663150861864430 -0.253309670254392
1.668158727730059 -0.251870033132008
1.673166593595688 -0.250435694331486
1.678174459461317 -0.249006662237249
1.683182325326945 -0.247582944919743
1.688190191192574 -0.246164550137012
1.693198057058203 -0.244751485336293
1.698205922923831 -0.243343757655642
1.703213788789460 -0.241941373925570
1.708221654655089 -0.240544340670708
1.713229520520718 -0.239152664111489
1.718237386386346 -0.237766350165856
1.723245252251975 -0.236385404450979
1.728253118117604 -0.235009832285001
1.733260983983232 -0.233639638688800
1.738268849848861 -0.232274828387768
1.743276715714490 -0.230915405813609
1.748284581580119 -0.229561375106152
1.753292447445747 -0.228212740115189
1.758300313311376 -0.226869504402317
1.763308179177005 -0.225531671242808
1.768316045042633 -0.224199243627489
1.773323910908262 -0.222872224264635
1.778331776773891 -0.221550615581885
1.783339642639519 -0.220234419728164
1.788347508505148 -0.218923638575620
1.793355374370777 -0.217618273721584
1.798363240236406 -0.216318326490528
1.803371106102034 -0.215023797936051
1.808378971967663 -0.213734688842862
1.813386837833292 -0.212450999728789
1.818394703698920 -0.211172730846793
1.823402569564549 -0.209899882186987
1.828410435430178 -0.208632453478679
1.833418301295807 -0.207370444192415
1.838426167161435 -0.206113853542031
1.843434033027064 -0.204862680486727
1.848441898892693 -0.203616923733131
1.853449764758321 -0.202376581737391
1.858457630623950 -0.201141652707256
1.863465496489579 -0.199912134604185
1.868473362355208 -0.198688025145444
1.873481228220836 -0.197469321806226
1.878489094086465 -0.196256021821767
1.883496959952094 -0.195048122189470
1.888504825817722 -0.193845619671044
1.893512691683351 -0.192648510794635
1.898520557548980 -0.191456791856969
1.903528423414609 -0.190270458925502
1.908536289280237 -0.189089507840573
1.913544155145866 -0.187913934217553
1.918552021011495 -0.186743733449013
1.923559886877123 -0.185578900706881
1.928567752742752 -0.184419430944610
1.933575618608381 -0.183265318899346
1.938583484474010 -0.182116559094100
1.943591350339638 -0.180973145839922
1.948599216205267 -0.179835073238072
1.953607082070896 -0.178702335182200
1.958614947936524 -0.177574925360518
1.963622813802153 -0.176452837257984
1.968630679667782 -0.175336064158478
1.973638545533410 -0.174224599146976
1.978646411399039 -0.173118435111733
1.983654277264668 -0.172017564746460
1.988662143130297 -0.170921980552498
1.993670008995925 -0.169831674840995
1.998677874861554 -0.168746639735084
2.003685740727183 -0.167666867172047
2.008693606592811 -0.166592348905493
2.013701472458440 -0.165523076507523
2.018709338324069 -0.164459041370894
2.023717204189698 -0.163400234711188
2.028725070055326 -0.162346647568965
2.033732935920955 -0.161298270811921
2.038740801786584 -0.160255095137046
2.043748667652212 -0.159217111072765
2.048756533517841 -0.158184308981090
2.053764399383470 -0.157156679059756
2.058772265249099 -0.156134211344359
2.063780131114727 -0.155116895710484
2.068787996980356 -0.154104721875837
2.073795862845984 -0.153097679402360
2.078803728711613 -0.152095757698348
2.083811594577242 -0.151098946020560
2.088819460442870 -0.150107233476321
2.093827326308499 -0.149120609025618
2.098835192174128 -0.148139061483194
2.103843058039756 -0.147162579520629
2.108850923905385 -0.146191151668418
2.113858789771013 -0.145224766318044
2.118866655636642 -0.144263411724039
2.123874521502271 -0.143307076006039
2.128882387367900 -0.142355747150833
2.133890253233528 -0.141409413014404
2.138898119099157 -0.140468061323962
2.143905984964786 -0.139531679679965
2.148913850830414 -0.138600255558138
2.153921716696043 -0.137673776311479
2.158929582561672 -0.136752229172259
2.163937448427301 -0.135835601254011
2.168945314292929 -0.134923879553510
2.173953180158558 -0.134017050952747
2.178961046024187 -0.133115102220891
2.183968911889815 -0.132218020016241
2.188976777755444 -0.131325790888171
2.193984643621073 -0.130438401279061
2.198992509486701 -0.129555837526225
2.204000375352330 -0.128678085863824
2.209008241217959 -0.127805132424767
2.214016107083588 -0.126936963242607
2.219023972949216 -0.126073564253426
2.224031838814845 -0.125214921297702
2.229039704680474 -0.124361020122178
2.234047570546102 -0.123511846381710
2.239055436411731 -0.122667385641106
2.244063302277360 -0.121827623376959
2.249071168142989 -0.120992544979465
2.254079034008617 -0.120162135754228
2.259086899874246 -0.119336380924060
2.264094765739875 -0.118515265630764
2.269102631605503 -0.117698774936905
2.274110497471132 -0.116886893827578
2.279118363336761 -0.116079607212152
2.284126229202390 -0.115276899926015
2.289134095068018 -0.114478756732296
2.294141960933647 -0.113685162323580
2.299149826799276 -0.112896101323618
2.304157692664904 -0.112111558289009
2.309165558530533 -0.111331517710886
2.314173424396162 -0.110555964016582
2.319181290261791 -0.109784881571282
2.324189156127419 -0.109018254679669
2.329197021993048 -0.108256067587551
2.334204887858677 -0.107498304483486
2.339212753724305 -0.106744949500380
2.344220619589934 -0.105995986717084
2.349228485455563 -0.105251400159975
2.354236351321192 -0.104511173804525
2.359244217186820 -0.103775291576855
2.364252083052449 -0.103043737355280
2.369259948918078 -0.102316494971837
2.374267814783706 -0.101593548213809
2.379275680649335 -0.100874880825221
2.384283546514964 -0.100160476508343
2.389291412380593 -0.099450318925160
2.394299278246221 -0.098744391698849
2.399307144111850 -0.098042678415225
2.404315009977479 -0.097345162624187
2.409322875843107 -0.096651827841145
2.414330741708736 -0.095962657548438
2.419338607574365 -0.095277635196735
2.424346473439993 -0.094596744206426
2.429354339305622 -0.093919967969002
2.434362205171251 -0.093247289848413
2.439370071036880 -0.092578693182427
2.444377936902508 -0.091914161283967
2.449385802768137 -0.091253677442432
2.454393668633766 -0.090597224925018
2.459401534499394 -0.089944786978014
2.464409400365023 -0.089296346828087
2.469417266230652 -0.088651887683564
2.474425132096281 -0.088011392735687
2.479432997961909 -0.087374845159868
2.484440863827538 -0.086742228116918
2.489448729693167 -0.086113524754278
2.494456595558795 -0.085488718207227
2.499464461424424 -0.084867791600077
2.504472327290053 -0.084250728047363
2.509480193155682 -0.083637510655014
2.514488059021310 -0.083028122521513
2.519495924886939 -0.082422546739042
2.524503790752568 -0.081820766394623
2.529511656618196 -0.081222764571233
2.534519522483825 -0.080628524348918
2.539527388349454 -0.080038028805891
2.544535254215083 -0.079451261019611
2.549543120080711 -0.078868204067864
2.554550985946340 -0.078288841029813
2.559558851811969 -0.077713154987055
2.564566717677597 -0.077141129024648
2.569574583543226 -0.076572746232140
2.574582449408855 -0.076007989704575
2.579590315274483 -0.075446842543496
2.584598181140112 -0.074889287857925
2.589606047005740 -0.074335308765345
2.594613912871369 -0.073784888392655
2.599621778736998 -0.073238009877123
2.604629644602626 -0.072694656367325
2.609637510468255 -0.072154811024070
2.614645376333884 -0.071618457021313
2.619653242199513 -0.071085577547061
2.624661108065141 -0.070556155804258
2.629668973930769 -0.070030175011670
2.634676839796398 -0.069507618404749
2.639684705662027 -0.068988469236488
2.644692571527656 -0.068472710778268
2.649700437393285 -0.067960326320687
2.654708303258914 -0.067451299174385
2.659716169124541 -0.066945612670851
2.664724034990170 -0.066443250163221
2.669731900855799 -0.065944195027068
2.674739766721428 -0.065448430661177
2.679747632587057 -0.064955940488308
2.684755498452686 -0.064466707955951
2.689763364318315 -0.063980716537071
2.694771230183942 -0.063497949730835
2.699779096049571 -0.063018391063338
2.704786961915200 -0.062542024088309
2.709794827780829 -0.062068832387814
2.714802693646458 -0.061598799572940
2.719810559512087 -0.061131909284478
2.724818425377716 -0.060668145193589
2.729826291243343 -0.060207491002459
2.734834157108972 -0.059749930444946
2.739842022974601 -0.059295447287218
2.744849888840230 -0.058844025328379
2.749857754705859 -0.058395648401082
2.754865620571488 -0.057950300372137
2.759873486437117 -0.057507965143107
2.764881352302744 -0.057068626650890
2.769889218168373 -0.056632268868298
2.774897084034002 -0.056198875804620
2.779904949899631 -0.055768431506182
2.784912815765260 -0.055340920056887
2.789920681630889 -0.054916325578759
2.794928547496518 -0.054494632232461
2.799936413362145 -0.054075824217822
2.804944279227774 -0.053659885774337
2.809952145093403 -0.053246801181670
2.814960010959032 -0.052836554760141
2.819967876824661 -0.052429130871209
2.824975742690290 -0.052024513917940
2.829983608555919 -0.051622688345470
2.834991474421546 -0.051223638641459
2.839999340287175 -0.050827349336532
2.845007206152804 -0.050433805004718
2.850015072018433 -0.050042990263873
2.855022937884062 -0.049654889776099
2.860030803749691 -0.049269488248154
2.865038669615320 -0.048886770431851
2.870046535480947 -0.048506721124449
2.875054401346576 -0.048129325169037
2.880062267212205 -0.047754567454917
2.885070133077834 -0.047382432917956
2.890077998943463 -0.047012906540956
2.895085864809092 -0.046645973354001
2.900093730674721 -0.046281618434802
2.905101596540348 -0.045919826909027
2.910109462405977 -0.045560583950633
2.915117328271606 -0.045203874782180
2.920125194137235 -0.044849684675146
2.925133060002864 -0.044497998950229
2.930140925868493 -0.044148802977645
2.935148791734122 -0.043802082177411
2.940156657599749 -0.043457822019632
2.945164523465378 -0.043116008024771
2.950172389331007 -0.042776625763918
2.955180255196636 -0.042439660859044
2.960188121062265 -0.042105098983261
2.965195986927894 -0.041772925861059
2.970203852793521 -0.041443127268547
2.975211718659150 -0.041115689033684
2.980219584524779 -0.040790597036503
2.985227450390408 -0.040467837209328
2.990235316256037 -0.040147395536985
2.995243182121666 -0.039829258057003
3.000251047987295 -0.039513410859815
3.005258913852922 -0.039199840088946
3.010266779718551 -0.038888531941198
3.015274645584180 -0.038579472666830
3.020282511449809 -0.038272648569726
3.025290377315438 -0.037968046007561
3.030298243181067 -0.037665651391963
3.035306109046696 -0.037365451188663
3.040313974912323 -0.037067431917644
3.045321840777952 -0.036771580153280
3.050329706643581 -0.036477882524473
3.055337572509210 -0.036186325714782
3.060345438374839 -0.035896896462546
3.065353304240467 -0.035609581561002
3.070361170106096 -0.035324367858398
3.075369035971724 -0.035041242258098
3.080376901837353 -0.034760191718686
3.085384767702982 -0.034481203254059
3.090392633568610 -0.034204263933521
3.095400499434239 -0.033929360881862
3.100408365299868 -0.033656481279445
3.105416231165497 -0.033385612362276
3.110424097031125 -0.033116741422076
3.115431962896754 -0.032849855806344
3.120439828762382 -0.032584942918420
3.125447694628011 -0.032321990217533
3.130455560493640 -0.032060985218858
3.135463426359269 -0.031801915493560
3.140471292224898 -0.031544768668828
3.145479158090525 -0.031289532427920
3.150487023956154 -0.031036194510187
3.155494889821783 -0.030784742711104
3.160502755687412 -0.030535164882288
3.165510621553041 -0.030287448931520
3.170518487418670 -0.030041582822757
3.175526353284299 -0.029797554576140
3.180534219149926 -0.029555352267997
3.185542085015555 -0.029314964030850
3.190549950881184 -0.029076378053405
3.195557816746813 -0.028839582580548
3.200565682612442 -0.028604565913332
3.205573548478071 -0.028371316408962
3.210581414343700 -0.028139822480777
3.215589280209327 -0.027910072598225
3.220597146074956 -0.027682055286834
3.225605011940585 -0.027455759128187
3.230612877806214 -0.027231172759882
3.235620743671843 -0.027008284875499
3.240628609537472 -0.026787084224552
3.245636475403101 -0.026567559612452
3.250644341268728 -0.026349699900451
3.255652207134357 -0.026133494005594
3.260660072999986 -0.025918930900664
3.265667938865615 -0.025705999614122
3.270675804731244 -0.025494689230044
3.275683670596873 -0.025284988888059
3.280691536462502 -0.025076887783281
3.285699402328129 -0.024870375166232
3.290707268193758 -0.024665440342776
3.295715134059387 -0.024462072674035
3.300722999925016 -0.024260261576313
3.305730865790645 -0.024059996521009
3.310738731656274 -0.023861267034536
3.315746597521903 -0.023664062698227
3.320754463387530 -0.023468373148248
3.325762329253159 -0.023274188075501
3.330770195118788 -0.023081497225526
3.335778060984417 -0.022890290398406
3.340785926850046 -0.022700557448660
3.345793792715675 -0.022512288285143
3.350801658581304 -0.022325472870935
3.355809524446931 -0.022140101223234
3.360817390312560 -0.021956163413240
3.365825256178189 -0.021773649566050
3.370833122043818 -0.021592549860529
3.375840987909447 -0.021412854529202
3.380848853775076 -0.021234553858127
3.385856719640703 -0.021057638186774
3.390864585506332 -0.020882097907898
3.395872451371961 -0.020707923467414
3.400880317237590 -0.020535105364265
3.405888183103219 -0.020363634150294
3.410896048968848 -0.020193500430107
3.415903914834477 -0.020024694860937
3.420911780700104 -0.019857208152514
3.425919646565733 -0.019691031066915
3.430927512431362 -0.019526154418432
3.435935378296991 -0.019362569073427
3.440943244162620 -0.019200265950183
3.445951110028249 -0.019039236018766
3.450958975893878 -0.018879470300869
3.455966841759505 -0.018720959869668
3.460974707625134 -0.018563695849669
3.465982573490763 -0.018407669416558
3.470990439356392 -0.018252871797040
3.475998305222021 -0.018099294268694
3.481006171087650 -0.017946928159805
3.486014036953279 -0.017795764849214
3.491021902818906 -0.017645795766154
3.496029768684535 -0.017497012390090
3.501037634550164 -0.017349406250555
3.506045500415793 -0.017202968926990
3.511053366281422 -0.017057692048574
3.516061232147051 -0.016913567294063
3.521069098012680 -0.016770586391618
3.526076963878307 -0.016628741118639
3.531084829743936 -0.016488023301594
3.536092695609565 -0.016348424815852
3.541100561475194 -0.016209937585504
3.546108427340823 -0.016072553583198
3.551116293206452 -0.015936264829958
3.556124159072080 -0.015801063395014
3.561132024937708 -0.015666941395626
3.566139890803337 -0.015533890996905
3.571147756668966 -0.015401904411635
3.576155622534595 -0.015270973900099
3.581163488400223 -0.015141091769894
3.586171354265852 -0.015012250375754
3.591179220131481 -0.014884442119371
3.596187085997109 -0.014757659449208
3.601194951862738 -0.014631894860321
3.606202817728366 -0.014507140894174
3.611210683593995 -0.014383390138458
3.616218549459624 -0.014260635226902
3.621226415325253 -0.014138868839091
3.626234281190882 -0.014018083700280
3.631242147056509 -0.013898272581208
3.636250012922138 -0.013779428297911
3.641257878787767 -0.013661543711532
3.646265744653396 -0.013544611728140
3.651273610519025 -0.013428625298535
3.656281476384654 -0.013313577418060
3.661289342250283 -0.013199461126417
3.666297208115910 -0.013086269507472
3.671305073981539 -0.012973995689067
3.676312939847168 -0.012862632842830
3.681320805712797 -0.012752174183983
3.686328671578426 -0.012642612971152
3.691336537444055 -0.012533942506176
3.696344403309684 -0.012426156133914
3.701352269175311 -0.012319247242054
3.706360135040940 -0.012213209260921
3.711368000906569 -0.012108035663283
3.716375866772198 -0.012003719964160
3.721383732637827 -0.011900255720630
3.726391598503456 -0.011797636531639
3.731399464369085 -0.011695856037802
3.736407330234712 -0.011594907921215
3.741415196100341 -0.011494785905260
3.746423061965970 -0.011395483754410
3.751430927831599 -0.011296995274037
3.756438793697228 -0.011199314310219
3.761446659562857 -0.011102434749542
3.766454525428486 -0.011006350518912
3.771462391294113 -0.010911055585358
3.776470257159742 -0.010816543955838
3.781478123025371 -0.010722809677044
3.786485988891000 -0.010629846835214
3.791493854756629 -0.010537649555932
3.796501720622258 -0.010446212003935
3.801509586487885 -0.010355528382923
3.806517452353514 -0.010265592935365
3.811525318219143 -0.010176399942299
3.816533184084772 -0.010087943723148
3.821541049950401 -0.010000218635521
3.826548915816030 -0.009913219075021
3.831556781681659 -0.009826939475053
3.836564647547286 -0.009741374306630
3.841572513412915 -0.009656518078182
3.846580379278544 -0.009572365335363
3.851588245144173 -0.009488910660856
3.856596111009802 -0.009406148674189
3.861603976875431 -0.009324074031532
3.866611842741060 -0.009242681425516
3.871619708606687 -0.009161965585034
3.876627574472316 -0.009081921275057
3.881635440337945 -0.009002543296436
3.886643306203574 -0.008923826485718
3.891651172069203 -0.008845765714951
3.896659037934832 -0.008768355891498
3.901666903800461 -0.008691591957846
3.906674769666088 -0.008615468891415
3.911682635531717 -0.008539981704373
3.916690501397346 -0.008465125443444
3.921698367262975 -0.008390895189723
3.926706233128604 -0.008317286058485
3.931714098994233 -0.008244293199002
3.936721964859862 -0.008171911794349
3.941729830725489 -0.008100137061227
3.946737696591118 -0.008028964249767
3.951745562456747 -0.007958388643353
3.956753428322376 -0.007888405558430
3.961761294188005 -0.007819010344322
3.966769160053634 -0.007750198383048
3.971777025919263 -0.007681965089137
3.976784891784890 -0.007614305909445
3.981792757650519 -0.007547216322970
3.986800623516148 -0.007480691840673
3.991808489381777 -0.007414728005293
3.996816355247406 -0.007349320391165
4.001824221113035 -0.007284464604041
4.006832086978664 -0.007220156280909
4.011839952844291 -0.007156391089810
4.016847818709920 -0.007093164729662
4.021855684575549 -0.007030472930079
4.026863550441178 -0.006968311451192
4.031871416306807 -0.006906676083471
4.036879282172436 -0.006845562647549
4.041887148038064 -0.006784966994043
4.046895013903692 -0.006724885003380
4.051902879769321 -0.006665312585616
4.056910745634950 -0.006606245680268
4.061918611500579 -0.006547680256132
4.066926477366207 -0.006489612311114
4.071934343231836 -0.006432037872053
4.076942209097465 -0.006374952994550
4.081950074963093 -0.006318353762793
4.086957940828722 -0.006262236289390
4.091965806694351 -0.006206596715190
4.096973672559979 -0.006151431209120
4.101981538425608 -0.006096735968010
4.106989404291237 -0.006042507216426
4.111997270156866 -0.005988741206497
4.117005136022494 -0.005935434217752
4.122013001888122 -0.005882582556950
4.127020867753751 -0.005830182557912
4.132028733619380 -0.005778230581355
4.137036599485009 -0.005726723014726
4.142044465350638 -0.005675656272039
4.147052331216267 -0.005625026793708
4.152060197081894 -0.005574831046381
4.157068062947523 -0.005525065522783
4.162075928813152 -0.005475726741547
4.167083794678781 -0.005426811247056
4.172091660544410 -0.005378315609280
4.177099526410039 -0.005330236423613
4.182107392275668 -0.005282570310720
4.187115258141295 -0.005235313916368
4.192123124006924 -0.005188463911276
4.197130989872553 -0.005142016990949
4.202138855738182 -0.005095969875528
4.207146721603811 -0.005050319309629
4.212154587469440 -0.005005062062185
4.217162453335067 -0.004960194926297
4.222170319200696 -0.004915714719070
4.227178185066325 -0.004871618281470
4.232186050931954 -0.004827902478161
4.237193916797583 -0.004784564197355
4.242201782663212 -0.004741600350664
4.247209648528841 -0.004699007872942
4.252217514394468 -0.004656783722140
4.257225380260097 -0.004614924879151
4.262233246125726 -0.004573428347665
4.267241111991355 -0.004532291154017
4.272248977856984 -0.004491510347040
4.277256843722613 -0.004451082997919
4.282264709588242 -0.004411006200041
4.287272575453869 -0.004371277068852
4.292280441319498 -0.004331892741711
4.297288307185127 -0.004292850377746
4.302296173050756 -0.004254147157706
4.307304038916385 -0.004215780283824
4.312311904782014 -0.004177746979669
4.317319770647643 -0.004140044490007
4.322327636513270 -0.004102670080660
4.327335502378899 -0.004065621038363
4.332343368244528 -0.004028894670626
4.337351234110157 -0.003992488305594
4.342359099975786 -0.003956399291912
4.347366965841415 -0.003920624998579
4.352374831707044 -0.003885162814822
4.357382697572671 -0.003850010149948
4.362390563438300 -0.003815164433218
4.367398429303929 -0.003780623113706
4.372406295169558 -0.003746383660166
4.377414161035187 -0.003712443560902
4.382422026900816 -0.003678800323627
4.387429892766445 -0.003645451475340
4.392437758632072 -0.003612394562186
4.397445624497701 -0.003579627149332
4.402453490363330 -0.003547146820832
4.407461356228959 -0.003514951179499
4.412469222094588 -0.003483037846777
4.417477087960217 -0.003451404462612
4.422484953825846 -0.003420048685322
4.427492819691473 -0.003388968191475
4.432500685557102 -0.003358160675760
4.437508551422731 -0.003327623850861
4.442516417288360 -0.003297355447332
4.447524283153989 -0.003267353213477
4.452532149019618 -0.003237614915218
4.457540014885247 -0.003208138335983
4.462547880750874 -0.003178921276574
4.467555746616503 -0.003149961555051
4.472563612482132 -0.003121257006612
4.477571478347761 -0.003092805483468
4.482579344213390 -0.003064604854727
4.487587210079019 -0.003036653006274
4.492595075944648 -0.003008947840655
4.497602941810275 -0.002981487276957
4.502610807675904 -0.002954269250690
4.507618673541533 -0.002927291713675
4.512626539407162 -0.002900552633926
4.517634405272791 -0.002874049995534
4.522642271138420 -0.002847781798556
4.527650137004049 -0.002821746058897
4.532658002869676 -0.002795940808202
4.537665868735305 -0.002770364093739
4.542673734600934 -0.002745013978293
4.547681600466563 -0.002719888540049
4.552689466332192 -0.002694985872485
4.557697332197820 -0.002670304084262
4.562705198063449 -0.002645841299114
4.567713063929077 -0.002621595655743
4.572720929794706 -0.002597565307703
4.577728795660335 -0.002573748423305
4.582736661525963 -0.002550143185498
4.587744527391592 -0.002526747791772
4.592752393257221 -0.002503560454049
4.597760259122850 -0.002480579398580
4.602768124988478 -0.002457802865837
4.607775990854106 -0.002435229110417
4.612783856719735 -0.002412856400932
