#### log10(omega_b) integral_value
-6.602059991327963 -6.850928622942233
-6.596449764290420 -6.844469903994666
-6.590839537252878 -6.838011188304793
-6.585229310215334 -6.831552475908226
-6.579619083177792 -6.825093766840959
-6.574008856140249 -6.818635061139375
-6.568398629102707 -6.812176358840243
-6.562788402065165 -6.805717659980730
-6.557178175027621 -6.799258964598402
-6.551567947990079 -6.792800272731228
-6.545957720952536 -6.786341584417582
-6.540347493914994 -6.779882899696255
-6.534737266877451 -6.773424218606449
-6.529127039839908 -6.766965541187786
-6.523516812802366 -6.760506867480320
-6.517906585764823 -6.754048197524526
-6.512296358727281 -6.747589531361316
-6.506686131689738 -6.741130869032041
-6.501075904652195 -6.734672210578496
-6.495465677614653 -6.728213556042919
-6.489855450577110 -6.721754905468004
-6.484245223539568 -6.715296258896904
-6.478634996502024 -6.708837616373224
-6.473024769464482 -6.702378977941050
-6.467414542426940 -6.695920343644928
-6.461804315389397 -6.689461713529883
-6.456194088351855 -6.683003087641426
-6.450583861314311 -6.676544466025548
-6.444973634276769 -6.670085848728736
-6.439363407239227 -6.663627235797971
-6.433753180201684 -6.657168627280740
-6.428142953164142 -6.650710023225031
-6.422532726126598 -6.644251423679348
-6.416922499089056 -6.637792828692714
-6.411312272051513 -6.631334238314669
-6.405702045013971 -6.624875652595290
-6.400091817976429 -6.618417071585180
-6.394481590938885 -6.611958495335489
-6.388871363901343 -6.605499923897904
-6.383261136863800 -6.599041357324674
-6.377650909826258 -6.592582795668593
-6.372040682788715 -6.586124238983022
-6.366430455751172 -6.579665687321895
-6.360820228713630 -6.573207140739712
-6.355210001676087 -6.566748599291562
-6.349599774638545 -6.560290063033111
-6.343989547601002 -6.553831532020623
-6.338379320563459 -6.547373006310961
-6.332769093525917 -6.540914485961588
-6.327158866488374 -6.534455971030583
-6.321548639450832 -6.527997461576641
-6.315938412413288 -6.521538957659076
-6.310328185375746 -6.515080459337840
-6.304717958338204 -6.508621966673514
-6.299107731300661 -6.502163479727329
-6.293497504263119 -6.495704998561163
-6.287887277225575 -6.489246523237548
-6.282277050188033 -6.482788053819684
-6.276666823150491 -6.476329590371439
-6.271056596112948 -6.469871132957359
-6.265446369075406 -6.463412681642674
-6.259836142037862 -6.456954236493304
-6.254225915000320 -6.450495797575869
-6.248615687962777 -6.444037364957699
-6.243005460925235 -6.437578938706828
-6.237395233887693 -6.431120518892016
-6.231785006850149 -6.424662105582751
-6.226174779812607 -6.418203698849256
-6.220564552775064 -6.411745298762495
-6.214954325737522 -6.405286905394185
-6.209344098699979 -6.398828518816797
-6.203733871662436 -6.392370139103575
-6.198123644624894 -6.385911766328534
-6.192513417587351 -6.379453400566466
-6.186903190549809 -6.372995041892962
-6.181292963512266 -6.366536690384404
-6.175682736474723 -6.360078346117984
-6.170072509437181 -6.353620009171706
-6.164462282399638 -6.347161679624404
-6.158852055362096 -6.340703357555733
-6.153241828324552 -6.334245043046200
-6.147631601287010 -6.327786736177147
-6.142021374249468 -6.321328437030786
-6.136411147211925 -6.314870145690188
-6.130800920174383 -6.308411862239302
-6.125190693136839 -6.301953586762959
-6.119580466099297 -6.295495319346887
-6.113970239061755 -6.289037060077710
-6.108360012024212 -6.282578809042974
-6.102749784986670 -6.276120566331133
-6.097139557949126 -6.269662332031579
-6.091529330911584 -6.263204106234644
-6.085919103874041 -6.256745889031611
-6.080308876836499 -6.250287680514715
-6.074698649798956 -6.243829480777164
-6.069088422761413 -6.237371289913148
-6.063478195723871 -6.230913108017842
-6.057867968686328 -6.224454935187422
-6.052257741648786 -6.217996771519073
-6.046647514611243 -6.211538617110996
-6.041037287573700 -6.205080472062429
-6.035427060536158 -6.198622336473644
-6.029816833498615 -6.192164210445967
-6.024206606461073 -6.185706094081786
-6.018596379423530 -6.179247987484558
-6.012986152385987 -6.172789890758830
-6.007375925348445 -6.166331804010239
-6.001765698310902 -6.159873727345528
-5.996155471273360 -6.153415660872557
-5.990545244235816 -6.146957604700316
-5.984935017198274 -6.140499558938933
-5.979324790160732 -6.134041523699688
-5.973714563123189 -6.127583499095024
-5.968104336085647 -6.121125485238559
-5.962494109048103 -6.114667482245096
-5.956883882010561 -6.108209490230641
-5.951273654973019 -6.101751509312407
-5.945663427935476 -6.095293539608832
-5.940053200897934 -6.088835581239589
-5.934442973860390 -6.082377634325598
-5.928832746822848 -6.075919698989046
-5.923222519785305 -6.069461775353385
-5.917612292747763 -6.063003863543359
-5.912002065710221 -6.056545963685009
-5.906391838672677 -6.050088075905689
-5.900781611635135 -6.043630200334081
-5.895171384597592 -6.037172337100204
-5.889561157560050 -6.030714486335429
-5.883950930522508 -6.024256648172500
-5.878340703484964 -6.017798822745528
-5.872730476447422 -6.011341010190034
-5.867120249409879 -6.004883210642937
-5.861510022372337 -5.998425424242582
-5.855899795334794 -5.991967651128748
-5.850289568297251 -5.985509891442669
-5.844679341259709 -5.979052145327041
-5.839069114222166 -5.972594412926047
-5.833458887184624 -5.966136694385359
-5.827848660147080 -5.959678989852157
-5.822238433109538 -5.953221299475160
-5.816628206071996 -5.946763623404614
-5.811017979034453 -5.940305961792332
-5.805407751996911 -5.933848314791687
-5.799797524959367 -5.927390682557654
-5.794187297921825 -5.920933065246803
-5.788577070884283 -5.914475463017327
-5.782966843846740 -5.908017876029053
-5.777356616809198 -5.901560304443463
-5.771746389771654 -5.895102748423706
-5.766136162734112 -5.888645208134621
-5.760525935696569 -5.882187683742743
-5.754915708659027 -5.875730175416334
-5.749305481621484 -5.869272683325386
-5.743695254583941 -5.862815207641653
-5.738085027546399 -5.856357748538654
-5.732474800508856 -5.849900306191701
-5.726864573471314 -5.843442880777912
-5.721254346433771 -5.836985472476231
-5.715644119396228 -5.830528081467447
-5.710033892358686 -5.824070707934210
-5.704423665321143 -5.817613352061049
-5.698813438283601 -5.811156014034394
-5.693203211246058 -5.804698694042592
-5.687592984208515 -5.798241392275929
-5.681982757170973 -5.791784108926648
-5.676372530133430 -5.785326844188965
-5.670762303095888 -5.778869598259094
-5.665152076058344 -5.772412371335262
-5.659541849020802 -5.765955163617736
-5.653931621983260 -5.759497975308837
-5.648321394945717 -5.753040806612956
-5.642711167908175 -5.746583657736592
-5.637100940870631 -5.740126528888349
-5.631490713833089 -5.733669420278980
-5.625880486795547 -5.727212332121391
-5.620270259758004 -5.720755264630675
-5.614660032720462 -5.714298218024120
-5.609049805682918 -5.707841192521244
-5.603439578645376 -5.701384188343806
-5.597829351607833 -5.694927205715843
-5.592219124570291 -5.688470244863674
-5.586608897532749 -5.682013306015932
-5.580998670495205 -5.675556389403592
-5.575388443457663 -5.669099495259985
-5.569778216420120 -5.662642623820824
-5.564167989382578 -5.656185775324230
-5.558557762345036 -5.649728950010750
-5.552947535307492 -5.643272148123391
-5.547337308269950 -5.636815369907631
-5.541727081232407 -5.630358615611458
-5.536116854194865 -5.623901885485379
-5.530506627157322 -5.617445179782460
-5.524896400119779 -5.610988498758335
-5.519286173082237 -5.604531842671248
-5.513675946044694 -5.598075211782069
-5.508065719007152 -5.591618606354317
-5.502455491969609 -5.585162026654194
-5.496845264932066 -5.578705472950605
-5.491235037894524 -5.572248945515192
-5.485624810856981 -5.565792444622350
-5.480014583819438 -5.559335970549263
-5.474404356781896 -5.552879523575929
-5.468794129744353 -5.546423103985183
-5.463183902706811 -5.539966712062730
-5.457573675669268 -5.533510348097172
-5.451963448631725 -5.527054012380033
-5.446353221594182 -5.520597705205794
-5.440742994556640 -5.514141426871914
-5.435132767519097 -5.507685177678865
-5.429522540481555 -5.501228957930158
-5.423912313444012 -5.494772767932375
-5.418302086406469 -5.488316607995198
-5.412691859368927 -5.481860478431435
-5.407081632331384 -5.475404379557059
-5.401471405293842 -5.468948311691230
-5.395861178256299 -5.462492275156333
-5.390250951218756 -5.456036270278005
-5.384640724181214 -5.449580297385165
-5.379030497143671 -5.443124356810052
-5.373420270106129 -5.436668448888254
-5.367810043068586 -5.430212573958734
-5.362199816031043 -5.423756732363877
-5.356589588993501 -5.417300924449512
-5.350979361955958 -5.410845150564942
-5.345369134918416 -5.404389411062992
-5.339758907880872 -5.397933706300029
-5.334148680843330 -5.391478036636007
-5.328538453805788 -5.385022402434493
-5.322928226768245 -5.378566804062704
-5.317317999730703 -5.372111241891547
-5.311707772693159 -5.365655716295648
-5.306097545655617 -5.359200227653393
-5.300487318618075 -5.352744776346961
-5.294877091580532 -5.346289362762361
-5.289266864542990 -5.339833987289470
-5.283656637505446 -5.333378650322068
-5.278046410467904 -5.326923352257880
-5.272436183430361 -5.320468093498607
-5.266825956392819 -5.314012874449970
-5.261215729355277 -5.307557695521744
-5.255605502317733 -5.301102557127804
-5.249995275280191 -5.294647459686153
-5.244385048242648 -5.288192403618975
-5.238774821205106 -5.281737389352660
-5.233164594167564 -5.275282417317857
-5.227554367130020 -5.268827487949508
-5.221944140092478 -5.262372601686895
-5.216333913054935 -5.255917758973672
-5.210723686017393 -5.249462960257912
-5.205113458979850 -5.243008205992148
-5.199503231942307 -5.236553496633422
-5.193893004904765 -5.230098832643320
-5.188282777867222 -5.223644214488012
-5.182672550829679 -5.217189642638306
-5.177062323792137 -5.210735117569689
-5.171452096754594 -5.204280639762365
-5.165841869717052 -5.197826209701306
-5.160231642679509 -5.191371827876296
-5.154621415641966 -5.184917494781975
-5.149011188604424 -5.178463210917888
-5.143400961566881 -5.172008976788527
-5.137790734529339 -5.165554792903382
-5.132180507491796 -5.159100659776988
-5.126570280454253 -5.152646577928964
-5.120960053416710 -5.146192547884080
-5.115349826379168 -5.139738570172284
-5.109739599341625 -5.133284645328764
-5.104129372304083 -5.126830773893995
-5.098519145266540 -5.120376956413786
-5.092908918228997 -5.113923193439334
-5.087298691191455 -5.107469485527272
-5.081688464153912 -5.101015833239718
-5.076078237116370 -5.094562237144336
-5.070468010078827 -5.088108697814373
-5.064857783041284 -5.081655215828728
-5.059247556003742 -5.075201791771992
-5.053637328966199 -5.068748426234506
-5.048027101928657 -5.062295119812418
-5.042416874891114 -5.055841873107731
-5.036806647853571 -5.049388686728364
-5.031196420816029 -5.042935561288203
-5.025586193778486 -5.036482497407159
-5.019975966740944 -5.030029495711222
-5.014365739703400 -5.023576556832520
-5.008755512665858 -5.017123681409375
-5.003145285628316 -5.010670870086363
-4.997535058590773 -5.004218123514366
-4.991924831553231 -4.997765442350639
-4.986314604515687 -4.991312827258863
-4.980704377478145 -4.984860278909210
-4.975094150440603 -4.978407797978393
-4.969483923403060 -4.971955385149744
-4.963873696365518 -4.965503041113257
-4.958263469327974 -4.959050766565660
-4.952653242290432 -4.952598562210477
-4.947043015252889 -4.946146428758090
-4.941432788215347 -4.939694366925798
-4.935822561177805 -4.933242377437885
-4.930212334140261 -4.926790461025687
-4.924602107102719 -4.920338618427652
-4.918991880065176 -4.913886850389408
-4.913381653027634 -4.907435157663833
-4.907771425990092 -4.900983541011106
-4.902161198952548 -4.894532001198797
-4.896550971915006 -4.888080539001922
-4.890940744877463 -4.881629155203008
-4.885330517839921 -4.875177850592171
-4.879720290802378 -4.868726625967181
-4.874110063764835 -4.862275482133532
-4.868499836727293 -4.855824419904516
-4.862889609689750 -4.849373440101288
-4.857279382652207 -4.842922543552945
-4.851669155614665 -4.836471731096598
-4.846058928577122 -4.830021003577434
-4.840448701539580 -4.823570361848808
-4.834838474502037 -4.817119806772303
-4.829228247464494 -4.810669339217811
-4.823618020426951 -4.804218960063608
-4.818007793389409 -4.797768670196429
-4.812397566351867 -4.791318470511545
-4.806787339314324 -4.784868361912846
-4.801177112276781 -4.778418345312907
-4.795566885239238 -4.771968421633084
-4.789956658201696 -4.765518591803575
-4.784346431164153 -4.759068856763515
-4.778736204126611 -4.752619217461048
-4.773125977089068 -4.746169674853412
-4.767515750051525 -4.739720229907023
-4.761905523013983 -4.733270883597553
-4.756295295976440 -4.726821636910016
-4.750685068938898 -4.720372490838853
-4.745074841901355 -4.713923446388019
-4.739464614863812 -4.707474504571062
-4.733854387826270 -4.701025666411212
-4.728244160788727 -4.694576932941475
-4.722633933751185 -4.688128305204710
-4.717023706713642 -4.681679784253724
-4.711413479676099 -4.675231371151359
-4.705803252638557 -4.668783066970583
-4.700193025601014 -4.662334872794581
-4.694582798563472 -4.655886789716843
-4.688972571525929 -4.649438818841260
-4.683362344488386 -4.642990961282213
-4.677752117450844 -4.636543218164675
-4.672141890413301 -4.630095590624293
-4.666531663375759 -4.623648079807493
-4.660921436338215 -4.617200686871567
-4.655311209300673 -4.610753412984784
-4.649700982263131 -4.604306259326471
-4.644090755225588 -4.597859227087120
-4.638480528188046 -4.591412317468488
-4.632870301150502 -4.584965531683690
-4.627260074112960 -4.578518870957310
-4.621649847075417 -4.572072336525490
-4.616039620037875 -4.565625929636043
-4.610429393000333 -4.559179651548547
-4.604819165962789 -4.552733503534457
-4.599208938925247 -4.546287486877208
-4.593598711887704 -4.539841602872311
-4.587988484850161 -4.533395852827473
-4.582378257812620 -4.526950238062696
-4.576768030775076 -4.520504759910384
-4.571157803737534 -4.514059419715460
-4.565547576699991 -4.507614218835466
-4.559937349662448 -4.501169158640678
-4.554327122624906 -4.494724240514222
-4.548716895587363 -4.488279465852175
-4.543106668549821 -4.481834836063687
-4.537496441512278 -4.475390352571095
-4.531886214474735 -4.468946016810034
-4.526275987437193 -4.462501830229555
-4.520665760399650 -4.456057794292238
-4.515055533362108 -4.449613910474319
-4.509445306324565 -4.443170180265796
-4.503835079287022 -4.436726605170558
-4.498224852249480 -4.430283186706506
-4.492614625211937 -4.423839926405659
-4.487004398174395 -4.417396825814299
-4.481394171136852 -4.410953886493077
-4.475783944099309 -4.404511110017147
-4.470173717061767 -4.398068497976283
-4.464563490024224 -4.391626051975007
-4.458953262986681 -4.385183773632727
-4.453343035949139 -4.378741664583846
-4.447732808911596 -4.372299726477905
-4.442122581874054 -4.365857960979712
-4.436512354836511 -4.359416369769461
-4.430902127798968 -4.352974954542881
-4.425291900761426 -4.346533717011354
-4.419681673723883 -4.340092658902057
-4.414071446686341 -4.333651781958097
-4.408461219648798 -4.327211087938641
-4.402850992611255 -4.320770578619059
-4.397240765573713 -4.314330255791058
-4.391630538536170 -4.307890121262822
-4.386020311498627 -4.301450176859157
-4.380410084461085 -4.295010424421619
-4.374799857423542 -4.288570865808672
-4.369189630386000 -4.282131502895817
-4.363579403348457 -4.275692337575746
-4.357969176310914 -4.269253371758485
-4.352358949273372 -4.262814607371539
-4.346748722235829 -4.256376046360032
-4.341138495198287 -4.249937690686871
-4.335528268160743 -4.243499542332885
-4.329918041123201 -4.237061603296977
-4.324307814085659 -4.230623875596276
-4.318697587048115 -4.224186361266291
-4.313087360010574 -4.217749062361068
-4.307477132973030 -4.211311980953330
-4.301866905935488 -4.204875119134659
-4.296256678897945 -4.198438479015627
-4.290646451860402 -4.192002062725972
-4.285036224822861 -4.185565872414752
-4.279425997785317 -4.179129910250500
-4.273815770747775 -4.172694178421397
-4.268205543710232 -4.166258679135424
-4.262595316672689 -4.159823414620533
-4.256985089635148 -4.153388387124815
-4.251374862597604 -4.146953598916651
-4.245764635560062 -4.140519052284904
-4.240154408522519 -4.134084749539063
-4.234544181484976 -4.127650693009429
-4.228933954447434 -4.121216885047286
-4.223323727409891 -4.114783328025059
-4.217713500372349 -4.108350024336506
-4.212103273334806 -4.101916976396881
-4.206493046297263 -4.095484186643113
-4.200882819259721 -4.089051657533987
-4.195272592222178 -4.082619391550314
-4.189662365184636 -4.076187391195120
-4.184052138147093 -4.069755658993823
-4.178441911109550 -4.063324197494410
-4.172831684072008 -4.056893009267633
-4.167221457034465 -4.050462096907180
-4.161611229996923 -4.044031463029871
-4.156001002959380 -4.037601110275839
-4.150390775921837 -4.031171041308721
-4.144780548884295 -4.024741258815851
-4.139170321846752 -4.018311765508443
-4.133560094809209 -4.011882564121793
-4.127949867771667 -4.005453657415462
-4.122339640734124 -3.999025048173481
-4.116729413696582 -3.992596739204544
-4.111119186659039 -3.986168733342196
-4.105508959621496 -3.979741033445054
-4.099898732583954 -3.973313642396979
-4.094288505546411 -3.966886563107303
-4.088678278508868 -3.960459798511016
-4.083068051471326 -3.954033351568974
-4.077457824433783 -3.947607225268108
-4.071847597396241 -3.941181422621628
-4.066237370358698 -3.934755946669227
-4.060627143321155 -3.928330800477303
-4.055016916283613 -3.921905987139156
-4.049406689246070 -3.915481509775207
-4.043796462208528 -3.909057371533212
-4.038186235170985 -3.902633575588475
-4.032576008133442 -3.896210125144068
-4.026965781095900 -3.889787023431041
-4.021355554058357 -3.883364273708651
-4.015745327020815 -3.876941879264573
-4.010135099983271 -3.870519843415129
-4.004524872945729 -3.864098169505509
-3.998914645908187 -3.857676860909998
-3.993304418870644 -3.851255921032194
-3.987694191833101 -3.844835353305245
-3.982083964795559 -3.838415161192077
-3.976473737758016 -3.831995348185615
-3.970863510720473 -3.825575917809027
-3.965253283682931 -3.819156873615949
-3.959643056645388 -3.812738219190725
-3.954032829607846 -3.806319958148638
-3.948422602570303 -3.799902094136150
-3.942812375532760 -3.793484630831144
-3.937202148495218 -3.787067571943160
-3.931591921457675 -3.780650921213637
-3.925981694420132 -3.774234682416160
-3.920371467382590 -3.767818859356705
-3.914761240345047 -3.761403455873874
-3.909151013307504 -3.754988475839164
-3.903540786269962 -3.748573923157192
-3.897930559232419 -3.742159801765967
-3.892320332194877 -3.735746115637128
-3.886710105157334 -3.729332868776203
-3.881099878119791 -3.722920065222864
-3.875489651082249 -3.716507709051184
-3.869879424044706 -3.710095804369892
-3.864269197007164 -3.703684355322636
-3.858658969969621 -3.697273366088246
-3.853048742932078 -3.690862840880986
-3.847438515894536 -3.684452783950833
-3.841828288856993 -3.678043199583731
-3.836218061819451 -3.671634092101863
-3.830607834781908 -3.665225465863918
-3.824997607744365 -3.658817325265364
-3.819387380706823 -3.652409674738717
-3.813777153669280 -3.646002518753810
-3.808166926631738 -3.639595861818077
-3.802556699594195 -3.633189708476824
-3.796946472556652 -3.626784063313502
-3.791336245519110 -3.620378930949997
-3.785726018481567 -3.613974316046900
-3.780115791444024 -3.607570223303794
-3.774505564406482 -3.601166657459541
-3.768895337368939 -3.594763623292561
-3.763285110331396 -3.588361125621120
-3.757674883293854 -3.581959169303623
-3.752064656256311 -3.575557759238897
-3.746454429218768 -3.569156900366487
-3.740844202181226 -3.562756597666948
-3.735233975143683 -3.556356856162138
-3.729623748106141 -3.549957680915516
-3.724013521068598 -3.543559077032434
-3.718403294031055 -3.537161049660445
-3.712793066993513 -3.530763603989596
-3.707182839955970 -3.524366745252729
-3.701572612918428 -3.517970478725793
-3.695962385880885 -3.511574809728143
-3.690352158843342 -3.505179743622842
-3.684741931805800 -3.498785285816981
-3.679131704768257 -3.492391441761975
-3.673521477730715 -3.485998216953885
-3.667911250693172 -3.479605616933726
-3.662301023655629 -3.473213647287779
-3.656690796618087 -3.466822313647911
-3.651080569580544 -3.460431621691887
-3.645470342543002 -3.454041577143697
-3.639860115505459 -3.447652185773863
-3.634249888467916 -3.441263453399774
-3.628639661430374 -3.434875385886000
-3.623029434392831 -3.428487989144622
-3.617419207355288 -3.422101269135553
-3.611808980317746 -3.415715231866869
-3.606198753280203 -3.409329883395141
-3.600588526242660 -3.402945229825753
-3.594978299205118 -3.396561277313253
-3.589368072167575 -3.390178032061669
-3.583757845130032 -3.383795500324853
-3.578147618092490 -3.377413688406815
-3.572537391054947 -3.371032602662063
-3.566927164017405 -3.364652249495937
-3.561316936979862 -3.358272635364955
-3.555706709942319 -3.351893766777154
-3.550096482904777 -3.345515650292431
-3.544486255867234 -3.339138292522890
-3.538876028829692 -3.332761700133189
-3.533265801792149 -3.326385879840887
-3.527655574754606 -3.320010838416792
-3.522045347717064 -3.313636582685314
-3.516435120679521 -3.307263119524816
-3.510824893641979 -3.300890455867967
-3.505214666604436 -3.294518598702096
-3.499604439566893 -3.288147555069551
-3.493994212529351 -3.281777332068055
-3.488383985491808 -3.275407936851062
-3.482773758454266 -3.269039376628125
-3.477163531416723 -3.262671658665248
-3.471553304379180 -3.256304790285256
-3.465943077341638 -3.249938778868156
-3.460332850304095 -3.243573631851503
-3.454722623266552 -3.237209356730768
-3.449112396229010 -3.230845961059706
-3.443502169191467 -3.224483452450723
-3.437891942153924 -3.218121838575250
-3.432281715116382 -3.211761127164112
-3.426671488078839 -3.205401326007904
-3.421061261041296 -3.199042442957364
-3.415451034003754 -3.192684485923748
-3.409840806966211 -3.186327462879208
-3.404230579928669 -3.179971381857172
-3.398620352891126 -3.173616250952715
-3.393010125853583 -3.167262078322953
-3.387399898816041 -3.160908872187413
-3.381789671778498 -3.154556640828421
-3.376179444740956 -3.148205392591483
-3.370569217703413 -3.141855135885675
-3.364958990665870 -3.135505879184023
-3.359348763628328 -3.129157631023895
-3.353738536590785 -3.122810400007388
-3.348128309553243 -3.116464194801715
-3.342518082515700 -3.110119024139600
-3.336907855478157 -3.103774896819663
-3.331297628440615 -3.097431821706822
-3.325687401403072 -3.091089807732672
-3.320077174365530 -3.084748863895898
-3.314466947327987 -3.078408999262653
-3.308856720290444 -3.072070222966968
-3.303246493252902 -3.065732544211138
-3.297636266215359 -3.059395972266127
-3.292026039177816 -3.053060516471968
-3.286415812140274 -3.046726186238155
-3.280805585102731 -3.040392991044057
-3.275195358065188 -3.034060940439305
-3.269585131027646 -3.027730044044205
-3.263974903990103 -3.021400311550136
-3.258364676952560 -3.015071752719955
-3.252754449915018 -3.008744377388405
-3.247144222877475 -3.002418195462516
-3.241533995839933 -2.996093216922013
-3.235923768802390 -2.989769451819723
-3.230313541764847 -2.983446910281983
-3.224703314727305 -2.977125602509048
-3.219093087689762 -2.970805538775497
-3.213482860652220 -2.964486729430648
-3.207872633614677 -2.958169184898962
-3.202262406577134 -2.951852915680458
-3.196652179539592 -2.945537932351122
-3.191041952502049 -2.939224245563318
-3.185431725464507 -2.932911866046200
-3.179821498426964 -2.926600804606127
-3.174211271389421 -2.920291072127073
-3.168601044351879 -2.913982679571039
-3.162990817314336 -2.907675637978472
-3.157380590276794 -2.901369958468671
-3.151770363239251 -2.895065652240210
-3.146160136201708 -2.888762730571345
-3.140549909164166 -2.882461204820434
-3.134939682126623 -2.876161086426344
-3.129329455089080 -2.869862386908879
-3.123719228051538 -2.863565117869181
-3.118109001013995 -2.857269290990156
-3.112498773976452 -2.850974918036883
-3.106888546938910 -2.844682010857035
-3.101278319901367 -2.838390581381286
-3.095668092863824 -2.832100641623735
-3.090057865826282 -2.825812203682319
-3.084447638788739 -2.819525279739224
-3.078837411751197 -2.813239882061306
-3.073227184713654 -2.806956023000503
-3.067616957676111 -2.800673714994248
-3.062006730638569 -2.794392970565890
-3.056396503601026 -2.788113802325101
-3.050786276563484 -2.781836222968295
-3.045176049525941 -2.775560245279038
-3.039565822488398 -2.769285882128468
-3.033955595450856 -2.763013146475698
-3.028345368413313 -2.756742051368237
-3.022735141375771 -2.750472609942398
-3.017124914338228 -2.744204835423710
-3.011514687300685 -2.737938741127329
-3.005904460263143 -2.731674340458451
-3.000294233225600 -2.725411646912715
-2.994684006188058 -2.719150674076618
-2.989073779150515 -2.712891435627921
-2.983463552112972 -2.706633945336058
-2.977853325075430 -2.700378217062539
-2.972243098037887 -2.694124264761359
-2.966632871000344 -2.687872102479400
-2.961022643962802 -2.681621744356839
-2.955412416925259 -2.675373204627547
-2.949802189887716 -2.669126497619492
-2.944191962850174 -2.662881637755139
-2.938581735812631 -2.656638639551852
-2.932971508775088 -2.650397517622290
-2.927361281737546 -2.644158286674803
-2.921751054700003 -2.637920961513831
-2.916140827662461 -2.631685557040299
-2.910530600624918 -2.625452088252003
-2.904920373587375 -2.619220570244010
-2.899310146549833 -2.612991018209045
-2.893699919512290 -2.606763447437876
-2.888089692474748 -2.600537873319710
-2.882479465437205 -2.594314311342567
-2.876869238399662 -2.588092777093672
-2.871259011362120 -2.581873286259834
-2.865648784324577 -2.575655854627826
-2.860038557287035 -2.569440498084763
-2.854428330249492 -2.563227232618479
-2.848818103211949 -2.557016074317901
-2.843207876174407 -2.550807039373421
-2.837597649136864 -2.544600144077267
-2.831987422099322 -2.538395404823870
-2.826377195061779 -2.532192838110230
-2.820766968024236 -2.525992460536281
-2.815156740986694 -2.519794288805249
-2.809546513949151 -2.513598339724014
-2.803936286911608 -2.507404630203466
-2.798326059874066 -2.501213177258856
-2.792715832836523 -2.495023998010152
-2.787105605798980 -2.488837109682382
-2.781495378761438 -2.482652529605986
-2.775885151723895 -2.476470275217156
-2.770274924686353 -2.470290364058173
-2.764664697648810 -2.464112813777753
-2.759054470611267 -2.457937642131373
-2.753444243573725 -2.451764866981611
-2.747834016536182 -2.445594506298463
-2.742223789498639 -2.439426578159682
-2.736613562461097 -2.433261100751088
-2.731003335423554 -2.427098092366895
-2.725393108386012 -2.420937571410022
-2.719782881348469 -2.414779556392407
-2.714172654310926 -2.408624065935316
-2.708562427273384 -2.402471118769644
-2.702952200235841 -2.396320733736222
-2.697341973198299 -2.390172929786113
-2.691731746160756 -2.384027725980900
-2.686121519123213 -2.377885141492988
-2.680511292085671 -2.371745195605877
-2.674901065048128 -2.365607907714453
-2.669290838010586 -2.359473297325263
-2.663680610973043 -2.353341384056788
-2.658070383935500 -2.347212187639717
-2.652460156897957 -2.341085727917203
-2.646849929860415 -2.334962024845140
-2.641239702822872 -2.328841098492399
-2.635629475785330 -2.322722969041100
-2.630019248747787 -2.316607656786846
-2.624409021710244 -2.310495182138971
-2.618798794672702 -2.304385565620778
-2.613188567635159 -2.298278827869772
-2.607578340597617 -2.292174989637887
-2.601968113560074 -2.286074071791712
-2.596357886522531 -2.279976095312708
-2.590747659484989 -2.273881081297418
-2.585137432447446 -2.267789050957679
-2.579527205409904 -2.261700025620827
-2.573916978372361 -2.255614026729885
-2.568306751334818 -2.249531075843764
-2.562696524297276 -2.243451194637446
-2.557086297259733 -2.237374404902161
-2.551476070222191 -2.231300728545567
-2.545865843184647 -2.225230187591915
-2.540255616147105 -2.219162804182219
-2.534645389109563 -2.213098600574404
-2.529035162072020 -2.207037599143460
-2.523424935034477 -2.200979822381592
-2.517814707996934 -2.194925292898354
-2.512204480959392 -2.188874033420782
-2.506594253921850 -2.182826066793518
-2.500984026884307 -2.176781415978935
-2.495373799846764 -2.170740104057245
-2.489763572809221 -2.164702154226608
-2.484153345771679 -2.158667589803231
-2.478543118734136 -2.152636434221457
-2.472932891696594 -2.146608711033857
-2.467322664659051 -2.140584443911302
-2.461712437621508 -2.134563656643043
-2.456102210583966 -2.128546373136766
-2.450491983546423 -2.122532617418656
-2.444881756508881 -2.116522413633442
-2.439271529471338 -2.110515786044441
-2.433661302433795 -2.104512759033598
-2.428051075396253 -2.098513357101503
-2.422440848358710 -2.092517604867415
-2.416830621321168 -2.086525527069277
-2.411220394283625 -2.080537148563714
-2.405610167246082 -2.074552494326033
-2.399999940208540 -2.068571589450204
-2.394389713170997 -2.062594459148847
-2.388779486133455 -2.056621128753196
-2.383169259095911 -2.050651623713066
-2.377559032058369 -2.044685969596808
-2.371948805020827 -2.038724192091248
-2.366338577983284 -2.032766317001629
-2.360728350945741 -2.026812370251537
-2.355118123908198 -2.020862377882823
-2.349507896870656 -2.014916366055509
-2.343897669833114 -2.008974361047692
-2.338287442795571 -2.003036389255436
-2.332677215758028 -1.997102477192652
-2.327066988720485 -1.991172651490975
-2.321456761682943 -1.985246938899627
-2.315846534645400 -1.979325366285269
-2.310236307607858 -1.973407960631851
-2.304626080570315 -1.967494749040442
-2.299015853532772 -1.961585758729059
-2.293405626495230 -1.955681017032484
-2.287795399457687 -1.949780551402062
-2.282185172420145 -1.943884389405507
-2.276574945382602 -1.937992558726677
-2.270964718345059 -1.932105087165361
-2.265354491307517 -1.926222002637033
-2.259744264269974 -1.920343333172612
-2.254134037232432 -1.914469106918204
-2.248523810194889 -1.908599352134837
-2.242913583157346 -1.902734097198184
-2.237303356119804 -1.896873370598271
-2.231693129082261 -1.891017200939182
-2.226082902044719 -1.885165616938747
-2.220472675007175 -1.879318647428221
-2.214862447969633 -1.873476321351954
-2.209252220932091 -1.867638667767043
-2.203641993894548 -1.861805715842981
-2.198031766857005 -1.855977494861289
-2.192421539819462 -1.850154034215139
-2.186811312781920 -1.844335363408966
-2.181201085744378 -1.838521512058061
-2.175590858706835 -1.832712509888167
-2.169980631669292 -1.826908386735046
-2.164370404631749 -1.821109172544050
-2.158760177594207 -1.815314897369667
-2.153149950556664 -1.809525591375060
-2.147539723519122 -1.803741284831597
-2.141929496481579 -1.797962008118365
-2.136319269444036 -1.792187791721672
-2.130709042406494 -1.786418666234537
-2.125098815368951 -1.780654662356165
-2.119488588331409 -1.774895810891417
-2.113878361293866 -1.769142142750258
-2.108268134256323 -1.763393688947198
-2.102657907218781 -1.757650480600718
-2.097047680181238 -1.751912548932683
-2.091437453143696 -1.746179925267744
-2.085827226106153 -1.740452641032723
-2.080216999068610 -1.734730727755994
-2.074606772031068 -1.729014217066834
-2.068996544993525 -1.723303140694778
-2.063386317955983 -1.717597530468952
-2.057776090918439 -1.711897418317393
-2.052165863880897 -1.706202836266357
-2.046555636843355 -1.700513816439615
-2.040945409805812 -1.694830391057728
-2.035335182768269 -1.689152592437318
-2.029724955730726 -1.683480452990322
-2.024114728693184 -1.677814005223225
-2.018504501655642 -1.672153281736290
-2.012894274618099 -1.666498315222768
-2.007284047580556 -1.660849138468094
-2.001673820543013 -1.655205784349070
-1.996063593505471 -1.649568285833036
-1.990453366467928 -1.643936675977020
-1.984843139430386 -1.638310987926882
-1.979232912392843 -1.632691254916438
-1.973622685355300 -1.627077510266576
-1.968012458317758 -1.621469787384346
-1.962402231280215 -1.615868119762045
-1.956792004242673 -1.610272540976290
-1.951181777205130 -1.604683084687063
-1.945571550167587 -1.599099784636760
-1.939961323130045 -1.593522674649206
-1.934351096092502 -1.587951788628669
-1.928740869054960 -1.582387160558854
-1.923130642017417 -1.576828824501881
-1.917520414979874 -1.571276814597257
-1.911910187942332 -1.565731165060817
-1.906299960904789 -1.560191910183664
-1.900689733867247 -1.554659084331090
-1.895079506829703 -1.549132721941479
-1.889469279792161 -1.543612857525201
-1.883859052754619 -1.538099525663483
-1.878248825717076 -1.532592761007270
-1.872638598679533 -1.527092598276075
-1.867028371641990 -1.521599072256804
-1.861418144604448 -1.516112217802573
-1.855807917566906 -1.510632069831505
-1.850197690529363 -1.505158663325522
-1.844587463491820 -1.499692033329104
-1.838977236454277 -1.494232214948055
-1.833367009416735 -1.488779243348231
-1.827756782379192 -1.483333153754271
-1.822146555341650 -1.477893981448305
-1.816536328304107 -1.472461761768644
-1.810926101266564 -1.467036530108463
-1.805315874229022 -1.461618321914459
-1.799705647191479 -1.456207172685501
-1.794095420153937 -1.450803117971267
-1.788485193116394 -1.445406193370851
-1.782874966078851 -1.440016434531379
-1.777264739041309 -1.434633877146584
-1.771654512003766 -1.429258556955381
-1.766044284966224 -1.423890509740429
-1.760434057928681 -1.418529771326666
-1.754823830891138 -1.413176377579841
-1.749213603853596 -1.407830364405020
-1.743603376816053 -1.402491767745085
-1.737993149778511 -1.397160623579217
-1.732382922740968 -1.391836967921357
-1.726772695703425 -1.386520836818665
-1.721162468665883 -1.381212266349948
-1.715552241628340 -1.375911292624088
-1.709942014590797 -1.370617951778443
-1.704331787553254 -1.365332279977248
-1.698721560515712 -1.360054313409978
-1.693111333478170 -1.354784088289724
-1.687501106440627 -1.349521640851532
-1.681890879403084 -1.344267007350739
-1.676280652365541 -1.339020224061294
-1.670670425327999 -1.333781327274056
-1.665060198290456 -1.328550353295089
-1.659449971252914 -1.323327338443934
-1.653839744215371 -1.318112319051872
-1.648229517177828 -1.312905331460170
-1.642619290140286 -1.307706412018313
-1.637009063102743 -1.302515597082223
-1.631398836065201 -1.297332923012463
-1.625788609027658 -1.292158426172429
-1.620178381990115 -1.286992142926528
-1.614568154952573 -1.281834109638334
-1.608957927915030 -1.276684362668747
-1.603347700877488 -1.271542938374123
-1.597737473839945 -1.266409873104398
-1.592127246802402 -1.261285203201197
-1.586517019764860 -1.256168964995931
-1.580906792727317 -1.251061194807877
-1.575296565689774 -1.245961928942253
-1.569686338652232 -1.240871203688269
-1.564076111614689 -1.235789055317174
-1.558465884577147 -1.230715520080290
-1.552855657539604 -1.225650634207024
-1.547245430502061 -1.220594433902880
-1.541635203464518 -1.215546955347456
-1.536024976426976 -1.210508234692418
-1.530414749389434 -1.205478308059474
-1.524804522351891 -1.200457211538335
-1.519194295314348 -1.195444981184655
-1.513584068276805 -1.190441653017974
-1.507973841239263 -1.185447263019635
-1.502363614201720 -1.180461847130700
-1.496753387164178 -1.175485441249846
-1.491143160126635 -1.170518081231261
-1.485532933089092 -1.165559802882523
-1.479922706051550 -1.160610641962462
-1.474312479014007 -1.155670634179024
-1.468702251976465 -1.150739815187120
-1.463092024938922 -1.145818220586456
-1.457481797901379 -1.140905885919372
-1.451871570863837 -1.136002846668650
-1.446261343826294 -1.131109138255325
-1.440651116788752 -1.126224796036490
-1.435040889751209 -1.121349855303075
-1.429430662713666 -1.116484351277639
-1.423820435676124 -1.111628319112134
-1.418210208638581 -1.106781793885671
-1.412599981601038 -1.101944810602275
-1.406989754563496 -1.097117404188632
-1.401379527525953 -1.092299609491828
-1.395769300488411 -1.087491461277076
-1.390159073450868 -1.082692994225445
-1.384548846413325 -1.077904242931571
-1.378938619375782 -1.073125241901372
-1.373328392338240 -1.068356025549742
-1.367718165300698 -1.063596628198250
-1.362107938263155 -1.058847084072831
-1.356497711225612 -1.054107427301465
-1.350887484188069 -1.049377691911857
-1.345277257150527 -1.044657911829102
-1.339667030112984 -1.039948120873355
-1.334056803075442 -1.035248352757492
-1.328446576037899 -1.030558641084760
-1.322836349000356 -1.025879019346433
-1.317226121962814 -1.021209520919452
-1.311615894925271 -1.016550179064073
-1.306005667887729 -1.011901026921495
-1.300395440850186 -1.007262097511505
-1.294785213812643 -1.002633423730103
-1.289174986775101 -0.998015038347124
-1.283564759737558 -0.993406974003873
-1.277954532700016 -0.988809263210737
-1.272344305662473 -0.984221938344809
-1.266734078624930 -0.979645031647505
-1.261123851587388 -0.975078575222179
-1.255513624549845 -0.970522601031733
-1.249903397512302 -0.965977140896236
-1.244293170474760 -0.961442226490531
-1.238682943437217 -0.956917889341847
-1.233072716399675 -0.952404160827408
-1.227462489362132 -0.947901072172048
-1.221852262324589 -0.943408654445817
-1.216242035287046 -0.938926938561594
-1.210631808249504 -0.934455955272700
-1.205021581211962 -0.929995735170509
-1.199411354174419 -0.925546308682063
-1.193801127136876 -0.921107706067689
-1.188190900099333 -0.916679957418621
-1.182580673061791 -0.912263092654613
-1.176970446024248 -0.907857141521567
-1.171360218986706 -0.903462133589160
-1.165749991949163 -0.899078098248473
-1.160139764911620 -0.894705064709624
-1.154529537874078 -0.890343061999405
-1.148919310836535 -0.885992118958923
-1.143309083798993 -0.881652264241249
-1.137698856761450 -0.877323526309066
-1.132088629723907 -0.873005933432329
-1.126478402686365 -0.868699513685923
-1.120868175648822 -0.864404294947332
-1.115257948611280 -0.860120304894316
-1.109647721573737 -0.855847571002589
-1.104037494536194 -0.851586120543507
-1.098427267498652 -0.847335980581763
-1.092817040461109 -0.843097177973090
-1.087206813423566 -0.838869739361971
-1.081596586386024 -0.834653691179360
-1.075986359348481 -0.830449059640404
-1.070376132310939 -0.826255870742183
-1.064765905273396 -0.822074150261457
-1.059155678235853 -0.817903923752420
-1.053545451198310 -0.813745216544452
-1.047935224160768 -0.809598053739926
-1.042324997123226 -0.805462460211962
-1.036714770085683 -0.801338460602239
-1.031104543048140 -0.797226079318799
-1.025494316010597 -0.793125340533875
-1.019884088973055 -0.789036268181710
-1.014273861935512 -0.784958885956412
-1.008663634897970 -0.780893217309807
-1.003053407860427 -0.776839285449308
-0.997443180822884 -0.772797113335804
-0.991832953785342 -0.768766723681550
-0.986222726747799 -0.764748138948081
-0.980612499710257 -0.760741381344140
-0.975002272672714 -0.756746472823618
-0.969392045635171 -0.752763435083506
-0.963781818597629 -0.748792289561870
-0.958171591560086 -0.744833057435837
-0.952561364522544 -0.740885759619594
-0.946951137485001 -0.736950416762412
-0.941340910447458 -0.733027049246684
-0.935730683409916 -0.729115677185969
-0.930120456372373 -0.725216320423072
-0.924510229334830 -0.721328998528127
-0.918900002297288 -0.717453730796709
-0.913289775259745 -0.713590536247951
-0.907679548222203 -0.709739433622695
-0.902069321184660 -0.705900441381651
-0.896459094147117 -0.702073577703579
-0.890848867109574 -0.698258860483497
-0.885238640072032 -0.694456307330894
-0.879628413034490 -0.690665935567978
-0.874018185996947 -0.686887762227941
-0.868407958959404 -0.683121804053235
-0.862797731921861 -0.679368077493890
-0.857187504884319 -0.675626598705827
-0.851577277846777 -0.671897383549219
-0.845967050809234 -0.668180447586855
-0.840356823771691 -0.664475806082538
-0.834746596734148 -0.660783473999500
-0.829136369696606 -0.657103465998842
-0.823526142659063 -0.653435796437996
-0.817915915621521 -0.649780479369217
-0.812305688583978 -0.646137528538087
-0.806695461546435 -0.642506957382059
-0.801085234508893 -0.638888779029008
-0.795475007471350 -0.635283006295823
-0.789864780433808 -0.631689651687013
-0.784254553396265 -0.628108727393345
-0.778644326358722 -0.624540245290504
-0.773034099321180 -0.620984216937780
-0.767423872283637 -0.617440653576784
-0.761813645246094 -0.613909566130181
-0.756203418208552 -0.610390965200469
-0.750593191171009 -0.606884861068757
-0.744982964133467 -0.603391263693601
-0.739372737095924 -0.599910182709840
-0.733762510058381 -0.596441627427481
-0.728152283020838 -0.592985606830599
-0.722542055983296 -0.589542129576270
-0.716931828945754 -0.586111203993530
-0.711321601908211 -0.582692838082368
-0.705711374870668 -0.579287039512741
-0.700101147833125 -0.575893815623624
-0.694490920795583 -0.572513173422083
-0.688880693758041 -0.569145119582383
-0.683270466720498 -0.565789660445126
-0.677660239682955 -0.562446802016410
-0.672050012645412 -0.559116549967035
-0.666439785607870 -0.555798909631717
-0.660829558570327 -0.552493886008355
-0.655219331532785 -0.549201483757309
-0.649609104495242 -0.545921707200722
-0.643998877457699 -0.542654560321878
-0.638388650420157 -0.539400046764557
-0.632778423382614 -0.536158169832473
-0.627168196345072 -0.532928932488701
-0.621557969307529 -0.529712337355155
-0.615947742269986 -0.526508386712094
-0.610337515232444 -0.523317082497660
-0.604727288194901 -0.520138426307445
-0.599117061157358 -0.516972419394095
-0.593506834119816 -0.513819062666944
-0.587896607082273 -0.510678356691678
-0.582286380044731 -0.507550301690035
-0.576676153007188 -0.504434897539534
-0.571065925969645 -0.501332143773240
-0.565455698932102 -0.498242039579565
-0.559845471894560 -0.495164583802085
-0.554235244857018 -0.492099774939414
-0.548625017819475 -0.489047611145092
-0.543014790781932 -0.486008090227514
-0.537404563744389 -0.482981209649893
-0.531794336706847 -0.479966966530251
-0.526184109669305 -0.476965357641446
-0.520573882631762 -0.473976379411236
-0.514963655594219 -0.471000027922364
-0.509353428556676 -0.468036298912698
-0.503743201519134 -0.465085187775377
-0.498132974481591 -0.462146689559010
-0.492522747444049 -0.459220798967906
-0.486912520406506 -0.456307510362327
-0.481302293368963 -0.453406817758783
-0.475692066331421 -0.450518714830362
-0.470081839293878 -0.447643194907084
-0.464471612256336 -0.444780250976297
-0.458861385218793 -0.441929875683101
-0.453251158181250 -0.439092061330809
-0.447640931143708 -0.436266799881435
-0.442030704106165 -0.433454082956226
-0.436420477068622 -0.430653901836213
-0.430810250031080 -0.427866247462807
-0.425200022993537 -0.425091110438421
-0.419589795955995 -0.422328481027127
-0.413979568918452 -0.419578349155345
-0.408369341880909 -0.416840704412567
-0.402759114843366 -0.414115536052112
-0.397148887805824 -0.411402832991911
-0.391538660768282 -0.408702583815324
-0.385928433730739 -0.406014776772003
-0.380318206693196 -0.403339399778763
-0.374707979655653 -0.400676440420506
-0.369097752618111 -0.398025885951167
-0.363487525580569 -0.395387723294690
-0.357877298543026 -0.392761939046048
-0.352267071505483 -0.390148519472274
-0.346656844467940 -0.387547450513548
-0.341046617430398 -0.384958717784290
-0.335436390392855 -0.382382306574305
-0.329826163355313 -0.379818201849946
-0.324215936317770 -0.377266388255312
-0.318605709280227 -0.374726850113478
-0.312995482242685 -0.372199571427751
-0.307385255205142 -0.369684535882961
-0.301775028167600 -0.367181726846776
-0.296164801130057 -0.364691127371054
-0.290554574092514 -0.362212720193218
-0.284944347054972 -0.359746487737664
-0.279334120017429 -0.357292412117194
-0.273723892979886 -0.354850475134486
-0.268113665942343 -0.352420658283584
-0.262503438904801 -0.350002942751418
-0.256893211867259 -0.347597309419357
-0.251282984829716 -0.345203738864784
-0.245672757792173 -0.342822211362702
-0.240062530754630 -0.340452706887369
-0.234452303717088 -0.338095205113952
-0.228842076679546 -0.335749685420219
-0.223231849642003 -0.333416126888249
-0.217621622604460 -0.331094508306172
-0.212011395566917 -0.328784808169930
-0.206401168529375 -0.326487004685079
-0.200790941491832 -0.324201075768592
-0.195180714454290 -0.321926999050709
-0.189570487416747 -0.319664751876800
-0.183960260379204 -0.317414311309256
-0.178350033341662 -0.315175654129406
-0.172739806304119 -0.312948756839452
-0.167129579266577 -0.310733595664435
-0.161519352229034 -0.308530146554218
-0.155909125191491 -0.306338385185498
-0.150298898153949 -0.304158286963829
-0.144688671116406 -0.301989827025690
-0.139078444078864 -0.299832980240546
-0.133468217041321 -0.297687721212951
-0.127857990003778 -0.295554024284669
-0.122247762966236 -0.293431863536809
-0.116637535928693 -0.291321212791983
-0.111027308891150 -0.289222045616493
-0.105417081853608 -0.287134335322525
-0.099806854816065 -0.285058054970370
-0.094196627778523 -0.282993177370662
-0.088586400740980 -0.280939675086637
-0.082976173703437 -0.278897520436407
-0.077365946665894 -0.276866685495254
-0.071755719628352 -0.274847142097940
-0.066145492590810 -0.272838861841038
-0.060535265553267 -0.270841816085278
-0.054925038515724 -0.268855975957906
-0.049314811478181 -0.266881312355064
-0.043704584440639 -0.264917795944185
-0.038094357403096 -0.262965397166401
-0.032484130365554 -0.261024086238968
-0.026873903328011 -0.259093833157704
-0.021263676290468 -0.257174607699446
-0.015653449252926 -0.255266379424512
-0.010043222215383 -0.253369117679185
-0.004432995177841 -0.251482791598207
0.001177231859702 -0.249607370107282
0.006787458897245 -0.247742821925599
0.012397685934787 -0.245889115568359
0.018007912972330 -0.244046219349318
0.023618140009873 -0.242214101383342
0.029228367047415 -0.240392729588966
0.034838594084958 -0.238582071690975
0.040448821122500 -0.236782095222980
0.046059048160043 -0.234992767530016
0.051669275197586 -0.233214055771147
0.057279502235128 -0.231445926922068
0.062889729272671 -0.229688347777736
0.068499956310213 -0.227941284954986
0.074110183347756 -0.226204704895174
0.079720410385299 -0.224478573866816
0.085330637422842 -0.222762857968234
0.090940864460384 -0.221057523130216
0.096551091497926 -0.219362535118670
0.102161318535469 -0.217677859537296
0.107771545573012 -0.216003461830255
0.113381772610555 -0.214339307284842
0.118991999648097 -0.212685361034173
0.124602226685639 -0.211041588059859
0.130212453723182 -0.209407953194705
0.135822680760725 -0.207784421125390
0.141432907798268 -0.206170956395168
0.147043134835810 -0.204567523406559
0.152653361873353 -0.202974086424048
0.158263588910895 -0.201390609576786
0.163873815948438 -0.199817056861287
0.169484042985981 -0.198253392144130
0.175094270023523 -0.196699579164661
0.180704497061066 -0.195155581537695
0.186314724098609 -0.193621362756215
0.191924951136151 -0.192096886194074
0.197535178173694 -0.190582115108694
0.203145405211236 -0.189077012643760
0.208755632248779 -0.187581541831924
0.214365859286322 -0.186095665597488
0.219976086323864 -0.184619346759105
0.225586313361407 -0.183152548032458
0.231196540398949 -0.181695232032951
0.236806767436492 -0.180247361278389
0.242416994474035 -0.178808898191651
0.248027221511578 -0.177379805103366
0.253637448549120 -0.175960044254582
0.259247675586662 -0.174549577799424
0.264857902624205 -0.173148367807756
0.270468129661748 -0.171756376267828
0.276078356699291 -0.170373565088926
0.281688583736833 -0.168999896104009
0.287298810774375 -0.167635331072339
0.292909037811918 -0.166279831682110
0.298519264849461 -0.164933359553061
0.304129491887004 -0.163595876239093
0.309739718924546 -0.162267343230864
0.315349945962089 -0.160947721958383
0.320960172999631 -0.159636973793600
0.326570400037174 -0.158335060052978
0.332180627074717 -0.157041942000059
0.337790854112259 -0.155757580848024
0.343401081149802 -0.154481937762235
0.349011308187345 -0.153214973862779
0.354621535224887 -0.151956650226988
0.360231762262430 -0.150706927891958
0.365841989299972 -0.149465767857052
0.371452216337515 -0.148233131086395
0.377062443375058 -0.147008978511354
0.382672670412600 -0.145793271033009
0.388282897450143 -0.144585969524613
0.393893124487685 -0.143387034834030
0.399503351525228 -0.142196427786178
0.405113578562771 -0.141014109185442
0.410723805600313 -0.139840039818081
0.416334032637856 -0.138674180454627
0.421944259675398 -0.137516491852257
0.427554486712941 -0.136366934757166
0.433164713750484 -0.135225469906914
0.438774940788027 -0.134092058032769
0.444385167825569 -0.132966659862025
0.449995394863111 -0.131849236120313
0.455605621900654 -0.130739747533893
0.461215848938197 -0.129638154831935
0.466826075975740 -0.128544418748780
0.472436303013282 -0.127458500026190
0.478046530050825 -0.126380359415575
0.483656757088367 -0.125309957680213
0.489266984125910 -0.124247255597449
0.494877211163453 -0.123192213960878
0.500487438200995 -0.122144793582511
0.506097665238538 -0.121104955294927
0.511707892276081 -0.120072659953405
0.517318119313623 -0.119047868438043
0.522928346351166 -0.118030541655854
0.528538573388708 -0.117020640542850
0.534148800426251 -0.116018126066108
0.539759027463794 -0.115022959225814
0.545369254501336 -0.114035101057294
0.550979481538879 -0.113054512633028
0.556589708576421 -0.112081155064637
0.562199935613964 -0.111114989504866
0.567810162651507 -0.110155977149536
0.573420389689050 -0.109204079239485
0.579030616726592 -0.108259257062487
0.584640843764134 -0.107321471955156
0.590251070801677 -0.106390685304826
0.595861297839220 -0.105466858551417
0.601471524876763 -0.104549953189282
0.607081751914305 -0.103639930769029
0.612691978951847 -0.102736752899334
0.618302205989390 -0.101840381248724
0.623912433026933 -0.100950777547348
0.629522660064476 -0.100067903588728
0.635132887102018 -0.099191721231487
0.640743114139561 -0.098322192401062
0.646353341177103 -0.097459279091393
0.651963568214646 -0.096602943366597
0.657573795252189 -0.095753147362617
0.663184022289731 -0.094909853288858
0.668794249327274 -0.094073023429799
0.674404476364817 -0.093242620146583
0.680014703402359 -0.092418605878595
0.685624930439902 -0.091600943145009
0.691235157477444 -0.090789594546328
0.696845384514987 -0.089984522765894
0.702455611552530 -0.089185690571383
0.708065838590072 -0.088393060816275
0.713676065627615 -0.087606596441315
0.719286292665157 -0.086826260475939
0.724896519702700 -0.086052016039694
0.730506746740243 -0.085283826343628
0.736116973777786 -0.084521654691666
0.741727200815328 -0.083765464481961
0.747337427852870 -0.083015219208234
0.752947654890413 -0.082270882461079
0.758557881927956 -0.081532417929266
0.764168108965499 -0.080799789401009
0.769778336003041 -0.080072960765224
0.775388563040583 -0.079351896012759
0.780998790078126 -0.078636559237615
0.786609017115669 -0.077926914638131
0.792219244153212 -0.077222926518171
0.797829471190754 -0.076524559288269
0.803439698228297 -0.075831777466767
0.809049925265839 -0.075144545680934
0.814660152303382 -0.074462828668059
0.820270379340925 -0.073786591276528
0.825880606378467 -0.073115798466880
0.831490833416010 -0.072450415312847
0.837101060453553 -0.071790407002370
0.842711287491095 -0.071135738838598
0.848321514528638 -0.070486376240867
0.853931741566180 -0.069842284745661
0.859541968603723 -0.069203430007554
0.865152195641266 -0.068569777800129
0.870762422678808 -0.067941294016882
0.876372649716351 -0.067317944672106
0.881982876753893 -0.066699695901758
0.887593103791436 -0.066086513964302
0.893203330828979 -0.065478365241539
0.898813557866522 -0.064875216239413
0.904423784904064 -0.064277033588804
0.910034011941606 -0.063683784046301
0.915644238979149 -0.063095434494952
0.921254466016692 -0.062511951945001
0.926864693054235 -0.061933303534605
0.932474920091777 -0.061359456530534
0.938085147129319 -0.060790378328851
0.943695374166862 -0.060226036455576
0.949305601204405 -0.059666398567332
0.954915828241948 -0.059111432451969
0.960526055279490 -0.058561106029180
0.966136282317033 -0.058015387351091
0.971746509354575 -0.057474244602835
0.977356736392118 -0.056937646103113
0.982966963429661 -0.056405560304735
0.988577190467203 -0.055877955795143
0.994187417504746 -0.055354801296916
0.999797644542289 -0.054836065668269
1.005407871579831 -0.054321717903516
1.011018098617374 -0.053811727133536
1.016628325654916 -0.053306062626211
1.022238552692459 -0.052804693786849
1.027848779730002 -0.052307590158595
1.033459006767544 -0.051814721422826
1.039069233805087 -0.051326057399522
1.044679460842629 -0.050841568047630
1.050289687880172 -0.050361223465412
1.055899914917715 -0.049884993890772
1.061510141955258 -0.049412849701568
1.067120368992800 -0.048944761415919
1.072730596030342 -0.048480699692483
1.078340823067885 -0.048020635330726
1.083951050105428 -0.047564539271183
1.089561277142971 -0.047112382595689
1.095171504180513 -0.046664136527613
1.100781731218055 -0.046219772432061
1.106391958255598 -0.045779261816078
1.112002185293141 -0.045342576328829
1.117612412330684 -0.044909687761765
1.123222639368226 -0.044480568048784
1.128832866405769 -0.044055189266362
1.134443093443311 -0.043633523633692
1.140053320480854 -0.043215543512787
1.145663547518397 -0.042801221408587
1.151273774555939 -0.042390529969047
1.156884001593482 -0.041983441985208
1.162494228631025 -0.041579930391258
1.168104455668567 -0.041179968264587
1.173714682706110 -0.040783528825817
1.179324909743652 -0.040390585438827
1.184935136781195 -0.040001111610769
1.190545363818738 -0.039615080992062
1.196155590856280 -0.039232467376382
1.201765817893823 -0.038853244700638
1.207376044931365 -0.038477387044934
1.212986271968908 -0.038104868632525
1.218596499006451 -0.037735663829752
1.224206726043993 -0.037369747145980
1.229816953081536 -0.037007093233507
1.235427180119078 -0.036647676887478
1.241037407156621 -0.036291473045781
1.246647634194164 -0.035938456788931
1.252257861231707 -0.035588603339946
1.257868088269249 -0.035241888064212
1.263478315306791 -0.034898286469339
1.269088542344334 -0.034557774205005
1.274698769381877 -0.034220327062790
1.280308996419420 -0.033885920975998
1.285919223456962 -0.033554532019481
1.291529450494505 -0.033226136409434
1.297139677532048 -0.032900710503196
1.302749904569590 -0.032578230799040
1.308360131607133 -0.032258673935943
1.313970358644675 -0.031942016693362
1.319580585682218 -0.031628235990988
1.325190812719761 -0.031317308888503
1.330801039757303 -0.031009212585315
1.336411266794846 -0.030703924420301
1.342021493832388 -0.030401421871524
1.347631720869931 -0.030101682555956
1.353241947907474 -0.029804684229188
1.358852174945016 -0.029510404785125
1.364462401982559 -0.029218822255690
1.370072629020101 -0.028929914810500
1.375682856057644 -0.028643660756552
1.381293083095187 -0.028360038537892
1.386903310132729 -0.028079026735276
1.392513537170272 -0.027800604065833
1.398123764207815 -0.027524749382710
1.403733991245357 -0.027251441674718
1.409344218282900 -0.026980660065965
1.414954445320442 -0.026712383815491
1.420564672357985 -0.026446592316886
1.426174899395528 -0.026183265097912
1.431785126433070 -0.025922381820109
1.437395353470613 -0.025663922278403
1.443005580508155 -0.025407866400705
1.448615807545698 -0.025154194247500
1.454226034583241 -0.024902886011440
1.459836261620783 -0.024653922016920
1.465446488658326 -0.024407282719658
1.471056715695868 -0.024162948706263
1.476666942733411 -0.023920900693803
1.482277169770954 -0.023681119529363
1.487887396808496 -0.023443586189604
1.493497623846039 -0.023208281780308
1.499107850883581 -0.022975187535928
1.504718077921124 -0.022744284819129
1.510328304958668 -0.022515555120321
1.515938531996209 -0.022288980057194
1.521548759033752 -0.022064541374246
1.527158986071294 -0.021842220942304
1.532769213108837 -0.021622000758047
1.538379440146381 -0.021403862943517
1.543989667183922 -0.021187789745633
1.549599894221465 -0.020973763535699
1.555210121259009 -0.020761766808909
1.560820348296550 -0.020551782183842
1.566430575334094 -0.020343792401968
1.572040802371635 -0.020137780327131
1.577651029409179 -0.019933728945048
1.583261256446722 -0.019731621362792
1.588871483484263 -0.019531440808278
1.594481710521807 -0.019333170629741
1.600091937559348 -0.019136794295218
1.605702164596892 -0.018942295392020
1.611312391634435 -0.018749657626208
1.616922618671977 -0.018558864822060
1.622532845709520 -0.018369900921542
1.628143072747061 -0.018182749983768
1.633753299784605 -0.017997396184470
1.639363526822148 -0.017813823815453
1.644973753859690 -0.017632017284055
1.650583980897233 -0.017451961112605
1.656194207934774 -0.017273639937877
1.661804434972318 -0.017097038510539
1.667414662009861 -0.016922141694609
1.673024889047403 -0.016748934466903
1.678635116084946 -0.016577401916480
1.684245343122488 -0.016407529244088
1.689855570160031 -0.016239301761613
1.695465797197574 -0.016072704891517
1.701076024235116 -0.015907724166281
1.706686251272659 -0.015744345227848
1.712296478310201 -0.015582553827059
1.717906705347744 -0.015422335823093
1.723516932385287 -0.015263677182906
1.729127159422829 -0.015106563980663
1.734737386460372 -0.014950982397177
1.740347613497914 -0.014796918719343
1.745957840535457 -0.014644359339570
1.751568067573000 -0.014493290755218
1.757178294610542 -0.014343699568028
1.762788521648085 -0.014195572483554
1.768398748685627 -0.014048896310597
1.774008975723170 -0.013903657960633
1.779619202760713 -0.013759844447250
1.785229429798255 -0.013617442885571
1.790839656835798 -0.013476440491690
1.796449883873340 -0.013336824582102
1.802060110910883 -0.013198582573133
1.807670337948426 -0.013061701980367
1.813280564985968 -0.012926170418083
1.818890792023511 -0.012791975598680
1.824501019061053 -0.012659105332110
1.830111246098596 -0.012527547525311
1.835721473136140 -0.012397290181634
1.841331700173681 -0.012268321400277
1.846941927211224 -0.012140629375717
1.852552154248766 -0.012014202397142
1.858162381286309 -0.011889028847885
1.863772608323853 -0.011765097204854
1.869382835361394 -0.011642396037972
1.874993062398937 -0.011520914009606
1.880603289436481 -0.011400639874005
1.886213516474022 -0.011281562476735
1.891823743511566 -0.011163670754118
1.897433970549107 -0.011046953732669
1.903044197586651 -0.010931400528530
1.908654424624194 -0.010817000346918
1.914264651661735 -0.010703742481559
1.919874878699279 -0.010591616314130
1.925485105736820 -0.010480611313706
1.931095332774364 -0.010370717036197
1.936705559811907 -0.010261923123799
1.942315786849449 -0.010154219304437
1.947926013886992 -0.010047595391209
1.953536240924533 -0.009942041281842
1.959146467962077 -0.009837546958135
1.964756694999620 -0.009734102485412
1.970366922037162 -0.009631698011974
1.975977149074705 -0.009530323768554
1.981587376112246 -0.009429970067772
1.987197603149790 -0.009330627303589
1.992807830187333 -0.009232285950768
1.998418057224875 -0.009134936564330
2.004028284262418 -0.009038569779021
2.009638511299960 -0.008943176308768
2.015248738337503 -0.008848746946147
2.020858965375046 -0.008755272561849
2.026469192412588 -0.008662744104147
2.032079419450131 -0.008571152598363
2.037689646487673 -0.008480489146343
2.043299873525216 -0.008390744925927
2.048910100562759 -0.008301911190423
2.054520327600301 -0.008213979268088
2.060130554637844 -0.008126940561598
2.065740781675386 -0.008040786547537
2.071351008712929 -0.007955508775870
2.076961235750472 -0.007871098869435
2.082571462788014 -0.007787548523423
2.088181689825557 -0.007704849504868
2.093791916863099 -0.007622993652133
2.099402143900642 -0.007541972874409
2.105012370938185 -0.007461779151200
2.110622597975727 -0.007382404531825
2.116232825013270 -0.007303841134909
2.121843052050812 -0.007226081147891
2.127453279088355 -0.007149116826518
2.133063506125898 -0.007072940494352
2.138673733163440 -0.006997544542276
2.144283960200983 -0.006922921428002
2.149894187238525 -0.006849063675581
2.155504414276068 -0.006775963874912
2.161114641313612 -0.006703614681261
2.166724868351153 -0.006632008814777
2.172335095388696 -0.006561139060008
2.177945322426240 -0.006490998265421
2.183555549463781 -0.006421579342933
2.189165776501325 -0.006352875267425
2.194776003538866 -0.006284879076279
2.200386230576409 -0.006217583868903
2.205996457613953 -0.006150982806265
2.211606684651494 -0.006085069110427
2.217216911689038 -0.006019836064079
2.222827138726579 -0.005955277010083
2.228437365764123 -0.005891385351011
2.234047592801666 -0.005828154548686
2.239657819839207 -0.005765578123736
2.245268046876751 -0.005703649655133
2.250878273914292 -0.005642362779748
2.256488500951836 -0.005581711191903
2.262098727989379 -0.005521688642929
2.267708955026920 -0.005462288940718
2.273319182064464 -0.005403505949285
2.278929409102005 -0.005345333588333
2.284539636139549 -0.005287765832814
2.290149863177092 -0.005230796712497
2.295760090214634 -0.005174420311538
2.301370317252177 -0.005118630768050
2.306980544289718 -0.005063422273679
2.312590771327262 -0.005008789073178
2.318200998364805 -0.004954725463988
2.323811225402347 -0.004901225795818
2.329421452439890 -0.004848284470227
2.335031679477432 -0.004795895940215
2.340641906514975 -0.004744054709804
2.346252133552518 -0.004692755333633
2.351862360590060 -0.004641992416553
2.357472587627603 -0.004591760613217
2.363082814665145 -0.004542054627681
2.368693041702688 -0.004492869213005
2.374303268740231 -0.004444199170852
2.379913495777773 -0.004396039351098
2.385523722815316 -0.004348384651435
2.391133949852858 -0.004301230016982
2.396744176890401 -0.004254570439898
2.402354403927944 -0.004208400958996
2.407964630965486 -0.004162716659358
2.413574858003029 -0.004117512671960
2.419185085040571 -0.004072784173284
2.424795312078114 -0.004028526384952
2.430405539115657 -0.003984734573345
2.436015766153199 -0.003941404049236
2.441625993190742 -0.003898530167420
2.447236220228284 -0.003856108326344
2.452846447265827 -0.003814133967749
2.458456674303370 -0.003772602576304
2.464066901340912 -0.003731509679246
2.469677128378455 -0.003690850846025
2.475287355415997 -0.003650621687949
2.480897582453540 -0.003610817857829
2.486507809491084 -0.003571435049632
2.492118036528625 -0.003532468998130
2.497728263566168 -0.003493915478557
2.503338490603712 -0.003455770306266
2.508948717641253 -0.003418029336383
2.514558944678797 -0.003380688463477
2.520169171716338 -0.003343743621213
2.525779398753881 -0.003307190782029
2.531389625791425 -0.003271025956796
2.536999852828966 -0.003235245194491
2.542610079866510 -0.003199844581871
2.548220306904051 -0.003164820243147
2.553830533941595 -0.003130168339660
2.559440760979138 -0.003095885069563
2.565050988016679 -0.003061966667500
2.570661215054223 -0.003028409404293
2.576271442091764 -0.002995209586626
2.581881669129308 -0.002962363556733
2.587491896166851 -0.002929867692089
2.593102123204392 -0.002897718405105
2.598712350241936 -0.002865912142821
2.604322577279477 -0.002834445386603
2.609932804317021 -0.002803314651842
2.615543031354564 -0.002772516487657
2.621153258392106 -0.002742047476599
2.626763485429649 -0.002711904234353
2.632373712467190 -0.002682083409452
2.637983939504734 -0.002652581682981
2.643594166542277 -0.002623395768294
2.649204393579819 -0.002594522410726
2.654814620617362 -0.002565958387310
2.660424847654904 -0.002537700506494
2.666035074692447 -0.002509745607865
2.671645301729990 -0.002482090561867
2.677255528767532 -0.002454732269533
2.682865755805075 -0.002427667662203
2.688475982842617 -0.002400893701259
2.694086209880160 -0.002374407377855
2.699696436917703 -0.002348205712648
2.705306663955245 -0.002322285755534
2.710916890992788 -0.002296644585387
2.716527118030330 -0.002271279309795
2.722137345067873 -0.002246187064802
2.727747572105416 -0.002221365014651
2.733357799142958 -0.002196810351531
2.738968026180501 -0.002172520295320
2.744578253218043 -0.002148492093337
2.750188480255586 -0.002124723020094
2.755798707293129 -0.002101210377042
2.761408934330671 -0.002077951492335
2.767019161368214 -0.002054943720580
2.772629388405756 -0.002032184442596
2.778239615443299 -0.002009671065180
2.783849842480842 -0.001987401020861
2.789460069518384 -0.001965371767672
2.795070296555927 -0.001943580788911
2.800680523593469 -0.001922025592909
2.806290750631012 -0.001900703712805
2.811900977668556 -0.001879612706309
2.817511204706097 -0.001858750155484
2.823121431743640 -0.001838113666517
2.828731658781184 -0.001817700869494
2.834341885818725 -0.001797509418183
2.839952112856269 -0.001777536989814
2.845562339893810 -0.001757781284859
2.851172566931353 -0.001738240026817
2.856782793968897 -0.001718910962001
2.862393021006438 -0.001699791859325
2.868003248043982 -0.001680880510093
2.873613475081523 -0.001662174727792
2.879223702119067 -0.001643672347881
2.884833929156610 -0.001625371227589
2.890444156194151 -0.001607269245711
2.896054383231695 -0.001589364302401
2.901664610269236 -0.001571654318981
2.907274837306780 -0.001554137237733
2.912885064344323 -0.001536811021705
2.918495291381864 -0.001519673654519
2.924105518419408 -0.001502723140171
2.929715745456949 -0.001485957502844
2.935325972494493 -0.001469374786715
2.940936199532036 -0.001452973055764
2.946546426569578 -0.001436750393593
2.952156653607121 -0.001420704903231
2.957766880644662 -0.001404834706958
2.963377107682206 -0.001389137946118
2.968987334719749 -0.001373612780937
2.974597561757291 -0.001358257390346
2.980207788794834 -0.001343069971803
2.985818015832375 -0.001328048741114
2.991428242869919 -0.001313191932257
2.997038469907462 -0.001298497797215
3.002648696945004 -0.001283964605794
3.008258923982547 -0.001269590645462
3.013869151020089 -0.001255374221173
3.019479378057632 -0.001241313655202
3.025089605095175 -0.001227407286978
3.030699832132717 -0.001213653472920
3.036310059170260 -0.001200050586274
3.041920286207802 -0.001186597016947
3.047530513245345 -0.001173291171353
3.053140740282888 -0.001160131472249
3.058750967320430 -0.001147116358576
3.064361194357973 -0.001134244285307
3.069971421395515 -0.001121513723292
3.075581648433058 -0.001108923159097
3.081191875470601 -0.001096471094860
3.086802102508143 -0.001084156048137
3.092412329545686 -0.001071976551750
3.098022556583228 -0.001059931153643
3.103632783620771 -0.001048018416730
3.109243010658314 -0.001036236918752
3.114853237695856 -0.001024585252135
3.120463464733399 -0.001013062023840
3.126073691770941 -0.001001665855228
3.131683918808484 -0.000990395381915
3.137294145846028 -0.000979249253635
3.142904372883569 -0.000968226134099
3.148514599921112 -0.000957324700862
3.154124826958656 -0.000946543645183
3.159735053996197 -0.000935881671894
3.165345281033741 -0.000925337499265
3.170955508071282 -0.000914909858872
3.176565735108825 -0.000904597495465
3.182175962146369 -0.000894399166842
3.187786189183910 -0.000884313643716
3.193396416221454 -0.000874339709592
3.199006643258995 -0.000864476160634
3.204616870296539 -0.000854721805549
3.210227097334082 -0.000845075465455
3.215837324371623 -0.000835535973763
3.221447551409167 -0.000826102176052
3.227057778446708 -0.000816772929953
3.232668005484252 -0.000807547105023
3.238278232521795 -0.000798423582633
3.243888459559336 -0.000789401255847
3.249498686596880 -0.000780479029305
3.255108913634421 -0.000771655819110
3.260719140671965 -0.000762930552716
3.266329367709508 -0.000754302168808
3.271939594747050 -0.000745769617196
3.277549821784593 -0.000737331858701
3.283160048822134 -0.000728987865049
3.288770275859678 -0.000720736618755
3.294380502897221 -0.000712577113022
3.299990729934763 -0.000704508351629
3.305600956972306 -0.000696529348830
3.311211184009847 -0.000688639129243
3.316821411047391 -0.000680836727751
3.322431638084934 -0.000673121189396
3.328041865122476 -0.000665491569280
3.333652092160019 -0.000657946932460
3.339262319197561 -0.000650486353850
3.344872546235104 -0.000643108918122
3.350482773272647 -0.000635813719607
3.356093000310189 -0.000628599862197
3.361703227347732 -0.000621466459250
3.367313454385274 -0.000614412633494
3.372923681422817 -0.000607437516932
3.378533908460360 -0.000600540250747
3.384144135497902 -0.000593719985211
3.389754362535445 -0.000586975879593
3.395364589572987 -0.000580307102066
3.400974816610530 -0.000573712829619
3.406585043648073 -0.000567192247965
3.412195270685615 -0.000560744551455
3.417805497723158 -0.000554368942989
3.423415724760700 -0.000548064633929
3.429025951798243 -0.000541830844013
3.434636178835786 -0.000535666801270
3.440246405873328 -0.000529571741934
3.445856632910871 -0.000523544910363
3.451466859948415 -0.000517585558957
3.457077086985956 -0.000511692948069
3.462687314023499 -0.000505866345932
3.468297541061041 -0.000500105028574
3.473907768098584 -0.000494408279741
3.479517995136128 -0.000488775390813
3.485128222173669 -0.000483205660731
3.490738449211213 -0.000477698395919
3.496348676248754 -0.000472252910205
3.501958903286297 -0.000466868524745
3.507569130323841 -0.000461544567950
3.513179357361382 -0.000456280375410
3.518789584398926 -0.000451075289821
3.524399811436467 -0.000445928660912
3.530010038474011 -0.000440839845370
3.535620265511554 -0.000435808206773
3.541230492549095 -0.000430833115514
3.546840719586639 -0.000425913948737
3.552450946624180 -0.000421050090259
3.558061173661724 -0.000416240930510
3.563671400699267 -0.000411485866458
3.569281627736808 -0.000406784301544
3.574891854774352 -0.000402135645618
3.580502081811893 -0.000397539314865
3.586112308849437 -0.000392994731748
3.591722535886980 -0.000388501324938
3.597332762924522 -0.000384058529250
3.602942989962065 -0.000379665785582
3.608553216999606 -0.000375322540848
3.614163444037150 -0.000371028247920
3.619773671074693 -0.000366782365561
3.625383898112235 -0.000362584358369
3.630994125149778 -0.000358433696713
3.636604352187319 -0.000354329856673
3.642214579224863 -0.000350272319982
3.647824806262406 -0.000346260573968
3.653435033299948 -0.000342294111493
3.659045260337491 -0.000338372430896
3.664655487375033 -0.000334495035937
3.670265714412576 -0.000330661435740
3.675875941450119 -0.000326871144738
3.681486168487661 -0.000323123682614
3.687096395525204 -0.000319418574250
3.692706622562746 -0.000315755349673
3.698316849600289 -0.000312133543995
3.703927076637832 -0.000308552697368
3.709537303675374 -0.000305012354925
3.715147530712917 -0.000301512066732
3.720757757750459 -0.000298051387733
3.726367984788002 -0.000294629877701
3.731978211825545 -0.000291247101186
3.737588438863087 -0.000287902627466
3.743198665900630 -0.000284596030496
3.748808892938172 -0.000281326888860
3.754419119975715 -0.000278094785723
3.760029347013258 -0.000274899308779
3.765639574050800 -0.000271740050209
3.771249801088343 -0.000268616606629
3.776860028125887 -0.000265528579045
3.782470255163428 -0.000262475572809
3.788080482200971 -0.000259457197567
3.793690709238513 -0.000256473067220
3.799300936276056 -0.000253522799878
3.804911163313600 -0.000250606017812
3.810521390351141 -0.000247722347412
3.816131617388685 -0.000244871419146
3.821741844426226 -0.000242052867513
3.827352071463769 -0.000239266331001
3.832962298501313 -0.000236511452049
3.838572525538854 -0.000233787876998
3.844182752576398 -0.000231095256056
3.849792979613939 -0.000228433243254
3.855403206651483 -0.000225801496405
3.861013433689026 -0.000223199677065
3.866623660726567 -0.000220627450495
3.872233887764111 -0.000218084485618
3.877844114801652 -0.000215570454981
3.883454341839196 -0.000213085034720
3.889064568876739 -0.000210627904516
3.894674795914280 -0.000208198747563
3.900285022951824 -0.000205797250527
3.905895249989365 -0.000203423103509
3.911505477026909 -0.000201076000012
3.917115704064452 -0.000198755636899
3.922725931101994 -0.000196461714362
3.928336158139537 -0.000194193935886
3.933946385177078 -0.000191952008210
3.939556612214622 -0.000189735641297
3.945166839252165 -0.000187544548297
3.950777066289707 -0.000185378445514
3.956387293327250 -0.000183237052369
3.961997520364791 -0.000181120091373
3.967607747402335 -0.000179027288089
3.973217974439878 -0.000176958371100
3.978828201477420 -0.000174913071976
3.984438428514963 -0.000172891125248
3.990048655552505 -0.000170892268367
3.995658882590048 -0.000168916241678
4.001269109627591 -0.000166962788391
4.006879336665133 -0.000165031654544
4.012489563702676 -0.000163122588979
4.018099790740218 -0.000161235343307
4.023710017777761 -0.000159369671881
4.029320244815304 -0.000157525331766
4.034930471852846 -0.000155702082709
4.040540698890389 -0.000153899687111
4.046150925927931 -0.000152117910000
4.051761152965474 -0.000150356518997
4.057371380003017 -0.000148615284296
4.062981607040559 -0.000146893978631
4.068591834078102 -0.000145192377248
4.074202061115644 -0.000143510257882
4.079812288153187 -0.000141847400728
4.085422515190730 -0.000140203588413
4.091032742228272 -0.000138578605973
4.096642969265815 -0.000136972240824
4.102253196303359 -0.000135384282737
4.107863423340900 -0.000133814523814
4.113473650378443 -0.000132262758462
4.119083877415985 -0.000130728783368
4.124694104453528 -0.000129212397472
4.130304331491072 -0.000127713401947
4.135914558528613 -0.000126231600173
4.141524785566157 -0.000124766797711
4.147135012603698 -0.000123318802283
4.152745239641241 -0.000121887423746
4.158355466678785 -0.000120472474068
4.163965693716326 -0.000119073767309
4.169575920753870 -0.000117691119594
4.175186147791411 -0.000116324349095
4.180796374828954 -0.000114973276004
4.186406601866498 -0.000113637722515
4.192016828904039 -0.000112317512799
4.197627055941583 -0.000111012472986
4.203237282979124 -0.000109722431139
4.208847510016668 -0.000108447217240
4.214457737054211 -0.000107186663162
4.220067964091752 -0.000105940602651
4.225678191129296 -0.000104708871308
4.231288418166837 -0.000103491306565
4.236898645204381 -0.000102287747668
4.242508872241924 -0.000101098035656
4.248119099279466 -0.000099922013339
4.253729326317009 -0.000098759525286
4.259339553354550 -0.000097610417796
4.264949780392094 -0.000096474538887
4.270560007429637 -0.000095351738274
4.276170234467179 -0.000094241867350
4.281780461504722 -0.000093144779168
4.287390688542263 -0.000092060328425
4.293000915579807 -0.000090988371442
4.298611142617350 -0.000089928766145
4.304221369654892 -0.000088881372050
4.309831596692435 -0.000087846050245
4.315441823729977 -0.000086822663372
4.321052050767520 -0.000085811075610
4.326662277805063 -0.000084811152660
4.332272504842605 -0.000083822761725
4.337882731880148 -0.000082845771498
4.343492958917690 -0.000081880052139
4.349103185955233 -0.000080925475266
4.354713412992776 -0.000079981913936
4.360323640030318 -0.000079049242629
4.365933867067861 -0.000078127337231
4.371544094105403 -0.000077216075021
4.377154321142946 -0.000076315334656
4.382764548180489 -0.000075424996154
4.388374775218031 -0.000074544940878
4.393985002255574 -0.000073675051526
4.399595229293116 -0.000072815212111
4.405205456330659 -0.000071965307950
4.410815683368202 -0.000071125225647
4.416425910405744 -0.000070294853082
4.422036137443287 -0.000069474079393
4.427646364480831 -0.000068662794968
4.433256591518372 -0.000067860891423
4.438866818555915 -0.000067068261597
4.444477045593457 -0.000066284799533
4.450087272631000 -0.000065510400465
4.455697499668544 -0.000064744960808
4.461307726706085 -0.000063988378142
4.466917953743629 -0.000063240551202
4.472528180781170 -0.000062501379861
4.478138407818713 -0.000061770765122
4.483748634856257 -0.000061048609102
4.489358861893798 -0.000060334815023
4.494969088931342 -0.000059629287195
4.500579315968883 -0.000058931931009
4.506189543006426 -0.000058242652924
4.511799770043970 -0.000057561360450
4.517409997081511 -0.000056887962146
4.523020224119055 -0.000056222367598
4.528630451156596 -0.000055564487415
4.534240678194140 -0.000054914233216
4.539850905231683 -0.000054271517614
4.545461132269224 -0.000053636254214
4.551071359306768 -0.000053008357594
4.556681586344309 -0.000052387743297
4.562291813381853 -0.000051774327821
4.567902040419396 -0.000051168028610
4.573512267456938 -0.000050568764038
4.579122494494481 -0.000049976453404
4.584732721532022 -0.000049391016919
4.590342948569566 -0.000048812375698
4.595953175607109 -0.000048240451747
4.601563402644651 -0.000047675167955
4.607173629682194 -0.000047116448084
4.612783856719735 -0.000046564216761
