#### log(omega_b) integral_value
-5.397940008672037 -0.249999159505173
-5.392932142806409 -0.249999149757685
-5.387924276940780 -0.249999139897156
-5.382916411075152 -0.249999129922277
-5.377908545209523 -0.249999119831720
-5.372900679343894 -0.249999109624145
-5.367892813478266 -0.249999099298195
-5.362884947612637 -0.249999088852497
-5.357877081747008 -0.249999078285662
-5.352869215881380 -0.249999067596285
-5.347861350015751 -0.249999056782947
-5.342853484150122 -0.249999045844209
-5.337845618284493 -0.249999034778616
-5.332837752418865 -0.249999023584700
-5.327829886553236 -0.249999012260970
-5.322822020687607 -0.249999000805922
-5.317814154821979 -0.249998989218034
-5.312806288956350 -0.249998977495764
-5.307798423090721 -0.249998965637555
-5.302790557225093 -0.249998953641831
-5.297782691359464 -0.249998941506996
-5.292774825493835 -0.249998929231438
-5.287766959628206 -0.249998916813525
-5.282759093762578 -0.249998904251606
-5.277751227896949 -0.249998891544012
-5.272743362031320 -0.249998878689053
-5.267735496165692 -0.249998865685020
-5.262727630300063 -0.249998852530186
-5.257719764434434 -0.249998839222801
-5.252711898568805 -0.249998825761096
-5.247704032703177 -0.249998812143283
-5.242696166837548 -0.249998798367551
-5.237688300971919 -0.249998784432069
-5.232680435106291 -0.249998770334984
-5.227672569240662 -0.249998756074423
-5.222664703375033 -0.249998741648490
-5.217656837509404 -0.249998727055269
-5.212648971643776 -0.249998712292818
-5.207641105778147 -0.249998697359176
-5.202633239912518 -0.249998682252358
-5.197625374046890 -0.249998666970356
-5.192617508181261 -0.249998651511139
-5.187609642315632 -0.249998635872651
-5.182601776450003 -0.249998620052815
-5.177593910584375 -0.249998604049527
-5.172586044718746 -0.249998587860661
-5.167578178853117 -0.249998571484064
-5.162570312987489 -0.249998554917561
-5.157562447121860 -0.249998538158949
-5.152554581256231 -0.249998521206000
-5.147546715390602 -0.249998504056462
-5.142538849524974 -0.249998486708055
-5.137530983659345 -0.249998469158473
-5.132523117793716 -0.249998451405384
-5.127515251928088 -0.249998433446428
-5.122507386062459 -0.249998415279218
-5.117499520196830 -0.249998396901340
-5.112491654331201 -0.249998378310352
-5.107483788465573 -0.249998359503781
-5.102475922599944 -0.249998340479129
-5.097468056734315 -0.249998321233868
-5.092460190868687 -0.249998301765439
-5.087452325003058 -0.249998282071255
-5.082444459137429 -0.249998262148699
-5.077436593271800 -0.249998241995122
-5.072428727406172 -0.249998221607847
-5.067420861540543 -0.249998200984164
-5.062412995674914 -0.249998180121332
-5.057405129809286 -0.249998159016578
-5.052397263943657 -0.249998137667098
-5.047389398078028 -0.249998116070054
-5.042381532212399 -0.249998094222576
-5.037373666346771 -0.249998072121760
-5.032365800481142 -0.249998049764670
-5.027357934615513 -0.249998027148334
-5.022350068749885 -0.249998004269747
-5.017342202884256 -0.249997981125868
-5.012334337018627 -0.249997957713622
-5.007326471152999 -0.249997934029898
-5.002318605287370 -0.249997910071547
-4.997310739421741 -0.249997885835386
-4.992302873556112 -0.249997861318195
-4.987295007690484 -0.249997836516715
-4.982287141824855 -0.249997811427651
-4.977279275959226 -0.249997786047668
-4.972271410093598 -0.249997760373394
-4.967263544227969 -0.249997734401418
-4.962255678362340 -0.249997708128287
-4.957247812496711 -0.249997681550512
-4.952239946631083 -0.249997654664559
-4.947232080765454 -0.249997627466856
-4.942224214899825 -0.249997599953790
-4.937216349034197 -0.249997572121705
-4.932208483168568 -0.249997543966901
-4.927200617302939 -0.249997515485639
-4.922192751437310 -0.249997486674133
-4.917184885571682 -0.249997457528556
-4.912177019706053 -0.249997428045034
-4.907169153840425 -0.249997398219650
-4.902161287974796 -0.249997368048441
-4.897153422109167 -0.249997337527399
-4.892145556243539 -0.249997306652467
-4.887137690377910 -0.249997275419544
-4.882129824512282 -0.249997243824480
-4.877121958646653 -0.249997211863076
-4.872114092781024 -0.249997179531087
-4.867106226915396 -0.249997146824216
-4.862098361049767 -0.249997113738119
-4.857090495184138 -0.249997080268398
-4.852082629318510 -0.249997046410608
-4.847074763452881 -0.249997012160251
-4.842066897587252 -0.249996977512774
-4.837059031721623 -0.249996942463577
-4.832051165855995 -0.249996907008001
-4.827043299990366 -0.249996871141337
-4.822035434124737 -0.249996834858819
-4.817027568259109 -0.249996798155628
-4.812019702393480 -0.249996761026888
-4.807011836527851 -0.249996723467665
-4.802003970662222 -0.249996685472971
-4.796996104796594 -0.249996647037757
-4.791988238930965 -0.249996608156919
-4.786980373065336 -0.249996568825290
-4.781972507199708 -0.249996529037646
-4.776964641334079 -0.249996488788702
-4.771956775468450 -0.249996448073111
-4.766948909602821 -0.249996406885465
-4.761941043737193 -0.249996365220291
-4.756933177871564 -0.249996323072057
-4.751925312005935 -0.249996280435162
-4.746917446140307 -0.249996237303943
-4.741909580274678 -0.249996193672672
-4.736901714409049 -0.249996149535553
-4.731893848543420 -0.249996104886724
-4.726885982677792 -0.249996059720253
-4.721878116812163 -0.249996014030141
-4.716870250946534 -0.249995967810321
-4.711862385080906 -0.249995921054652
-4.706854519215277 -0.249995873756926
-4.701846653349648 -0.249995825910860
-4.696838787484019 -0.249995777510099
-4.691830921618391 -0.249995728548216
-4.686823055752762 -0.249995679018706
-4.681815189887133 -0.249995628914994
-4.676807324021505 -0.249995578230423
-4.671799458155876 -0.249995526958264
-4.666791592290247 -0.249995475091706
-4.661783726424618 -0.249995422623862
-4.656775860558990 -0.249995369547764
-4.651767994693361 -0.249995315856364
-4.646760128827732 -0.249995261542532
-4.641752262962104 -0.249995206599054
-4.636744397096475 -0.249995151018635
-4.631736531230846 -0.249995094793895
-4.626728665365217 -0.249995037917367
-4.621720799499589 -0.249994980381498
-4.616712933633960 -0.249994922178650
-4.611705067768331 -0.249994863301093
-4.606697201902703 -0.249994803741009
-4.601689336037074 -0.249994743490491
-4.596681470171445 -0.249994682541539
-4.591673604305816 -0.249994620886060
-4.586665738440188 -0.249994558515867
-4.581657872574559 -0.249994495422681
-4.576650006708930 -0.249994431598124
-4.571642140843302 -0.249994367033723
-4.566634274977673 -0.249994301720905
-4.561626409112044 -0.249994235651001
-4.556618543246415 -0.249994169618950
-4.551610677380787 -0.249994102024263
-4.546602811515158 -0.249994033646171
-4.541594945649529 -0.249993964475598
-4.536587079783901 -0.249993894503367
-4.531579213918272 -0.249993823720192
-4.526571348052643 -0.249993752116681
-4.521563482187015 -0.249993679683333
-4.516555616321386 -0.249993606410536
-4.511547750455757 -0.249993532288568
-4.506539884590129 -0.249993457307594
-4.501532018724500 -0.249993381457667
-4.496524152858871 -0.249993304728721
-4.491516286993242 -0.249993227110578
-4.486508421127614 -0.249993148592940
-4.481500555261985 -0.249993069165389
-4.476492689396356 -0.249992988817388
-4.471484823530728 -0.249992907538279
-4.466476957665099 -0.249992825317278
-4.461469091799470 -0.249992742143479
-4.456461225933841 -0.249992658005848
-4.451453360068213 -0.249992572893225
-4.446445494202584 -0.249992486794318
-4.441437628336955 -0.249992399697708
-4.436429762471327 -0.249992311591843
-4.431421896605698 -0.249992222465035
-4.426414030740069 -0.249992132305464
-4.421406164874440 -0.249992041101172
-4.416398299008812 -0.249991948840062
-4.411390433143183 -0.249991855509899
-4.406382567277555 -0.249991761098304
-4.401374701411926 -0.249991665592758
-4.396366835546297 -0.249991568980594
-4.391358969680669 -0.249991471249001
-4.386351103815040 -0.249991372385020
-4.381343237949411 -0.249991272375539
-4.376335372083783 -0.249991171207299
-4.371327506218154 -0.249991068866884
-4.366319640352526 -0.249990965340725
-4.361311774486897 -0.249990860615096
-4.356303908621268 -0.249990754676111
-4.351296042755639 -0.249990647509724
-4.346288176890011 -0.249990539101729
-4.341280311024382 -0.249990429437753
-4.336272445158753 -0.249990318503258
-4.331264579293125 -0.249990206283537
-4.326256713427496 -0.249990092763715
-4.321248847561867 -0.249989977928743
-4.316240981696238 -0.249989861763400
-4.311233115830610 -0.249989744252288
-4.306225249964981 -0.249989625379832
-4.301217384099352 -0.249989505130276
-4.296209518233724 -0.249989383487682
-4.291201652368095 -0.249989260435929
-4.286193786502466 -0.249989135958709
-4.281185920636837 -0.249989010039526
-4.276178054771209 -0.249988882661692
-4.271170188905580 -0.249988753808328
-4.266162323039951 -0.249988623462360
-4.261154457174323 -0.249988491606516
-4.256146591308694 -0.249988358223325
-4.251138725443065 -0.249988223295113
-4.246130859577436 -0.249988086804005
-4.241122993711808 -0.249987948731915
-4.236115127846179 -0.249987809060553
-4.231107261980550 -0.249987667771414
-4.226099396114922 -0.249987524845782
-4.221091530249293 -0.249987380264723
-4.216083664383664 -0.249987234009085
-4.211075798518035 -0.249987086059496
-4.206067932652407 -0.249986936396358
-4.201060066786778 -0.249986784999850
-4.196052200921150 -0.249986631849919
-4.191044335055521 -0.249986476926283
-4.186036469189892 -0.249986320208424
-4.181028603324263 -0.249986161675588
-4.176020737458634 -0.249986001306783
-4.171012871593006 -0.249985839080772
-4.166005005727377 -0.249985674976074
-4.160997139861749 -0.249985508970961
-4.155989273996120 -0.249985341043454
-4.150981408130491 -0.249985171171320
-4.145973542264862 -0.249984999332069
-4.140965676399233 -0.249984825502952
-4.135957810533605 -0.249984649660958
-4.130949944667976 -0.249984471782811
-4.125942078802348 -0.249984291844964
-4.120934212936719 -0.249984109823601
-4.115926347071090 -0.249983925694631
-4.110918481205461 -0.249983739433684
-4.105910615339832 -0.249983551016110
-4.100902749474204 -0.249983360416973
-4.095894883608575 -0.249983167611052
-4.090887017742947 -0.249982972572834
-4.085879151877318 -0.249982775276511
-4.080871286011689 -0.249982575695978
-4.075863420146060 -0.249982373804830
-4.070855554280431 -0.249982169576357
-4.065847688414803 -0.249981962983541
-4.060839822549174 -0.249981753999051
-4.055831956683546 -0.249981542595245
-4.050824090817917 -0.249981328744158
-4.045816224952288 -0.249981112417505
-4.040808359086659 -0.249980893586675
-4.035800493221030 -0.249980672222727
-4.030792627355402 -0.249980448296386
-4.025784761489773 -0.249980221778041
-4.020776895624145 -0.249979992637739
-4.015769029758516 -0.249979760845182
-4.010761163892887 -0.249979526369723
-4.005753298027258 -0.249979289180362
-4.000745432161630 -0.249979049245741
-3.995737566296001 -0.249978806534143
-3.990729700430372 -0.249978561013484
-3.985721834564744 -0.249978312651311
-3.980713968699115 -0.249978061414797
-3.975706102833486 -0.249977807270739
-3.970698236967858 -0.249977550185548
-3.965690371102229 -0.249977290125251
-3.960682505236600 -0.249977027055484
-3.955674639370971 -0.249976760941486
-3.950666773505343 -0.249976491748097
-3.945658907639714 -0.249976219439753
-3.940651041774085 -0.249975943980477
-3.935643175908457 -0.249975665333883
-3.930635310042828 -0.249975383463164
-3.925627444177199 -0.249975098331088
-3.920619578311570 -0.249974809899997
-3.915611712445942 -0.249974518131799
-3.910603846580313 -0.249974222987964
-3.905595980714685 -0.249973924429517
-3.900588114849056 -0.249973622417039
-3.895580248983427 -0.249973316910653
-3.890572383117799 -0.249973007870026
-3.885564517252170 -0.249972695254361
-3.880556651386541 -0.249972379022390
-3.875548785520913 -0.249972059132374
-3.870540919655284 -0.249971735542092
-3.865533053789655 -0.249971408208837
-3.860525187924027 -0.249971077089413
-3.855517322058398 -0.249970742140126
-3.850509456192769 -0.249970403316781
-3.845501590327140 -0.249970060574674
-3.840493724461512 -0.249969713868590
-3.835485858595883 -0.249969363152790
-3.830477992730254 -0.249969008381014
-3.825470126864626 -0.249968649506468
-3.820462260998997 -0.249968286481822
-3.815454395133368 -0.249967919259201
-3.810446529267740 -0.249967547790182
-3.805438663402111 -0.249967172025784
-3.800430797536482 -0.249966791916465
-3.795422931670853 -0.249966407412113
-3.790415065805225 -0.249966018462043
-3.785407199939596 -0.249965625014986
-3.780399334073967 -0.249965227019086
-3.775391468208339 -0.249964824421891
-3.770383602342710 -0.249964417170347
-3.765375736477081 -0.249964005210793
-3.760367870611452 -0.249963588488950
-3.755360004745824 -0.249963166949917
-3.750352138880195 -0.249962740538166
-3.745344273014566 -0.249962309197528
-3.740336407148938 -0.249961872871193
-3.735328541283309 -0.249961431501698
-3.730320675417680 -0.249960985030921
-3.725312809552051 -0.249960533400075
-3.720304943686423 -0.249960076549698
-3.715297077820794 -0.249959614419648
-3.710289211955165 -0.249959146949092
-3.705281346089537 -0.249958674076500
-3.700273480223908 -0.249958195739639
-3.695265614358279 -0.249957711875561
-3.690257748492650 -0.249957222420598
-3.685249882627022 -0.249956727310351
-3.680242016761393 -0.249956226479687
-3.675234150895764 -0.249955719862725
-3.670226285030136 -0.249955207392828
-3.665218419164507 -0.249954689002599
-3.660210553298878 -0.249954164623869
-3.655202687433249 -0.249953634187688
-3.650194821567621 -0.249953097624317
-3.645186955701992 -0.249952554863219
-3.640179089836364 -0.249952005833051
-3.635171223970735 -0.249951450461652
-3.630163358105106 -0.249950888676038
-3.625155492239477 -0.249950320402389
-3.620147626373849 -0.249949745566039
-3.615139760508220 -0.249949164091473
-3.610131894642591 -0.249948575902308
-3.605124028776963 -0.249947980921290
-3.600116162911334 -0.249947379070283
-3.595108297045705 -0.249946770270257
-3.590100431180076 -0.249946154441278
-3.585092565314448 -0.249945531502500
-3.580084699448819 -0.249944901372155
-3.575076833583190 -0.249944263967538
-3.570068967717562 -0.249943619205001
-3.565061101851933 -0.249942966999942
-3.560053235986304 -0.249942307266792
-3.555045370120676 -0.249941639919006
-3.550037504255047 -0.249940964869049
-3.545029638389418 -0.249940282028392
-3.540021772523789 -0.249939591307490
-3.535013906658161 -0.249938892615781
-3.530006040792532 -0.249938185861668
-3.524998174926903 -0.249937470952511
-3.519990309061275 -0.249936747794612
-3.514982443195646 -0.249936016293205
-3.509974577330017 -0.249935276352445
-3.504966711464388 -0.249934527875394
-3.499958845598760 -0.249933770764009
-3.494950979733131 -0.249933004919131
-3.489943113867502 -0.249932230240470
-3.484935248001874 -0.249931446626596
-3.479927382136245 -0.249930653974921
-3.474919516270616 -0.249929852181692
-3.469911650404987 -0.249929041141974
-3.464903784539359 -0.249928220749635
-3.459895918673730 -0.249927390897340
-3.454888052808101 -0.249926551476529
-3.449880186942473 -0.249925702377409
-3.444872321076844 -0.249924843488937
-3.439864455211215 -0.249923974698809
-3.434856589345586 -0.249923095893442
-3.429848723479958 -0.249922206957965
-3.424840857614329 -0.249921307776198
-3.419832991748700 -0.249920398230642
-3.414825125883072 -0.249919478202465
-3.409817260017443 -0.249918547571483
-3.404809394151814 -0.249917606216148
-3.399801528286186 -0.249916654013531
-3.394793662420557 -0.249915690839309
-3.389785796554929 -0.249914716567748
-3.384777930689300 -0.249913731071685
-3.379770064823671 -0.249912734222516
-3.374762198958043 -0.249911725890179
-3.369754333092414 -0.249910705943135
-3.364746467226785 -0.249909674248355
-3.359738601361156 -0.249908630671301
-3.354730735495528 -0.249907575075911
-3.349722869629899 -0.249906507324581
-3.344715003764270 -0.249905427278148
-3.339707137898642 -0.249904334795873
-3.334699272033013 -0.249903229735423
-3.329691406167384 -0.249902111952853
-3.324683540301755 -0.249900981302590
-3.319675674436127 -0.249899837637413
-3.314667808570498 -0.249898680808435
-3.309659942704869 -0.249897510665085
-3.304652076839241 -0.249896327055090
-3.299644210973612 -0.249895129824454
-3.294636345107983 -0.249893918817442
-3.289628479242354 -0.249892693876558
-3.284620613376726 -0.249891454842525
-3.279612747511097 -0.249890201554270
-3.274604881645468 -0.249888933848900
-3.269597015779840 -0.249887651561681
-3.264589149914211 -0.249886354526022
-3.259581284048582 -0.249885042573451
-3.254573418182953 -0.249883715533595
-3.249565552317325 -0.249882373234161
-3.244557686451696 -0.249881015500910
-3.239549820586067 -0.249879642157643
-3.234541954720439 -0.249878253026172
-3.229534088854810 -0.249876847926302
-3.224526222989181 -0.249875426675808
-3.219518357123552 -0.249873989090415
-3.214510491257924 -0.249872534983770
-3.209502625392295 -0.249871064167425
-3.204494759526666 -0.249869576450811
-3.199486893661038 -0.249868071641214
-3.194479027795409 -0.249866549543755
-3.189471161929780 -0.249865009961361
-3.184463296064152 -0.249863452694747
-3.179455430198523 -0.249861877542386
-3.174447564332894 -0.249860284300488
-3.169439698467265 -0.249858672762977
-3.164431832601637 -0.249857042721459
-3.159423966736008 -0.249855393965204
-3.154416100870379 -0.249853726281116
-3.149408235004751 -0.249852039453710
-3.144400369139122 -0.249850333265083
-3.139392503273494 -0.249848607494892
-3.134384637407865 -0.249846861920321
-3.129376771542236 -0.249845096316061
-3.124368905676607 -0.249843310454277
-3.119361039810979 -0.249841504104585
-3.114353173945350 -0.249839677034021
-3.109345308079721 -0.249837829007014
-3.104337442214093 -0.249835959785360
-3.099329576348464 -0.249834069128191
-3.094321710482835 -0.249832156791943
-3.089313844617207 -0.249830222530335
-3.084305978751578 -0.249828266094332
-3.079298112885949 -0.249826287232119
-3.074290247020320 -0.249824285689069
-3.069282381154692 -0.249822261207714
-3.064274515289063 -0.249820213527714
-3.059266649423434 -0.249818142385826
-3.054258783557806 -0.249816047515871
-3.049250917692177 -0.249813928648705
-3.044243051826548 -0.249811785512185
-3.039235185960919 -0.249809617831137
-3.034227320095291 -0.249807425327326
-3.029219454229662 -0.249805207719418
-3.024211588364033 -0.249802964722950
-3.019203722498405 -0.249800696050299
-3.014195856632776 -0.249798401410640
-3.009187990767147 -0.249796080509920
-3.004180124901518 -0.249793733050819
-2.999172259035890 -0.249791358732716
-2.994164393170261 -0.249788957251653
-2.989156527304632 -0.249786528300301
-2.984148661439004 -0.249784071567921
-2.979140795573375 -0.249781586740331
-2.974132929707746 -0.249779073499866
-2.969125063842117 -0.249776531525345
-2.964117197976489 -0.249773960492029
-2.959109332110860 -0.249771360071585
-2.954101466245231 -0.249768729932047
-2.949093600379603 -0.249766069737781
-2.944085734513974 -0.249763379149441
-2.939077868648345 -0.249760657823931
-2.934070002782716 -0.249757905414367
-2.929062136917088 -0.249755121570035
-2.924054271051459 -0.249752305936353
-2.919046405185830 -0.249749458154827
-2.914038539320202 -0.249746577863008
-2.909030673454573 -0.249743664694458
-2.904022807588944 -0.249740718278699
-2.899014941723316 -0.249737738241175
-2.894007075857687 -0.249734724203210
-2.888999209992059 -0.249731675781961
-2.883991344126430 -0.249728592590376
-2.878983478260801 -0.249725474237149
-2.873975612395172 -0.249722320326679
-2.868967746529544 -0.249719130459017
-2.863959880663915 -0.249715904229830
-2.858952014798286 -0.249712641230348
-2.853944148932658 -0.249709341047319
-2.848936283067029 -0.249706003262965
-2.843928417201400 -0.249702627454931
-2.838920551335771 -0.249699213196239
-2.833912685470143 -0.249695760055241
-2.828904819604514 -0.249692267595568
-2.823896953738885 -0.249688735376081
-2.818889087873257 -0.249685162950823
-2.813881222007628 -0.249681549868969
-2.808873356141999 -0.249677895674773
-2.803865490276370 -0.249674199907519
-2.798857624410742 -0.249670462101469
-2.793849758545113 -0.249666681785812
-2.788841892679484 -0.249662858484609
-2.783834026813856 -0.249658991716743
-2.778826160948227 -0.249655080995864
-2.773818295082598 -0.249651125830334
-2.768810429216970 -0.249647125723176
-2.763802563351341 -0.249643080172014
-2.758794697485712 -0.249638988669024
-2.753786831620083 -0.249634850700870
-2.748778965754455 -0.249630665748657
-2.743771099888826 -0.249626433287866
-2.738763234023197 -0.249622152788299
-2.733755368157569 -0.249617823714023
-2.728747502291940 -0.249613445523311
-2.723739636426311 -0.249609017668579
-2.718731770560682 -0.249604539596332
-2.713723904695054 -0.249600010747098
-2.708716038829425 -0.249595430555375
-2.703708172963796 -0.249590798449560
-2.698700307098168 -0.249586113851897
-2.693692441232539 -0.249581376178406
-2.688684575366910 -0.249576584838829
-2.683676709501281 -0.249571739236556
-2.678668843635653 -0.249566838768572
-2.673660977770024 -0.249561882825385
-2.668653111904395 -0.249556870790961
-2.663645246038767 -0.249551802042665
-2.658637380173138 -0.249546675951186
-2.653629514307509 -0.249541491880476
-2.648621648441881 -0.249536249187680
-2.643613782576252 -0.249530947223071
-2.638605916710624 -0.249525585329975
-2.633598050844995 -0.249520162844711
-2.628590184979366 -0.249514679096512
-2.623582319113737 -0.249509133407460
-2.618574453248109 -0.249503525092415
-2.613566587382480 -0.249497853458941
-2.608558721516851 -0.249492117807235
-2.603550855651223 -0.249486317430054
-2.598542989785594 -0.249480451612643
-2.593535123919965 -0.249474519632658
-2.588527258054336 -0.249468520760095
-2.583519392188708 -0.249462454257210
-2.578511526323079 -0.249456319378449
-2.573503660457450 -0.249450115370364
-2.568495794591822 -0.249443841471545
-2.563487928726193 -0.249437496912535
-2.558480062860564 -0.249431080915752
-2.553472196994935 -0.249424592695416
-2.548464331129307 -0.249418031457460
-2.543456465263678 -0.249411396399459
-2.538448599398049 -0.249404686710543
-2.533440733532421 -0.249397901571317
-2.528432867666792 -0.249391040153777
-2.523425001801163 -0.249384101621231
-2.518417135935534 -0.249377085128213
-2.513409270069906 -0.249369989820396
-2.508401404204277 -0.249362814834514
-2.503393538338648 -0.249355559298268
-2.498385672473020 -0.249348222330246
-2.493377806607391 -0.249340803039833
-2.488369940741762 -0.249333300527125
-2.483362074876133 -0.249325713882839
-2.478354209010505 -0.249318042188225
-2.473346343144876 -0.249310284514976
-2.468338477279247 -0.249302439925139
-2.463330611413619 -0.249294507471022
-2.458322745547990 -0.249286486195101
-2.453314879682361 -0.249278375129933
-2.448307013816733 -0.249270173298058
-2.443299147951104 -0.249261879711905
-2.438291282085475 -0.249253493373703
-2.433283416219846 -0.249245013275379
-2.428275550354218 -0.249236438398465
-2.423267684488589 -0.249227767714004
-2.418259818622960 -0.249219000182448
-2.413251952757332 -0.249210134753563
-2.408244086891703 -0.249201170366330
-2.403236221026074 -0.249192105948845
-2.398228355160446 -0.249182940418220
-2.393220489294817 -0.249173672680479
-2.388212623429188 -0.249164301630462
-2.383204757563560 -0.249154826151718
-2.378196891697931 -0.249145245116405
-2.373189025832302 -0.249135557385182
-2.368181159966674 -0.249125761807113
-2.363173294101045 -0.249115857219554
-2.358165428235416 -0.249105842448049
-2.353157562369788 -0.249095716306229
-2.348149696504159 -0.249085477595697
-2.343141830638530 -0.249075125105926
-2.338133964772901 -0.249064657614147
-2.333126098907273 -0.249054073885242
-2.328118233041644 -0.249043372671633
-2.323110367176015 -0.249032552713172
-2.318102501310387 -0.249021612737029
-2.313094635444758 -0.249010551457580
-2.308086769579129 -0.248999367576294
-2.303078903713500 -0.248988059781623
-2.298071037847872 -0.248976626748880
-2.293063171982243 -0.248965067140134
-2.288055306116614 -0.248953379604086
-2.283047440250986 -0.248941562775959
-2.278039574385357 -0.248929615277377
-2.273031708519728 -0.248917535716249
-2.268023842654099 -0.248905322686651
-2.263015976788471 -0.248892974768707
-2.258008110922842 -0.248880490528470
-2.253000245057213 -0.248867868517797
-2.247992379191585 -0.248855107274237
-2.242984513325956 -0.248842205320900
-2.237976647460327 -0.248829161166342
-2.232968781594698 -0.248815973304436
-2.227960915729070 -0.248802640214254
-2.222953049863441 -0.248789160359938
-2.217945183997812 -0.248775532190579
-2.212937318132184 -0.248761754140088
-2.207929452266555 -0.248747824627072
-2.202921586400926 -0.248733742054705
-2.197913720535297 -0.248719504810604
-2.192905854669669 -0.248705111266699
-2.187897988804040 -0.248690559779102
-2.182890122938411 -0.248675848687982
-2.177882257072783 -0.248660976317431
-2.172874391207154 -0.248645940975336
-2.167866525341525 -0.248630740953249
-2.162858659475897 -0.248615374526250
-2.157850793610268 -0.248599839952821
-2.152842927744639 -0.248584135474709
-2.147835061879011 -0.248568259316793
-2.142827196013382 -0.248552209686953
-2.137819330147753 -0.248535984775930
-2.132811464282125 -0.248519582757197
-2.127803598416496 -0.248503001786820
-2.122795732550867 -0.248486240003319
-2.117787866685239 -0.248469295527539
-2.112780000819610 -0.248452166462506
-2.107772134953981 -0.248434850893291
-2.102764269088352 -0.248417346886874
-2.097756403222724 -0.248399652492002
-2.092748537357095 -0.248381765739054
-2.087740671491466 -0.248363684639897
-2.082732805625838 -0.248345407187749
-2.077724939760209 -0.248326931357036
-2.072717073894580 -0.248308255103255
-2.067709208028951 -0.248289376362828
-2.062701342163323 -0.248270293052964
-2.057693476297694 -0.248251003071515
-2.052685610432065 -0.248231504296833
-2.047677744566437 -0.248211794587630
-2.042669878700808 -0.248191871782831
-2.037662012835179 -0.248171733701434
-2.032654146969550 -0.248151378142363
-2.027646281103922 -0.248130802884327
-2.022638415238293 -0.248110005685674
-2.017630549372664 -0.248088984284243
-2.012622683507036 -0.248067736397228
-2.007614817641407 -0.248046259721021
-2.002606951775778 -0.248024551931078
-1.997599085910150 -0.248002610681763
-1.992591220044521 -0.247980433606212
-1.987583354178892 -0.247958018316179
-1.982575488313263 -0.247935362401894
-1.977567622447635 -0.247912463431915
-1.972559756582006 -0.247889318952983
-1.967551890716377 -0.247865926489875
-1.962544024850749 -0.247842283545255
-1.957536158985120 -0.247818387599533
-1.952528293119491 -0.247794236110711
-1.947520427253862 -0.247769826514243
-1.942512561388234 -0.247745156222882
-1.937504695522605 -0.247720222626541
-1.932496829656976 -0.247695023092137
-1.927488963791348 -0.247669554963453
-1.922481097925719 -0.247643815560986
-1.917473232060090 -0.247617802181802
-1.912465366194462 -0.247591512099392
-1.907457500328833 -0.247564942563524
-1.902449634463204 -0.247538090800094
-1.897441768597576 -0.247510954010987
-1.892433902731947 -0.247483529373926
-1.887426036866318 -0.247455814042331
-1.882418171000690 -0.247427805145170
-1.877410305135061 -0.247399499786817
-1.872402439269432 -0.247370895046908
-1.867394573403804 -0.247341987980194
-1.862386707538175 -0.247312775616403
-1.857378841672546 -0.247283254960092
-1.852370975806917 -0.247253422990507
-1.847363109941289 -0.247223276661440
-1.842355244075660 -0.247192812901088
-1.837347378210031 -0.247162028611912
-1.832339512344403 -0.247130920670497
-1.827331646478774 -0.247099485927409
-1.822323780613145 -0.247067721207062
-1.817315914747516 -0.247035623307575
-1.812308048881888 -0.247003189000634
-1.807300183016259 -0.246970415031358
-1.802292317150630 -0.246937298118160
-1.797284451285002 -0.246903834952615
-1.792276585419373 -0.246870022199321
-1.787268719553744 -0.246835856495771
-1.782260853688115 -0.246801334452213
-1.777252987822487 -0.246766452651527
-1.772245121956858 -0.246731207649087
-1.767237256091229 -0.246695595972635
-1.762229390225601 -0.246659614122152
-1.757221524359972 -0.246623258569730
-1.752213658494343 -0.246586525759446
-1.747205792628714 -0.246549412107238
-1.742197926763086 -0.246511914000779
-1.737190060897457 -0.246474027799357
-1.732182195031828 -0.246435749833751
-1.727174329166200 -0.246397076406115
-1.722166463300571 -0.246358003789855
-1.717158597434942 -0.246318528229517
-1.712150731569314 -0.246278645940668
-1.707142865703685 -0.246238353109784
-1.702134999838056 -0.246197645894137
-1.697127133972427 -0.246156520421684
-1.692119268106799 -0.246114972790960
-1.687111402241170 -0.246072999070969
-1.682103536375541 -0.246030595301080
-1.677095670509913 -0.245987757490922
-1.672087804644284 -0.245944481620285
-1.667079938778655 -0.245900763639016
-1.662072072913026 -0.245856599466927
-1.657064207047398 -0.245811984993696
-1.652056341181769 -0.245766916078771
-1.647048475316141 -0.245721388551285
-1.642040609450512 -0.245675398209963
-1.637032743584883 -0.245628940823034
-1.632024877719255 -0.245582012128150
-1.627017011853626 -0.245534607832299
-1.622009145987997 -0.245486723611732
-1.617001280122368 -0.245438355111879
-1.611993414256740 -0.245389497947277
-1.606985548391111 -0.245340147701499
-1.601977682525482 -0.245290299927082
-1.596969816659854 -0.245239950145462
-1.591961950794225 -0.245189093846911
-1.586954084928596 -0.245137726490471
-1.581946219062968 -0.245085843503900
-1.576938353197339 -0.245033440283617
-1.571930487331710 -0.244980512194647
-1.566922621466081 -0.244927054570570
-1.561914755600453 -0.244873062713482
-1.556906889734824 -0.244818531893944
-1.551899023869195 -0.244763457350947
-1.546891158003567 -0.244707834291874
-1.541883292137938 -0.244651657892467
-1.536875426272309 -0.244594923296798
-1.531867560406680 -0.244537625617243
-1.526859694541052 -0.244479759934456
-1.521851828675423 -0.244421321297358
-1.516843962809794 -0.244362304723111
-1.511836096944166 -0.244302705197118
-1.506828231078537 -0.244242517673006
-1.501820365212908 -0.244181737072628
-1.496812499347279 -0.244120358286061
-1.491804633481651 -0.244058376171612
-1.486796767616022 -0.243995785555824
-1.481788901750393 -0.243932581233491
-1.476781035884765 -0.243868757967674
-1.471773170019136 -0.243804310489722
-1.466765304153507 -0.243739233499298
-1.461757438287878 -0.243673521664410
-1.456749572422250 -0.243607169621443
-1.451741706556621 -0.243540171975202
-1.446733840690992 -0.243472523298952
-1.441725974825364 -0.243404218134469
-1.436718108959735 -0.243335250992095
-1.431710243094106 -0.243265616350792
-1.426702377228477 -0.243195308658208
-1.421694511362849 -0.243124322330747
-1.416686645497220 -0.243052651753639
-1.411678779631591 -0.242980291281022
-1.406670913765963 -0.242907235236024
-1.401663047900334 -0.242833477910851
-1.396655182034706 -0.242759013566885
-1.391647316169077 -0.242683836434782
-1.386639450303448 -0.242607940714579
-1.381631584437820 -0.242531320575805
-1.376623718572191 -0.242453970157595
-1.371615852706562 -0.242375883568819
-1.366607986840934 -0.242297054888206
-1.361600120975305 -0.242217478164479
-1.356592255109676 -0.242137147416498
-1.351584389244048 -0.242056056633404
-1.346576523378419 -0.241974199774773
-1.341568657512790 -0.241891570770776
-1.336560791647161 -0.241808163522344
-1.331552925781533 -0.241723971901337
-1.326545059915904 -0.241638989750727
-1.321537194050275 -0.241553210884778
-1.316529328184647 -0.241466629089242
-1.311521462319018 -0.241379238121550
-1.306513596453389 -0.241291031711026
-1.301505730587760 -0.241202003559090
-1.296497864722132 -0.241112147339482
-1.291489998856503 -0.241021456698483
-1.286482132990874 -0.240929925255153
-1.281474267125246 -0.240837546601565
-1.276466401259617 -0.240744314303053
-1.271458535393988 -0.240650221898468
-1.266450669528359 -0.240555262900438
-1.261442803662731 -0.240459430795635
-1.256434937797102 -0.240362719045055
-1.251427071931473 -0.240265121084296
-1.246419206065845 -0.240166630323854
-1.241411340200216 -0.240067240149420
-1.236403474334587 -0.239966943922185
-1.231395608468958 -0.239865734979157
-1.226387742603330 -0.239763606633481
-1.221379876737701 -0.239660552174770
-1.216372010872072 -0.239556564869445
-1.211364145006444 -0.239451637961076
-1.206356279140815 -0.239345764670741
-1.201348413275186 -0.239238938197386
-1.196340547409558 -0.239131151718198
-1.191332681543929 -0.239022398388980
-1.186324815678300 -0.238912671344542
-1.181316949812671 -0.238801963699093
-1.176309083947043 -0.238690268546651
-1.171301218081414 -0.238577578961447
-1.166293352215785 -0.238463887998356
-1.161285486350157 -0.238349188693318
-1.156277620484528 -0.238233474063783
-1.151269754618899 -0.238116737109155
-1.146261888753270 -0.237998970811249
-1.141254022887642 -0.237880168134756
-1.136246157022013 -0.237760322027714
-1.131238291156384 -0.237639425421998
-1.126230425290756 -0.237517471233802
-1.121222559425127 -0.237394452364148
-1.116214693559498 -0.237270361699391
-1.111206827693869 -0.237145192111740
-1.106198961828241 -0.237018936459782
-1.101191095962612 -0.236891587589027
-1.096183230096983 -0.236763138332446
-1.091175364231355 -0.236633581511033
-1.086167498365726 -0.236502909934364
-1.081159632500097 -0.236371116401177
-1.076151766634468 -0.236238193699952
-1.071143900768840 -0.236104134609505
-1.066136034903211 -0.235968931899588
-1.061128169037582 -0.235832578331506
-1.056120303171954 -0.235695066658732
-1.051112437306325 -0.235556389627542
-1.046104571440696 -0.235416539977653
-1.041096705575067 -0.235275510442872
-1.036088839709439 -0.235133293751758
-1.031080973843810 -0.234989882628286
-1.026073107978181 -0.234845269792529
-1.021065242112553 -0.234699447961345
-1.016057376246924 -0.234552409849071
-1.011049510381295 -0.234404148168232
-1.006041644515667 -0.234254655630259
-1.001033778650038 -0.234103924946211
-0.996025912784409 -0.233951948827512
-0.991018046918780 -0.233798719986696
-0.986010181053152 -0.233644231138161
-0.981002315187523 -0.233488474998931
-0.975994449321894 -0.233331444289432
-0.970986583456266 -0.233173131734274
-0.965978717590637 -0.233013530063042
-0.960970851725008 -0.232852632011096
-0.955962985859379 -0.232690430320388
-0.950955119993751 -0.232526917740273
-0.945947254128122 -0.232362087028349
-0.940939388262493 -0.232195930951288
-0.935931522396865 -0.232028442285686
-0.930923656531236 -0.231859613818924
-0.925915790665607 -0.231689438350030
-0.920907924799979 -0.231517908690556
-0.915900058934350 -0.231345017665465
-0.910892193068721 -0.231170758114022
-0.905884327203093 -0.230995122890699
-0.900876461337464 -0.230818104866086
-0.895868595471836 -0.230639696927808
-0.890860729606207 -0.230459891981462
-0.885852863740578 -0.230278682951549
-0.880844997874950 -0.230096062782421
-0.875837132009321 -0.229912024439242
-0.870829266143692 -0.229726560908943
-0.865821400278064 -0.229539665201202
-0.860813534412435 -0.229351330349421
-0.855805668546806 -0.229161549411717
-0.850797802681177 -0.228970315471916
-0.845789936815549 -0.228777621640560
-0.840782070949920 -0.228583461055922
-0.835774205084291 -0.228387826885022
-0.830766339218663 -0.228190712324661
-0.825758473353034 -0.227992110602455
-0.820750607487405 -0.227792014977880
-0.815742741621776 -0.227590418743320
-0.810734875756148 -0.227387315225132
-0.805727009890519 -0.227182697784706
-0.800719144024890 -0.226976559819541
-0.795711278159262 -0.226768894764327
-0.790703412293633 -0.226559696092026
-0.785695546428004 -0.226348957314972
-0.780687680562376 -0.226136671985965
-0.775679814696747 -0.225922833699383
-0.770671948831118 -0.225707436092291
-0.765664082965489 -0.225490472845562
-0.760656217099861 -0.225271937685000
-0.755648351234232 -0.225051824382471
-0.750640485368603 -0.224830126757041
-0.745632619502975 -0.224606838676116
-0.740624753637346 -0.224381954056588
-0.735616887771717 -0.224155466865990
-0.730609021906088 -0.223927371123651
-0.725601156040460 -0.223697660901858
-0.720593290174831 -0.223466330327024
-0.715585424309202 -0.223233373580856
-0.710577558443574 -0.222998784901534
-0.705569692577945 -0.222762558584886
-0.700561826712316 -0.222524688985574
-0.695553960846687 -0.222285170518279
-0.690546094981059 -0.222043997658891
-0.685538229115430 -0.221801164945705
-0.680530363249801 -0.221556666980613
-0.675522497384173 -0.221310498430305
-0.670514631518544 -0.221062654027472
-0.665506765652915 -0.220813128572007
-0.660498899787286 -0.220561916932215
-0.655491033921658 -0.220309014046018
-0.650483168056029 -0.220054414922164
-0.645475302190400 -0.219798114641442
-0.640467436324772 -0.219540108357892
-0.635459570459143 -0.219280391300017
-0.630451704593514 -0.219018958772000
-0.625443838727885 -0.218755806154916
-0.620435972862257 -0.218490928907950
-0.615428106996628 -0.218224322569608
-0.610420241130999 -0.217955982758932
-0.605412375265371 -0.217685905176719
-0.600404509399742 -0.217414085606728
-0.595396643534113 -0.217140519916893
-0.590388777668485 -0.216865204060537
-0.585380911802856 -0.216588134077580
-0.580373045937227 -0.216309306095744
-0.575365180071598 -0.216028716331760
-0.570357314205970 -0.215746361092571
-0.565349448340341 -0.215462236776532
-0.560341582474712 -0.215176339874606
-0.555333716609084 -0.214888666971558
-0.550325850743455 -0.214599214747144
-0.545317984877826 -0.214307979977303
-0.540310119012197 -0.214014959535331
-0.535302253146569 -0.213720150393066
-0.530294387280940 -0.213423549622054
-0.525286521415311 -0.213125154394725
-0.520278655549683 -0.212824961985549
-0.515270789684054 -0.212522969772197
-0.510262923818425 -0.212219175236690
-0.505255057952796 -0.211913575966546
-0.500247192087168 -0.211606169655915
-0.495239326221539 -0.211296954106715
-0.490231460355910 -0.210985927229752
-0.485223594490282 -0.210673087045841
-0.480215728624653 -0.210358431686910
-0.475207862759024 -0.210041959397107
-0.470199996893395 -0.209723668533888
-0.465192131027767 -0.209403557569104
-0.460184265162138 -0.209081625090073
-0.455176399296509 -0.208757869800647
-0.450168533430881 -0.208432290522270
-0.445160667565252 -0.208104886195019
-0.440152801699623 -0.207775655878643
-0.435144935833994 -0.207444598753589
-0.430137069968366 -0.207111714122013
-0.425129204102737 -0.206777001408782
-0.420121338237109 -0.206440460162472
-0.415113472371480 -0.206102090056338
-0.410105606505851 -0.205761890889289
-0.405097740640223 -0.205419862586837
-0.400089874774594 -0.205076005202042
-0.395082008908965 -0.204730318916439
-0.390074143043337 -0.204382804040956
-0.385066277177708 -0.204033461016810
-0.380058411312080 -0.203682290416399
-0.375050545446451 -0.203329292944172
-0.370042679580822 -0.202974469437491
-0.365034813715194 -0.202617820867467
-0.360026947849565 -0.202259348339797
-0.355019081983936 -0.201899053095566
-0.350011216118307 -0.201536936512053
-0.345003350252679 -0.201173000103502
-0.339995484387050 -0.200807245521893
-0.334987618521421 -0.200439674557682
-0.329979752655793 -0.200070289140536
-0.324971886790164 -0.199699091340039
-0.319964020924535 -0.199326083366391
-0.314956155058906 -0.198951267571083
-0.309948289193278 -0.198574646447551
-0.304940423327649 -0.198196222631821
-0.299932557462020 -0.197815998903126
-0.294924691596392 -0.197433978184504
-0.289916825730763 -0.197050163543388
-0.284908959865134 -0.196664558192158
-0.279901093999505 -0.196277165488692
-0.274893228133877 -0.195887988936881
-0.269885362268248 -0.195497032187133
-0.264877496402619 -0.195104299036853
-0.259869630536991 -0.194709793430903
-0.254861764671362 -0.194313519462037
-0.249853898805733 -0.193915481371323
-0.244846032940104 -0.193515683548532
-0.239838167074476 -0.193114130532514
-0.234830301208847 -0.192710827011548
-0.229822435343218 -0.192305777823669
-0.224814569477590 -0.191898987956975
-0.219806703611961 -0.191490462549908
-0.214798837746332 -0.191080206891513
-0.209790971880703 -0.190668226421674
-0.204783106015075 -0.190254526731330
-0.199775240149446 -0.189839113562656
-0.194767374283817 -0.189421992809235
-0.189759508418189 -0.189003170516194
-0.184751642552560 -0.188582652880324
-0.179743776686931 -0.188160446250167
-0.174735910821302 -0.187736557126087
-0.169728044955674 -0.187310992160310
-0.164720179090045 -0.186883758156941
-0.159712313224416 -0.186454862071958
-0.154704447358788 -0.186024311013179
-0.149696581493159 -0.185592112240200
-0.144688715627530 -0.185158273164312
-0.139680849761902 -0.184722801348395
-0.134672983896273 -0.184285704506775
-0.129665118030644 -0.183846990505069
-0.124657252165015 -0.183406667359994
-0.119649386299387 -0.182964743239152
-0.114641520433758 -0.182521226460794
-0.109633654568129 -0.182076125493548
-0.104625788702501 -0.181629448956131
-0.099617922836872 -0.181181205617025
-0.094610056971243 -0.180731404394136
-0.089602191105614 -0.180280054354418
-0.084594325239986 -0.179827164713474
-0.079586459374357 -0.179372744835130
-0.074578593508728 -0.178916804230983
-0.069570727643100 -0.178459352559923
-0.064562861777471 -0.178000399627622
-0.059554995911842 -0.177539955386005
-0.054547130046213 -0.177078029932688
-0.049539264180585 -0.176614633510392
-0.044531398314956 -0.176149776506328
-0.039523532449327 -0.175683469451558
-0.034515666583699 -0.175215723020328
-0.029507800718070 -0.174746548029370
-0.024499934852441 -0.174275955437186
-0.019492068986812 -0.173803956343299
-0.014484203121184 -0.173330561987477
-0.009476337255555 -0.172855783748934
-0.004468471389926 -0.172379633145502
0.000539394475702 -0.171902121832779
0.005547260341331 -0.171423261603247
0.010555126206960 -0.170943064385367
0.015562992072589 -0.170461542242645
0.020570857938217 -0.169978707372676
0.025578723803846 -0.169494572106159
0.030586589669475 -0.169009148905885
0.035594455535103 -0.168522450365703
0.040602321400732 -0.168034489209459
0.045610187266361 -0.167545278289909
0.050618053131990 -0.167054830587606
0.055625918997618 -0.166563159209764
0.060633784863247 -0.166070277389096
0.065641650728875 -0.165576198482628
0.070649516594504 -0.165080935970488
0.075657382460133 -0.164584503454669
0.080665248325762 -0.164086914657771
0.085673114191390 -0.163588183421718
0.090680980057019 -0.163088323706450
0.095688845922648 -0.162587349588593
0.100696711788276 -0.162085275260105
0.105704577653905 -0.161582115026898
0.110712443519533 -0.161077883307440
0.115720309385162 -0.160572594631335
0.120728175250790 -0.160066263637874
0.125736041116419 -0.159558905074570
0.130743906982048 -0.159050533795675
0.135751772847677 -0.158541164760664
0.140759638713305 -0.158030813032708
0.145767504578934 -0.157519493777124
0.150775370444563 -0.157007222259798
0.155783236310191 -0.156494013845600
0.160791102175820 -0.155979883996766
0.165798968041449 -0.155464848271270
0.170806833907078 -0.154948922321172
0.175814699772706 -0.154432121890949
0.180822565638335 -0.153914462815806
0.185830431503964 -0.153395961019969
0.190838297369592 -0.152876632514964
0.195846163235221 -0.152356493397870
0.200854029100850 -0.151835559849565
0.205861894966479 -0.151313848132946
0.210869760832107 -0.150791374591141
0.215877626697736 -0.150268155645695
0.220885492563365 -0.149744207794753
0.225893358428993 -0.149219547611216
0.230901224294622 -0.148694191740887
0.235909090160251 -0.148168156900607
0.240916956025880 -0.147641459876367
0.245924821891508 -0.147114117521414
0.250932687757137 -0.146586146754344
0.255940553622766 -0.146057564557175
0.260948419488394 -0.145528387973416
0.265956285354023 -0.144998634106119
0.270964151219652 -0.144468320115921
0.275972017085280 -0.143937463219074
0.280979882950909 -0.143406080685466
0.285987748816538 -0.142874189836631
0.290995614682167 -0.142341808043747
0.296003480547795 -0.141808952725629
0.301011346413424 -0.141275641346710
0.306019212279053 -0.140741891415013
0.311027078144681 -0.140207720480116
0.316034944010310 -0.139673146131113
0.321042809875939 -0.139138185994561
0.326050675741568 -0.138602857732424
0.331058541607196 -0.138067179040015
0.336066407472825 -0.137531167643922
0.341074273338454 -0.136994841299940
0.346082139204082 -0.136458217790989
0.351090005069711 -0.135921314925034
0.356097870935340 -0.135384150532999
0.361105736800969 -0.134846742466677
0.366113602666597 -0.134309108596635
0.371121468532226 -0.133771266810125
0.376129334397855 -0.133233235008979
0.381137200263483 -0.132695031107521
0.386145066129112 -0.132156673030456
0.391152931994741 -0.131618178710779
0.396160797860370 -0.131079566087673
0.401168663725998 -0.130540853104405
0.406176529591627 -0.130002057706232
0.411184395457256 -0.129463197838302
0.416192261322884 -0.128924291443558
0.421200127188513 -0.128385356460643
0.426207993054142 -0.127846410821815
0.431215858919771 -0.127307472450851
0.436223724785399 -0.126768559260969
0.441231590651028 -0.126229689152748
0.446239456516657 -0.125690880012050
0.451247322382285 -0.125152149707950
0.456255188247914 -0.124613516090675
0.461263054113543 -0.124074996989539
0.466270919979172 -0.123536610210896
0.471278785844800 -0.122998373536093
0.476286651710429 -0.122460304719428
0.481294517576058 -0.121922421486125
0.486302383441686 -0.121384741530305
0.491310249307315 -0.120847282512977
0.496318115172944 -0.120310062060032
0.501325981038572 -0.119773097760245
0.506333846904201 -0.119236407163291
0.511341712769830 -0.118700007777770
0.516349578635459 -0.118163917069241
0.521357444501087 -0.117628152458269
0.526365310366716 -0.117092731318480
0.531373176232345 -0.116557670974635
0.536381042097973 -0.116022988700710
0.541388907963602 -0.115488701717990
0.546396773829231 -0.114954827193176
0.551404639694860 -0.114421382236509
0.556412505560488 -0.113888383899901
0.561420371426117 -0.113355849175089
0.566428237291746 -0.112823794991794
0.571436103157374 -0.112292238215904
0.576443969023003 -0.111761195647663
0.581451834888632 -0.111230684019886
0.586459700754260 -0.110700719996182
0.591467566619889 -0.110171320169195
0.596475432485517 -0.109642501058864
0.601483298351146 -0.109114279110699
0.606491164216775 -0.108586670694075
0.611499030082403 -0.108059692100537
0.616506895948032 -0.107533359542138
0.621514761813661 -0.107007689149775
0.626522627679289 -0.106482696971565
0.631530493544918 -0.105958398971221
0.636538359410547 -0.105434811026459
0.641546225276175 -0.104911948927421
0.646554091141804 -0.104389828375116
0.651561957007433 -0.103868464979883
0.656569822873062 -0.103347874259874
0.661577688738690 -0.102828071639556
0.666585554604319 -0.102309072448236
0.671593420469948 -0.101790891918604
0.676601286335576 -0.101273545185301
0.681609152201205 -0.100757047283504
0.686617018066834 -0.100241413147535
0.691624883932462 -0.099726657609495
0.696632749798091 -0.099212795397911
0.701640615663720 -0.098699841136415
0.706648481529349 -0.098187809342441
0.711656347394977 -0.097676714425942
0.716664213260606 -0.097166570688135
0.721672079126235 -0.096657392320265
0.726679944991863 -0.096149193402397
0.731687810857492 -0.095641987902222
0.736695676723121 -0.095135789673897
0.741703542588750 -0.094630612456901
0.746711408454378 -0.094126469874920
0.751719274320007 -0.093623375434749
0.756727140185636 -0.093121342525225
0.761735006051264 -0.092620384416180
0.766742871916893 -0.092120514257421
0.771750737782522 -0.091621745077727
0.776758603648151 -0.091124089783882
0.781766469513779 -0.090627561159720
0.786774335379408 -0.090132171865205
0.791782201245037 -0.089637934435527
0.796790067110665 -0.089144861280229
0.801797932976294 -0.088652964682353
0.806805798841923 -0.088162256797616
0.811813664707552 -0.087672749653609
0.816821530573180 -0.087184455149016
0.821829396438809 -0.086697385052863
0.826837262304438 -0.086211551003794
0.831845128170066 -0.085726964509362
0.836852994035695 -0.085243636945357
0.841860859901324 -0.084761579555146
0.846868725766953 -0.084280803449052
0.851876591632581 -0.083801319603741
0.856884457498210 -0.083323138861652
0.861892323363839 -0.082846271930436
0.866900189229467 -0.082370729382427
0.871908055095096 -0.081896521654139
0.876915920960725 -0.081423659045783
0.881923786826354 -0.080952151720811
0.886931652691982 -0.080482009705485
0.891939518557611 -0.080013242888467
0.896947384423240 -0.079545861020439
0.901955250288868 -0.079079873713739
0.906963116154497 -0.078615290442032
0.911970982020126 -0.078152120539993
0.916978847885754 -0.077690373203024
0.921986713751383 -0.077230057486987
0.926994579617012 -0.076771182307967
0.932002445482641 -0.076313756442055
0.937010311348269 -0.075857788525155
0.942018177213898 -0.075403287052815
0.947026043079527 -0.074950260380080
0.952033908945155 -0.074498716721368
0.957041774810784 -0.074048664150374
0.962049640676413 -0.073600110599987
0.967057506542042 -0.073153063862238
0.972065372407670 -0.072707531588268
0.977073238273299 -0.072263521288316
0.982081104138928 -0.071821040331732
0.987088970004556 -0.071380095947012
0.992096835870185 -0.070940695221850
0.997104701735814 -0.070502845103222
1.002112567601443 -0.070066552397477
1.007120433467071 -0.069631823770461
1.012128299332700 -0.069198665747658
1.017136165198329 -0.068767084714353
1.022144031063957 -0.068337086915810
1.027151896929586 -0.067908678457480
1.032159762795215 -0.067481865305219
1.037167628660844 -0.067056653285537
1.042175494526472 -0.066633048085856
1.047183360392101 -0.066211055254796
1.052191226257730 -0.065790680202474
1.057199092123358 -0.065371928200827
1.062206957988987 -0.064954804383951
1.067214823854616 -0.064539313748460
1.072222689720244 -0.064125461153865
1.077230555585873 -0.063713251322966
1.082238421451502 -0.063302688842266
1.087246287317130 -0.062893778162406
1.092254153182759 -0.062486523598606
1.097262019048387 -0.062080929331140
1.102269884914016 -0.061676999405813
1.107277750779645 -0.061274737734459
1.112285616645273 -0.060874148095463
1.117293482510902 -0.060475234134290
1.122301348376531 -0.060077999364033
1.127309214242159 -0.059682447165978
1.132317080107788 -0.059288580790184
1.137324945973417 -0.058896403356078
1.142332811839045 -0.058505917853062
1.147340677704674 -0.058117127141142
1.152348543570303 -0.057730033951564
1.157356409435932 -0.057344640887469
1.162364275301560 -0.056960950424558
1.167372141167189 -0.056578964911774
1.172380007032818 -0.056198686571996
1.177387872898446 -0.055820117502748
1.182395738764075 -0.055443259676916
1.187403604629704 -0.055068114943483
1.192411470495333 -0.054694685028272
1.197419336360961 -0.054322971534706
1.202427202226590 -0.053952975944576
1.207435068092219 -0.053584699618817
1.212442933957847 -0.053218143798309
1.217450799823476 -0.052853309604668
1.222458665689105 -0.052490198041070
1.227466531554734 -0.052128809993069
1.232474397420362 -0.051769146229430
1.237482263285991 -0.051411207402976
1.242490129151620 -0.051054994051443
1.247497995017248 -0.050700506598335
1.252505860882877 -0.050347745353807
1.257513726748506 -0.049996710515534
1.262521592614135 -0.049647402169612
1.267529458479763 -0.049299820291445
1.272537324345392 -0.048953964746658
1.277545190211021 -0.048609835292010
1.282553056076649 -0.048267431576308
1.287560921942278 -0.047926753141346
1.292568787807907 -0.047587799422831
1.297576653673536 -0.047250569751328
1.302584519539164 -0.046915063353214
1.307592385404793 -0.046581279351622
1.312600251270422 -0.046249216767410
1.317608117136050 -0.045918874520127
1.322615983001679 -0.045590251428980
1.327623848867308 -0.045263346213815
1.332631714732937 -0.044938157496097
1.337639580598565 -0.044614683799901
1.342647446464194 -0.044292923552898
1.347655312329823 -0.043972875087352
1.352663178195451 -0.043654536641123
1.357671044061080 -0.043337906358666
1.362678909926709 -0.043022982292041
1.367686775792337 -0.042709762401922
1.372694641657966 -0.042398244558608
1.377702507523595 -0.042088426543045
1.382710373389224 -0.041780306047838
1.387718239254852 -0.041473880678278
1.392726105120481 -0.041169147953359
1.397733970986110 -0.040866105306811
1.402741836851738 -0.040564750088118
1.407749702717367 -0.040265079563556
1.412757568582996 -0.039967090917215
1.417765434448625 -0.039670781252033
1.422773300314253 -0.039376147590829
1.427781166179882 -0.039083186877331
1.432789032045511 -0.038791895977214
1.437796897911139 -0.038502271679130
1.442804763776768 -0.038214310695743
1.447812629642397 -0.037928009664760
1.452820495508026 -0.037643365149963
1.457828361373654 -0.037360373642246
1.462836227239283 -0.037079031560642
1.467844093104912 -0.036799335253354
1.472851958970540 -0.036521280998787
1.477859824836169 -0.036244865006572
1.482867690701798 -0.035970083418599
1.487875556567427 -0.035696932310035
1.492883422433055 -0.035425407690353
1.497891288298684 -0.035155505504352
1.502899154164313 -0.034887221633174
1.507907020029941 -0.034620551895324
1.512914885895570 -0.034355492047683
1.517922751761199 -0.034092037786520
1.522930617626828 -0.033830184748501
1.527938483492456 -0.033569928511699
1.532946349358085 -0.033311264596590
1.537954215223714 -0.033054188467060
1.542962081089342 -0.032798695531397
1.547969946954971 -0.032544781143288
1.552977812820600 -0.032292440602804
1.557985678686228 -0.032041669157391
1.562993544551857 -0.031792462002846
1.568001410417486 -0.031544814284301
1.573009276283114 -0.031298721097191
1.578017142148743 -0.031054177488228
1.583025008014372 -0.030811178456361
1.588032873880000 -0.030569718953742
1.593040739745629 -0.030329793886677
1.598048605611257 -0.030091398116579
1.603056471476886 -0.029854526460915
1.608064337342515 -0.029619173694144
1.613072203208143 -0.029385334548657
1.618080069073772 -0.029153003715704
1.623087934939401 -0.028922175846323
1.628095800805029 -0.028692845552256
1.633103666670658 -0.028465007406868
1.638111532536287 -0.028238655946053
1.643119398401916 -0.028013785669137
1.648127264267544 -0.027790391039779
1.653135130133173 -0.027568466486859
1.658142995998802 -0.027348006405365
1.663150861864430 -0.027129005157276
1.668158727730059 -0.026911457072428
1.673166593595688 -0.026695356449391
1.678174459461317 -0.026480697556321
1.683182325326945 -0.026267474631823
1.688190191192574 -0.026055681885795
1.693198057058203 -0.025845313500272
1.698205922923831 -0.025636363630258
1.703213788789460 -0.025428826404562
1.708221654655089 -0.025222695926614
1.713229520520718 -0.025017966275285
1.718237386386346 -0.024814631505692
1.723245252251975 -0.024612685650006
1.728253118117604 -0.024412122718243
1.733260983983232 -0.024212936699052
1.738268849848861 -0.024015121560501
1.743276715714490 -0.023818671250848
1.748284581580119 -0.023623579699312
1.753292447445747 -0.023429840816828
1.758300313311376 -0.023237448496809
1.763308179177005 -0.023046396615885
1.768316045042633 -0.022856679034646
1.773323910908262 -0.022668289598373
1.778331776773891 -0.022481222137767
1.783339642639519 -0.022295470469659
1.788347508505148 -0.022111028397728
1.793355374370777 -0.021927889713201
1.798363240236406 -0.021746048195550
1.803371106102034 -0.021565497613179
1.808378971967663 -0.021386231724108
1.813386837833292 -0.021208244276647
1.818394703698920 -0.021031529010059
1.823402569564549 -0.020856079655225
1.828410435430178 -0.020681889935293
1.833418301295807 -0.020508953566322
1.838426167161435 -0.020337264257923
1.843434033027064 -0.020166815713884
1.848441898892693 -0.019997601632796
1.853449764758321 -0.019829615708671
1.858457630623950 -0.019662851631542
1.863465496489579 -0.019497303088071
1.868473362355208 -0.019332963762139
1.873481228220836 -0.019169827335433
1.878489094086465 -0.019007887488021
1.883496959952094 -0.018847137898931
1.888504825817722 -0.018687572246707
1.893512691683351 -0.018529184209968
1.898520557548980 -0.018371967467959
1.903528423414609 -0.018215915701093
1.908536289280237 -0.018061022591484
1.913544155145866 -0.017907281823474
1.918552021011495 -0.017754687084157
1.923559886877123 -0.017603232063886
1.928567752742752 -0.017452910456785
1.933575618608381 -0.017303715961245
1.938583484474010 -0.017155642280416
1.943591350339638 -0.017008683122690
1.948599216205267 -0.016862832202180
1.953607082070896 -0.016718083239191
1.958614947936524 -0.016574429960681
1.963622813802153 -0.016431866100719
1.968630679667782 -0.016290385400933
1.973638545533410 -0.016149981610955
1.978646411399039 -0.016010648488854
1.983654277264668 -0.015872379801563
1.988662143130297 -0.015735169325306
1.993670008995925 -0.015599010846008
1.998677874861554 -0.015463898159705
2.003685740727183 -0.015329825072947
2.008693606592811 -0.015196785403189
2.013701472458440 -0.015064772979182
2.018709338324069 -0.014933781641354
2.023717204189698 -0.014803805242184
2.028725070055326 -0.014674837646569
2.033732935920955 -0.014546872732190
2.038740801786584 -0.014419904389862
2.043748667652212 -0.014293926523888
2.048756533517841 -0.014168933052398
2.053764399383470 -0.014044917907684
2.058772265249099 -0.013921875036537
2.063780131114727 -0.013799798400559
2.068787996980356 -0.013678681976494
2.073795862845984 -0.013558519756526
2.078803728711613 -0.013439305748595
2.083811594577242 -0.013321033976688
2.088819460442870 -0.013203698481138
2.093827326308499 -0.013087293318907
2.098835192174128 -0.012971812563870
2.103843058039756 -0.012857250307087
2.108850923905385 -0.012743600657076
2.113858789771013 -0.012630857740073
2.118866655636642 -0.012519015700294
2.123874521502271 -0.012408068700185
2.128882387367900 -0.012298010920665
2.133890253233528 -0.012188836561376
2.138898119099157 -0.012080539840909
2.143905984964786 -0.011973114997039
2.148913850830414 -0.011866556286949
2.153921716696043 -0.011760857987448
2.158929582561672 -0.011656014395187
2.163937448427301 -0.011552019826865
2.168945314292929 -0.011448868619432
2.173953180158558 -0.011346555130291
2.178961046024187 -0.011245073737485
2.183968911889815 -0.011144418839892
2.188976777755444 -0.011044584857401
2.193984643621073 -0.010945566231095
2.198992509486701 -0.010847357423422
2.204000375352330 -0.010749952918360
2.209008241217959 -0.010653347221589
2.214016107083588 -0.010557534860637
2.219023972949216 -0.010462510385047
2.224031838814845 -0.010368268366516
2.229039704680474 -0.010274803399044
2.234047570546102 -0.010182110099073
2.239055436411731 -0.010090183105625
2.244063302277360 -0.009999017080426
2.249071168142989 -0.009908606708042
2.254079034008617 -0.009818946695994
2.259086899874246 -0.009730031774878
2.264094765739875 -0.009641856698480
2.269102631605503 -0.009554416243884
2.274110497471132 -0.009467705211578
2.279118363336761 -0.009381718425556
2.284126229202390 -0.009296450733412
2.289134095068018 -0.009211897006436
2.294141960933647 -0.009128052139705
2.299149826799276 -0.009044911052161
2.304157692664904 -0.008962468686702
2.309165558530533 -0.008880720010254
2.314173424396162 -0.008799660013843
2.319181290261791 -0.008719283712672
2.324189156127419 -0.008639586146183
2.329197021993048 -0.008560562378118
2.334204887858677 -0.008482207496586
2.339212753724305 -0.008404516614110
2.344220619589934 -0.008327484867686
2.349228485455563 -0.008251107418830
2.354236351321192 -0.008175379453623
2.359244217186820 -0.008100296182754
2.364252083052449 -0.008025852841559
2.369259948918078 -0.007952044690060
2.374267814783706 -0.007878867012991
2.379275680649335 -0.007806315119834
2.384283546514964 -0.007734384344844
2.389291412380593 -0.007663070047071
2.394299278246221 -0.007592367610383
2.399307144111850 -0.007522272443481
2.404315009977479 -0.007452779979915
2.409322875843107 -0.007383885678099
2.414330741708736 -0.007315585021314
2.419338607574365 -0.007247873517720
2.424346473439993 -0.007180746700358
2.429354339305622 -0.007114200127149
2.434362205171251 -0.007048229380895
2.439370071036880 -0.006982830069275
2.444377936902508 -0.006917997824835
2.449385802768137 -0.006853728304985
2.454393668633766 -0.006790017191980
2.459401534499394 -0.006726860192912
2.464409400365023 -0.006664253039690
2.469417266230652 -0.006602191489023
2.474425132096281 -0.006540671322400
2.479432997961909 -0.006479688346063
2.484440863827538 -0.006419238390988
2.489448729693167 -0.006359317312848
2.494456595558795 -0.006299920991995
2.499464461424424 -0.006241045333417
2.504472327290053 -0.006182686266712
2.509480193155682 -0.006124839746050
2.514488059021310 -0.006067501750132
2.519495924886939 -0.006010668282156
2.524503790752568 -0.005954335369772
2.529511656618196 -0.005898499065036
2.534519522483825 -0.005843155444372
2.539527388349454 -0.005788300608518
2.544535254215083 -0.005733930682481
2.549543120080711 -0.005680041815484
2.554550985946340 -0.005626630180917
2.559558851811969 -0.005573691976281
2.564566717677597 -0.005521223423132
2.569574583543226 -0.005469220767027
2.574582449408855 -0.005417680277462
2.579590315274483 -0.005366598247814
2.584598181140112 -0.005315970995280
2.589606047005740 -0.005265794860810
2.594613912871369 -0.005216066209050
2.599621778736998 -0.005166781428269
2.604629644602626 -0.005117936930296
2.609637510468255 -0.005069529150452
2.614645376333884 -0.005021554547477
2.619653242199513 -0.004974009603463
2.624661108065141 -0.004926890823779
2.629668973930769 -0.004880194736998
2.634676839796398 -0.004833917894826
2.639684705662027 -0.004788056872021
2.644692571527656 -0.004742608266322
2.649700437393285 -0.004697568698366
2.654708303258914 -0.004652934811613
2.659716169124541 -0.004608703272264
2.664724034990170 -0.004564870769182
2.669731900855799 -0.004521434013809
2.674739766721428 -0.004478389740082
2.679747632587057 -0.004435734704355
2.684755498452686 -0.004393465685306
2.689763364318315 -0.004351579483860
2.694771230183942 -0.004310072923095
2.699779096049571 -0.004268942848165
2.704786961915200 -0.004228186126200
2.709794827780829 -0.004187799646228
2.714802693646458 -0.004147780319081
2.719810559512087 -0.004108125077304
2.724818425377716 -0.004068830875068
2.729826291243343 -0.004029894688076
2.734834157108972 -0.003991313513472
2.739842022974601 -0.003953084369748
2.744849888840230 -0.003915204296652
2.749857754705859 -0.003877670355091
2.754865620571488 -0.003840479627042
2.759873486437117 -0.003803629215453
2.764881352302744 -0.003767116244150
2.769889218168373 -0.003730937857739
2.774897084034002 -0.003695091221511
2.779904949899631 -0.003659573521346
2.784912815765260 -0.003624381963615
2.789920681630889 -0.003589513775082
2.794928547496518 -0.003554966202807
2.799936413362145 -0.003520736514047
2.804944279227774 -0.003486821996157
2.809952145093403 -0.003453219956494
2.814960010959032 -0.003419927722311
2.819967876824661 -0.003386942640664
2.824975742690290 -0.003354262078311
2.829983608555919 -0.003321883421608
2.834991474421546 -0.003289804076412
2.839999340287175 -0.003258021467979
2.845007206152804 -0.003226533040863
2.850015072018433 -0.003195336258816
2.855022937884062 -0.003164428604686
2.860030803749691 -0.003133807580316
2.865038669615320 -0.003103470706440
2.870046535480947 -0.003073415522586
2.875054401346576 -0.003043639586969
2.880062267212205 -0.003014140476393
2.885070133077834 -0.002984915786146
2.890077998943463 -0.002955963129899
2.895085864809092 -0.002927280139605
2.900093730674721 -0.002898864465396
2.905101596540348 -0.002870713775477
2.910109462405977 -0.002842825756032
2.915117328271606 -0.002815198111110
2.920125194137235 -0.002787828562536
2.925133060002864 -0.002760714849796
2.930140925868493 -0.002733854729943
2.935148791734122 -0.002707245977492
2.940156657599749 -0.002680886384316
2.945164523465378 -0.002654773759548
2.950172389331007 -0.002628905929474
2.955180255196636 -0.002603280737433
2.960188121062265 -0.002577896043717
2.965195986927894 -0.002552749725466
2.970203852793521 -0.002527839676566
2.975211718659150 -0.002503163807552
2.980219584524779 -0.002478720045499
2.985227450390408 -0.002454506333928
2.990235316256037 -0.002430520632699
2.995243182121666 -0.002406760917912
3.000251047987295 -0.002383225181809
3.005258913852922 -0.002359911432666
3.010266779718551 -0.002336817694701
3.015274645584180 -0.002313942007965
3.020282511449809 -0.002291282428249
3.025290377315438 -0.002268837026981
3.030298243181067 -0.002246603891123
3.035306109046696 -0.002224581123077
3.040313974912323 -0.002202766840583
3.045321840777952 -0.002181159176618
3.050329706643581 -0.002159756279301
3.055337572509210 -0.002138556311791
3.060345438374839 -0.002117557452191
3.065353304240467 -0.002096757893446
3.070361170106096 -0.002076155843252
3.075369035971724 -0.002055749523950
3.080376901837353 -0.002035537172436
3.085384767702982 -0.002015517040059
3.090392633568610 -0.001995687392527
3.095400499434239 -0.001976046509809
3.100408365299868 -0.001956592686041
3.105416231165497 -0.001937324229426
3.110424097031125 -0.001918239462142
3.115431962896754 -0.001899336720248
3.120439828762382 -0.001880614353585
3.125447694628011 -0.001862070725684
3.130455560493640 -0.001843704213671
3.135463426359269 -0.001825513208173
3.140471292224898 -0.001807496113226
3.145479158090525 -0.001789651346181
3.150487023956154 -0.001771977337608
3.155494889821783 -0.001754472531210
3.160502755687412 -0.001737135383726
3.165510621553041 -0.001719964364838
3.170518487418670 -0.001702957957085
3.175526353284299 -0.001686114655769
3.180534219149926 -0.001669432968863
3.185542085015555 -0.001652911416923
3.190549950881184 -0.001636548532997
3.195557816746813 -0.001620342862536
3.200565682612442 -0.001604292963304
3.205573548478071 -0.001588397405292
3.210581414343700 -0.001572654770624
3.215589280209327 -0.001557063653476
3.220597146074956 -0.001541622659985
3.225605011940585 -0.001526330408159
3.230612877806214 -0.001511185527795
3.235620743671843 -0.001496186660393
3.240628609537472 -0.001481332459065
3.245636475403101 -0.001466621588454
3.250644341268728 -0.001452052724646
3.255652207134357 -0.001437624555088
3.260660072999986 -0.001423335778502
3.265667938865615 -0.001409185104802
3.270675804731244 -0.001395171255009
3.275683670596873 -0.001381292961170
3.280691536462502 -0.001367548966273
3.285699402328129 -0.001353938024169
3.290707268193758 -0.001340458899484
3.295715134059387 -0.001327110367544
3.300722999925016 -0.001313891214291
3.305730865790645 -0.001300800236200
3.310738731656274 -0.001287836240206
3.315746597521903 -0.001274998043616
3.320754463387530 -0.001262284474036
3.325762329253159 -0.001249694369289
3.330770195118788 -0.001237226577340
3.335778060984417 -0.001224879956214
3.340785926850046 -0.001212653373920
3.345793792715675 -0.001200545708376
3.350801658581304 -0.001188555847329
3.355809524446931 -0.001176682688282
3.360817390312560 -0.001164925138415
3.365825256178189 -0.001153282114513
3.370833122043818 -0.001141752542890
3.375840987909447 -0.001130335359313
3.380848853775076 -0.001119029508930
3.385856719640703 -0.001107833946194
3.390864585506332 -0.001096747634794
3.395872451371961 -0.001085769547577
3.400880317237590 -0.001074898666481
3.405888183103219 -0.001064133982459
3.410896048968848 -0.001053474495409
3.415903914834477 -0.001042919214104
3.420911780700104 -0.001032467156122
3.425919646565733 -0.001022117347771
3.430927512431362 -0.001011868824027
3.435935378296991 -0.001001720628457
3.440943244162620 -0.000991671813157
3.445951110028249 -0.000981721438678
3.450958975893878 -0.000971868573962
3.455966841759505 -0.000962112296272
3.460974707625134 -0.000952451691127
3.465982573490763 -0.000942885852233
3.470990439356392 -0.000933413881418
3.475998305222021 -0.000924034888567
3.481006171087650 -0.000914747991555
3.486014036953279 -0.000905552316183
3.491021902818906 -0.000896446996114
3.496029768684535 -0.000887431172805
3.501037634550164 -0.000878503995451
3.506045500415793 -0.000869664620912
3.511053366281422 -0.000860912213660
3.516061232147051 -0.000852245945708
3.521069098012680 -0.000843664996553
3.526076963878307 -0.000835168553114
3.531084829743936 -0.000826755809668
3.536092695609565 -0.000818425967793
3.541100561475194 -0.000810178236304
3.546108427340823 -0.000802011831195
3.551116293206452 -0.000793925975580
3.556124159072080 -0.000785919899632
3.561132024937708 -0.000777992840526
3.566139890803337 -0.000770144042378
3.571147756668966 -0.000762372756192
3.576155622534595 -0.000754678239797
3.581163488400223 -0.000747059757793
3.586171354265852 -0.000739516581493
3.591179220131481 -0.000732047988868
3.596187085997109 -0.000724653264489
3.601194951862738 -0.000717331699473
3.606202817728366 -0.000710082591429
3.611210683593995 -0.000702905244399
3.616218549459624 -0.000695798968809
3.621226415325253 -0.000688763081409
3.626234281190882 -0.000681796905227
3.631242147056509 -0.000674899769508
3.636250012922138 -0.000668071009667
3.641257878787767 -0.000661309967231
3.646265744653396 -0.000654615989794
3.651273610519025 -0.000647988430958
3.656281476384654 -0.000641426650289
3.661289342250283 -0.000634930013257
3.666297208115910 -0.000628497891196
3.671305073981539 -0.000622129661245
3.676312939847168 -0.000615824706301
3.681320805712797 -0.000609582414974
3.686328671578426 -0.000603402181529
3.691336537444055 -0.000597283405847
3.696344403309684 -0.000591225493369
3.701352269175311 -0.000585227855050
3.706360135040940 -0.000579289907316
3.711368000906569 -0.000573411072011
3.716375866772198 -0.000567590776350
3.721383732637827 -0.000561828452877
3.726391598503456 -0.000556123539417
3.731399464369085 -0.000550475479026
3.736407330234712 -0.000544883719952
3.741415196100341 -0.000539347715585
3.746423061965970 -0.000533866924414
3.751430927831599 -0.000528440809982
3.756438793697228 -0.000523068840845
3.761446659562857 -0.000517750490521
3.766454525428486 -0.000512485237453
3.771462391294113 -0.000507272564965
3.776470257159742 -0.000502111961215
3.781478123025371 -0.000497002919158
3.786485988891000 -0.000491944936501
3.791493854756629 -0.000486937515659
3.796501720622258 -0.000481980163720
3.801509586487885 -0.000477072392396
3.806517452353514 -0.000472213717988
3.811525318219143 -0.000467403661344
3.816533184084772 -0.000462641747818
3.821541049950401 -0.000457927507228
3.826548915816030 -0.000453260473821
3.831556781681659 -0.000448640186233
3.836564647547286 -0.000444066187445
3.841572513412915 -0.000439538024751
3.846580379278544 -0.000435055249714
3.851588245144173 -0.000430617418133
3.856596111009802 -0.000426224090002
3.861603976875431 -0.000421874829473
3.866611842741060 -0.000417569204820
3.871619708606687 -0.000413306788402
3.876627574472316 -0.000409087156623
3.881635440337945 -0.000404909889903
3.886643306203574 -0.000400774572636
3.891651172069203 -0.000396680793155
3.896659037934832 -0.000392628143699
3.901666903800461 -0.000388616220378
3.906674769666088 -0.000384644623134
3.911682635531717 -0.000380712955712
3.916690501397346 -0.000376820825621
3.921698367262975 -0.000372967844106
3.926706233128604 -0.000369153626107
3.931714098994233 -0.000365377790230
3.936721964859862 -0.000361639958714
3.941729830725489 -0.000357939757397
3.946737696591118 -0.000354276815685
3.951745562456747 -0.000350650766515
3.956753428322376 -0.000347061246330
3.961761294188005 -0.000343507895041
3.966769160053634 -0.000339990356001
3.971777025919263 -0.000336508275967
3.976784891784890 -0.000333061305076
3.981792757650519 -0.000329649096809
3.986800623516148 -0.000326271307966
3.991808489381777 -0.000322927598629
3.996816355247406 -0.000319617632136
4.001824221113035 -0.000316341075053
4.006832086978664 -0.000313097597139
4.011839952844291 -0.000309886871324
4.016847818709920 -0.000306708573673
4.021855684575549 -0.000303562383361
4.026863550441178 -0.000300447982645
4.031871416306807 -0.000297365056835
4.036879282172436 -0.000294313294263
4.041887148038064 -0.000291292386260
4.046895013903692 -0.000288302027127
4.051902879769321 -0.000285341914105
4.056910745634950 -0.000282411747351
4.061918611500579 -0.000279511229911
4.066926477366207 -0.000276640067691
4.071934343231836 -0.000273797969433
4.076942209097465 -0.000270984646689
4.081950074963093 -0.000268199813791
4.086957940828722 -0.000265443187833
4.091965806694351 -0.000262714488635
4.096973672559979 -0.000260013438730
4.101981538425608 -0.000257339763327
4.106989404291237 -0.000254693190296
4.111997270156866 -0.000252073450136
4.117005136022494 -0.000249480275956
4.122013001888122 -0.000246913403446
4.127020867753751 -0.000244372570858
4.132028733619380 -0.000241857518978
4.137036599485009 -0.000239367991104
4.142044465350638 -0.000236903733025
4.147052331216267 -0.000234464492994
4.152060197081894 -0.000232050021706
4.157068062947523 -0.000229660072276
4.162075928813152 -0.000227294400217
4.167083794678781 -0.000224952763418
4.172091660544410 -0.000222634922118
4.177099526410039 -0.000220340638889
4.182107392275668 -0.000218069678610
4.187115258141295 -0.000215821808450
4.192123124006924 -0.000213596797842
4.197130989872553 -0.000211394418463
4.202138855738182 -0.000209214444216
4.207146721603811 -0.000207056651205
4.212154587469440 -0.000204920817717
4.217162453335067 -0.000202806724200
4.222170319200696 -0.000200714153245
4.227178185066325 -0.000198642889562
4.232186050931954 -0.000196592719964
4.237193916797583 -0.000194563433345
4.242201782663212 -0.000192554820660
4.247209648528841 -0.000190566674908
4.252217514394468 -0.000188598791110
4.257225380260097 -0.000186650966292
4.262233246125726 -0.000184722999466
4.267241111991355 -0.000182814691608
4.272248977856984 -0.000180925845644
4.277256843722613 -0.000179056266430
4.282264709588242 -0.000177205760732
4.287272575453869 -0.000175374137209
4.292280441319498 -0.000173561206396
4.297288307185127 -0.000171766780686
4.302296173050756 -0.000169990674311
4.307304038916385 -0.000168232703326
4.312311904782014 -0.000166492685592
4.317319770647643 -0.000164770440755
4.322327636513270 -0.000163065790237
4.327335502378899 -0.000161378557209
4.332343368244528 -0.000159708566584
4.337351234110157 -0.000158055644994
4.342359099975786 -0.000156419620776
4.347366965841415 -0.000154800323956
4.352374831707044 -0.000153197586231
4.357382697572671 -0.000151611240956
4.362390563438300 -0.000150041123126
4.367398429303929 -0.000148487069361
4.372406295169558 -0.000146948917892
4.377414161035187 -0.000145426508541
4.382422026900816 -0.000143919682713
4.387429892766445 -0.000142428283374
4.392437758632072 -0.000140952155039
4.397445624497701 -0.000139491143759
4.402453490363330 -0.000138045097103
4.407461356228959 -0.000136613864144
4.412469222094588 -0.000135197295449
4.417477087960217 -0.000133795243057
4.422484953825846 -0.000132407560472
4.427492819691473 -0.000131034102645
4.432500685557102 -0.000129674725960
4.437508551422731 -0.000128329288224
4.442516417288360 -0.000126997648649
4.447524283153989 -0.000125679667840
4.452532149019618 -0.000124375207783
4.457540014885247 -0.000123084131829
4.462547880750874 -0.000121806304685
4.467555746616503 -0.000120541592395
4.472563612482132 -0.000119289862334
4.477571478347761 -0.000118050983190
4.482579344213390 -0.000116824824951
4.487587210079019 -0.000115611258899
4.492595075944648 -0.000114410157590
4.497602941810275 -0.000113221394845
4.502610807675904 -0.000112044845739
4.507618673541533 -0.000110880386586
4.512626539407162 -0.000109727894928
4.517634405272791 -0.000108587249526
4.522642271138420 -0.000107458330343
4.527650137004049 -0.000106341018539
4.532658002869676 -0.000105235196451
4.537665868735305 -0.000104140747589
4.542673734600934 -0.000103057556622
4.547681600466563 -0.000101985509365
4.552689466332192 -0.000100924492772
4.557697332197820 -0.000099874394921
4.562705198063449 -0.000098835105003
4.567713063929077 -0.000097806513316
4.572720929794706 -0.000096788511250
4.577728795660335 -0.000095780991276
4.582736661525963 -0.000094783846938
4.587744527391592 -0.000093796972843
4.592752393257221 -0.000092820264646
4.597760259122850 -0.000091853619046
4.602768124988478 -0.000090896933772
4.607775990854106 -0.000089950107574
4.612783856719735 -0.000089013040211
