# CERN-PH-EP-2006-001, tab. 18
# observed 95% exclusion limits on sig/sigRef(e+ e- -> H1 H2)*BR(H1 -> bb)*BR(H2 -> bb) for sqrt(s) = 91-209 GeV
# mH1 <= mH2  &&  mH1 + mH2 < 206 GeV
# values for mH2 = 35 GeV added by interpolation
# values for {55,55}, {60,55}, {60,60} are added with a conservative approach
# mH2[GeV] | mH1[GeV] | sig/sigRef*BR*BR_95%
15.0     10.0     1.0
15.0     15.0     0.012
20.0     10.0     1.0
20.0     15.0     0.013
20.0     20.0     0.010
25.0     10.0     1.0
25.0     15.0     0.017
25.0     20.0     0.013
25.0     25.0     0.011
30.0     10.0     1.0
30.0     15.0     0.015
30.0     20.0     0.013
30.0     25.0     0.012
30.0     30.0     0.020
35.0     10.0     1.0
35.0     15.0     0.015
35.0     20.0     0.015
35.0     25.0     0.017
35.0     30.0     0.023
35.0     35.0     0.031
40.0     10.0     1.0
40.0     15.0     0.016
40.0     20.0     0.018
40.0     25.0     0.022
40.0     30.0     0.028
40.0     35.0     0.039
40.0     40.0     0.043
45.0     10.0     1.0
45.0     15.0     0.029
45.0     20.0     0.029
45.0     25.0     0.026
45.0     30.0     0.037
45.0     35.0     0.048
45.0     40.0     0.067
45.0     45.0     0.041
50.0     10.0     1.0
50.0     15.0     0.035
50.0     20.0     0.026
50.0     25.0     0.042
50.0     30.0     0.044
50.0     35.0     0.069
50.0     40.0     0.043
50.0     45.0     0.035
50.0     50.0     0.028
55.0     10.0     1.0
55.0     15.0     0.063
55.0     20.0     0.056
55.0     25.0     0.076
55.0     30.0     0.071
55.0     35.0     0.058
55.0     40.0     0.050
55.0     45.0     0.038
55.0     50.0     0.030
55.0     55.0     0.030
60.0     10.0     1.0
60.0     15.0     0.075
60.0     20.0     0.084
60.0     25.0     0.098
60.0     30.0     0.051
60.0     35.0     0.051
60.0     40.0     0.050
60.0     45.0     0.044
60.0     50.0     0.039
60.0     55.0     0.039
60.0     60.0     0.039
65.0     10.0     1.0
65.0     15.0     0.14
65.0     20.0     0.13
65.0     25.0     0.10
65.0     30.0     0.065
65.0     35.0     0.064
65.0     40.0     0.070
65.0     45.0     0.068
65.0     50.0     0.069
65.0     65.0     0.067
70.0     10.0     1.0
70.0     15.0     0.20
70.0     20.0     0.16
70.0     25.0     0.11
70.0     30.0     0.072
70.0     35.0     0.074
70.0     40.0     0.066
70.0     45.0     0.072
70.0     50.0     0.071
70.0     65.0     0.082
70.0     70.0     0.078
75.0     10.0     1.0
75.0     15.0     0.23
75.0     20.0     0.13
75.0     25.0     0.14
75.0     30.0     0.076
75.0     35.0     0.075
75.0     40.0     0.083
75.0     45.0     0.066
75.0     50.0     0.093
75.0     65.0     0.10
75.0     70.0     0.10
75.0     75.0     0.098
80.0     10.0     1.0
80.0     15.0     0.26
80.0     20.0     0.19
80.0     25.0     0.12
80.0     30.0     0.078
80.0     35.0     0.089
80.0     40.0     0.072
80.0     45.0     0.064
80.0     50.0     0.093
80.0     65.0     0.11
80.0     70.0     0.11
80.0     75.0     0.14
80.0     80.0     0.14 
85.0     10.0     1.0
85.0     15.0     0.26
85.0     20.0     0.17
85.0     25.0     0.13
85.0     30.0     0.095
85.0     35.0     0.080
85.0     40.0     0.070
85.0     45.0     0.071
85.0     50.0     0.10
85.0     65.0     0.12
85.0     70.0     0.14
85.0     75.0     0.16
85.0     80.0     0.15
85.0     85.0     0.21
90.0     10.0     1.0
90.0     15.0     0.18
90.0     20.0     0.13
90.0     25.0     0.11
90.0     30.0     0.073
90.0     35.0     0.070
90.0     40.0     0.076
90.0     45.0     0.081
90.0     50.0     0.13
90.0     65.0     0.17
90.0     70.0     0.16
90.0     75.0     0.17
90.0     80.0     0.25
90.0     85.0     0.24
90.0     90.0     0.41
95.0     10.0     1.0
95.0     15.0     0.20
95.0     20.0     0.13
95.0     25.0     0.095
95.0     30.0     0.073
95.0     35.0     0.078
95.0     40.0     0.081
95.0     45.0     0.11
95.0     50.0     0.15
95.0     65.0     0.19
95.0     70.0     0.21
95.0     75.0     0.30
95.0     80.0     0.35
95.0     85.0     0.44
95.0     90.0     0.51
95.0     95.0     0.64
100.0    10.0     1.0
100.0    15.0     0.21
100.0    20.0     0.12
100.0    25.0     0.092
100.0    30.0     0.085
100.0    35.0     0.091
100.0    40.0     0.12
100.0    45.0     0.16
100.0    50.0     0.18
100.0    65.0     0.21
100.0    70.0     0.31
100.0    75.0     0.39
100.0    80.0     0.42
100.0    85.0     0.43
100.0    90.0     0.74
100.0    95.0     1.0
100.0    100.0    1.0
105.0    10.0     1.0
105.0    15.0     0.16
105.0    20.0     0.13
105.0    25.0     0.12
105.0    30.0     0.11
105.0    35.0     0.13
105.0    40.0     0.18
105.0    45.0     0.20
105.0    50.0     0.20
105.0    65.0     0.32
105.0    70.0     0.42
105.0    75.0     0.55
105.0    80.0     0.53
105.0    85.0     0.90
105.0    90.0     1.0
105.0    95.0     1.0
105.0    100.0    1.0
110.0    10.0     0.297
110.0    15.0     0.16
110.0    20.0     0.14
110.0    25.0     0.15
110.0    30.0     0.14
110.0    35.0     0.17
110.0    40.0     0.20
110.0    45.0     0.20
110.0    50.0     0.19
110.0    65.0     0.47
110.0    70.0     0.55
110.0    75.0     0.63
110.0    80.0     1.0
110.0    85.0     1.0
110.0    90.0     1.0
110.0    95.0     1.0
115.0    10.0     0.338
115.0    15.0     0.22
115.0    20.0     0.20
115.0    25.0     0.20
115.0    30.0     0.18
115.0    35.0     0.20
115.0    40.0     0.21
115.0    45.0     0.21
115.0    50.0     0.23
115.0    65.0     0.56
115.0    70.0     0.65
115.0    75.0     1.0
115.0    80.0     1.0
115.0    85.0     1.0
115.0    90.0     1.0
120.0    10.0     0.355
120.0    15.0     0.28
120.0    20.0     0.25
120.0    25.0     0.23
120.0    30.0     0.22
120.0    35.0     0.22
120.0    40.0     0.23
120.0    45.0     0.27
120.0    50.0     0.36
120.0    65.0     0.64
120.0    70.0     1.0
120.0    75.0     1.0
120.0    80.0     1.0
120.0    85.0     1.0
125.0    10.0     0.409
125.0    15.0     0.29
125.0    20.0     0.26
125.0    25.0     0.25
125.0    30.0     0.22
125.0    35.0     0.25
125.0    40.0     0.29
125.0    45.0     0.40
125.0    50.0     0.51
125.0    65.0     1.0
125.0    70.0     1.0
125.0    75.0     1.0
125.0    80.0     1.0
130.0    10.0     0.494
130.0    15.0     0.35
130.0    20.0     0.32
130.0    25.0     0.32
130.0    30.0     0.24
130.0    35.0     0.32
130.0    40.0     0.46
130.0    45.0     0.57
130.0    50.0     0.72
130.0    65.0     1.0
130.0    70.0     1.0
130.0    75.0     1.0
135.0    10.0     0.617
135.0    15.0     0.44
135.0    20.0     0.42
135.0    25.0     0.42
135.0    30.0     0.36
135.0    35.0     0.51
135.0    40.0     0.67
135.0    45.0     0.84
135.0    50.0     0.98
135.0    65.0     1.0
135.0    70.0     1.0
140.0    10.0     0.696
140.0    15.0     0.57
140.0    20.0     0.53
140.0    25.0     0.66
140.0    30.0     0.62
140.0    35.0     0.83
140.0    40.0     0.97
140.0    45.0     1.0
140.0    50.0     1.0
140.0    65.0     1.0
145.0    10.0     0.811
145.0    15.0     0.73
145.0    20.0     0.80
145.0    25.0     1.0
145.0    30.0     0.94
145.0    35.0     1.0
145.0    40.0     1.0
145.0    45.0     1.0
145.0    50.0     1.0
145.0    60.0     1.0