# LHCHXSWGMSSMCharged
# gg production cross section of a charged Higgs at 8 TeV
# log10(tanb) | mHp[GeV] | log10(sigma/pb)    ### In HEPfit the column of the tanb and the mass is switched!
-1.	180.	1.766
-0.75	180.	1.268
-0.5	180.	0.7688
-0.25	180.	0.2703
0	180.	-0.23
0.25	180.	-0.729
0.5	180.	-1.207
0.75	180.	-1.508
1.	180.	-1.353
1.25	180.	-0.9033
1.5	180.	-0.4087
1.75	180.	0.09225
-1.	200.	1.933
-0.75	200.	1.443
-0.5	200.	0.9346
-0.25	200.	0.4339
0	200.	-0.06661
0.25	200.	-0.5829
0.5	200.	-1.058
0.75	200.	-1.475
1.	200.	-1.525
1.25	200.	-1.148
1.5	200.	-0.6609
1.75	200.	-0.1615
-1.	220.	1.842
-0.75	220.	1.352
-0.5	220.	0.8434
-0.25	220.	0.3419
0	220.	-0.1586
0.25	220.	-0.6764
0.5	220.	-1.149
0.75	220.	-1.566
1.	220.	-1.618
1.25	220.	-1.242
1.5	220.	-0.7559
1.75	220.	-0.257
-1.	240.	1.753
-0.75	240.	1.263
-0.5	240.	0.7553
-0.25	240.	0.255
0	240.	-0.2459
0.25	240.	-0.7624
0.5	240.	-1.236
0.75	240.	-1.652
1.	240.	-1.706
1.25	240.	-1.332
1.5	240.	-0.8462
1.75	240.	-0.347
-1.	260.	1.687
-0.75	260.	1.186
-0.5	260.	0.6734
-0.25	260.	0.1688
0	260.	-0.3262
0.25	260.	-0.843
0.5	260.	-1.316
0.75	260.	-1.733
1.	260.	-1.788
1.25	260.	-1.415
1.5	260.	-0.9297
1.75	260.	-0.43
-1.	280.	1.588
-0.75	280.	1.098
-0.5	280.	0.5899
-0.25	280.	0.0889
0	280.	-0.411
0.25	280.	-0.928
0.5	280.	-1.401
0.75	280.	-1.818
1.	280.	-1.874
1.25	280.	-1.503
1.5	280.	-1.018
1.75	280.	-0.5183
-1.	300.	1.507
-0.75	300.	1.017
-0.5	300.	0.5084
-0.25	300.	0.007005
0	300.	-0.493
0.25	300.	-1.01
0.5	300.	-1.482
0.75	300.	-1.899
1.	300.	-1.958
1.25	300.	-1.586
1.5	300.	-1.101
1.75	300.	-0.6021
-1.	320.	1.428
-0.75	320.	0.9377
-0.5	320.	0.4292
-0.25	320.	-0.07173
0	320.	-0.5721
0.25	320.	-1.089
0.5	320.	-1.561
0.75	320.	-1.978
1.	320.	-2.037
1.25	320.	-1.666
1.5	320.	-1.181
1.75	320.	-0.682
-1.	340.	1.349
-0.75	340.	0.8597
-0.5	340.	0.3514
-0.25	340.	-0.1496
0	340.	-0.65
0.25	340.	-1.166
0.5	340.	-1.639
0.75	340.	-2.057
1.	340.	-2.115
1.25	340.	-1.746
1.5	340.	-1.26
1.75	340.	-0.7602
-1.	360.	1.274
-0.75	360.	0.7838
-0.5	360.	0.2767
-0.25	360.	-0.2257
0	360.	-0.7259
0.25	360.	-1.243
0.5	360.	-1.715
0.75	360.	-2.133
1.	360.	-2.191
1.25	360.	-1.821
1.5	360.	-1.337
1.75	360.	-0.8385
-1.	380.	1.2
-0.75	380.	0.7098
-0.5	380.	0.2017
-0.25	380.	-0.299
0	380.	-0.7992
0.25	380.	-1.316
0.5	380.	-1.788
0.75	380.	-2.206
1.	380.	-2.265
1.25	380.	-1.896
1.5	380.	-1.412
1.75	380.	-0.9119
-1.	400.	1.126
-0.75	400.	0.636
-0.5	400.	0.1284
-0.25	400.	-0.3731
0	400.	-0.874
0.25	400.	-1.391
0.5	400.	-1.862
0.75	400.	-2.28
1.	400.	-2.34
1.25	400.	-1.971
1.5	400.	-1.487
1.75	400.	-0.9883
-1.	420.	1.053
-0.75	420.	0.563
-0.5	420.	0.05457
-0.25	420.	-0.4464
0	420.	-0.9467
0.25	420.	-1.465
0.5	420.	-1.935
0.75	420.	-2.353
1.	420.	-2.415
1.25	420.	-2.046
1.5	420.	-1.562
1.75	420.	-1.063
-1.	440.	0.9839
-0.75	440.	0.4946
-0.5	440.	-0.01487
-0.25	440.	-0.5147
0	440.	-1.016
0.25	440.	-1.535
0.5	440.	-2.006
0.75	440.	-2.422
1.	440.	-2.484
1.25	440.	-2.116
1.5	440.	-1.632
1.75	440.	-1.133
-1.	460.	0.9161
-0.75	460.	0.4266
-0.5	460.	-0.08225
-0.25	460.	-0.5827
0	460.	-1.084
0.25	460.	-1.603
0.5	460.	-2.073
0.75	460.	-2.491
1.	460.	-2.553
1.25	460.	-2.186
1.5	460.	-1.702
1.75	460.	-1.203
-1.	480.	0.8497
-0.75	480.	0.3607
-0.5	480.	-0.1484
-0.25	480.	-0.6496
0	480.	-1.15
0.25	480.	-1.668
0.5	480.	-2.139
0.75	480.	-2.558
1.	480.	-2.621
1.25	480.	-2.255
1.5	480.	-1.771
1.75	480.	-1.272
-1.	500.	0.7861
-0.75	500.	0.296
-0.5	500.	-0.212
-0.25	500.	-0.713
0	500.	-1.214
0.25	500.	-1.731
0.5	500.	-2.203
0.75	500.	-2.621
1.	500.	-2.687
1.25	500.	-2.321
1.5	500.	-1.837
1.75	500.	-1.339
-1.	520.	0.7204
-0.75	520.	0.2298
-0.5	520.	-0.2782
-0.25	520.	-0.7793
0	520.	-1.28
0.25	520.	-1.797
0.5	520.	-2.269
0.75	520.	-2.687
1.	520.	-2.754
1.25	520.	-2.388
1.5	520.	-1.904
1.75	520.	-1.406
-1.	540.	0.6545
-0.75	540.	0.1634
-0.5	540.	-0.344
-0.25	540.	-0.8457
0	540.	-1.346
0.25	540.	-1.862
0.5	540.	-2.335
0.75	540.	-2.754
1.	540.	-2.82
1.25	540.	-2.455
1.5	540.	-1.972
1.75	540.	-1.473
-1.	560.	0.5893
-0.75	560.	0.09854
-0.5	560.	-0.409
-0.25	560.	-0.9098
0	560.	-1.411
0.25	560.	-1.928
0.5	560.	-2.4
0.75	560.	-2.819
1.	560.	-2.886
1.25	560.	-2.521
1.5	560.	-2.038
1.75	560.	-1.539
-1.	580.	0.5261
-0.75	580.	0.03656
-0.5	580.	-0.4721
-0.25	580.	-0.9729
0	580.	-1.474
0.25	580.	-1.991
0.5	580.	-2.463
0.75	580.	-2.882
1.	580.	-2.949
1.25	580.	-2.584
1.5	580.	-2.101
1.75	580.	-1.602
-1.	600.	0.4621
-0.75	600.	-0.028
-0.5	600.	-0.536
-0.25	600.	-1.037
0	600.	-1.538
0.25	600.	-2.056
0.5	600.	-2.527
0.75	600.	-2.947
1.	600.	-3.014
1.25	600.	-2.65
1.5	600.	-2.167
1.75	600.	-1.668
-1.	620.	0.4018
-0.75	620.	-0.08802
-0.5	620.	-0.596
-0.25	620.	-1.097
0	620.	-1.598
0.25	620.	-2.115
0.5	620.	-2.587
0.75	620.	-3.006
1.	620.	-3.074
1.25	620.	-2.709
1.5	620.	-2.226
1.75	620.	-1.727
-1.	640.	0.3423
-0.75	640.	-0.1478
-0.5	640.	-0.6556
-0.25	640.	-1.157
0	640.	-1.657
0.25	640.	-2.174
0.5	640.	-2.647
0.75	640.	-3.066
1.	640.	-3.134
1.25	640.	-2.77
1.5	640.	-2.287
1.75	640.	-1.789
-1.	660.	0.2825
-0.75	660.	-0.2078
-0.5	660.	-0.7165
-0.25	660.	-1.217
0	660.	-1.717
0.25	660.	-2.234
0.5	660.	-2.707
0.75	660.	-3.127
1.	660.	-3.195
1.25	660.	-2.832
1.5	660.	-2.348
1.75	660.	-1.849
-1.	680.	0.2203
-0.75	680.	-0.2686
-0.5	680.	-0.7775
-0.25	680.	-1.278
0	680.	-1.779
0.25	680.	-2.297
0.5	680.	-2.767
0.75	680.	-3.188
1.	680.	-3.257
1.25	680.	-2.893
1.5	680.	-2.41
1.75	680.	-1.911
-1.	700.	0.1632
-0.75	700.	-0.3259
-0.5	700.	-0.8341
-0.25	700.	-1.335
0	700.	-1.835
0.25	700.	-2.352
0.5	700.	-2.824
0.75	700.	-3.244
1.	700.	-3.314
1.25	700.	-2.951
1.5	700.	-2.467
1.75	700.	-1.969
-1.	720.	0.0999
-0.75	720.	-0.3907
-0.5	720.	-0.8989
-0.25	720.	-1.4
0	720.	-1.9
0.25	720.	-2.415
0.5	720.	-2.89
0.75	720.	-3.31
1.	720.	-3.381
1.25	720.	-3.018
1.5	720.	-2.535
1.75	720.	-2.036
-1.	740.	0.04905
-0.75	740.	-0.4407
-0.5	740.	-0.9497
-0.25	740.	-1.45
0	740.	-1.951
0.25	740.	-2.468
0.5	740.	-2.94
0.75	740.	-3.36
1.	740.	-3.43
1.25	740.	-3.067
1.5	740.	-2.584
1.75	740.	-2.085
-1.	760.	-0.004396
-0.75	760.	-0.4949
-0.5	760.	-1.002
-0.25	760.	-1.504
0	760.	-2.004
0.25	760.	-2.52
0.5	760.	-2.993
0.75	760.	-3.414
1.	760.	-3.484
1.25	760.	-3.121
1.5	760.	-2.638
1.75	760.	-2.139
-1.	780.	-0.0615
-0.75	780.	-0.5519
-0.5	780.	-1.06
-0.25	780.	-1.561
0	780.	-2.061
0.25	780.	-2.578
0.5	780.	-3.05
0.75	780.	-3.471
1.	780.	-3.542
1.25	780.	-3.179
1.5	780.	-2.696
1.75	780.	-2.197
-1.	800.	-0.1191
-0.75	800.	-0.6101
-0.5	800.	-1.118
-0.25	800.	-1.618
0	800.	-2.119
0.25	800.	-2.636
0.5	800.	-3.108
0.75	800.	-3.528
1.	800.	-3.598
1.25	800.	-3.238
1.5	800.	-2.754
1.75	800.	-2.256
-1.	820.	-0.1718
-0.75	820.	-0.6621
-0.5	820.	-1.17
-0.25	820.	-1.671
0	820.	-2.172
0.25	820.	-2.689
0.5	820.	-3.161
0.75	820.	-3.581
1.	820.	-3.653
1.25	820.	-3.291
1.5	820.	-2.807
1.75	820.	-2.309
-1.	840.	-0.222
-0.75	840.	-0.7123
-0.5	840.	-1.221
-0.25	840.	-1.722
0	840.	-2.222
0.25	840.	-2.739
0.5	840.	-3.211
0.75	840.	-3.632
1.	840.	-3.704
1.25	840.	-3.342
1.5	840.	-2.858
1.75	840.	-2.36
-1.	860.	-0.2623
-0.75	860.	-0.7605
-0.5	860.	-1.27
-0.25	860.	-1.772
0	860.	-2.272
0.25	860.	-2.788
0.5	860.	-3.261
0.75	860.	-3.683
1.	860.	-3.754
1.25	860.	-3.392
1.5	860.	-2.909
1.75	860.	-2.41
-1.	880.	-0.3356
-0.75	880.	-0.8252
-0.5	880.	-1.334
-0.25	880.	-1.834
0	880.	-2.335
0.25	880.	-2.852
0.5	880.	-3.324
0.75	880.	-3.745
1.	880.	-3.818
1.25	880.	-3.459
1.5	880.	-2.972
1.75	880.	-2.474
-1.	900.	-0.3843
-0.75	900.	-0.8737
-0.5	900.	-1.383
-0.25	900.	-1.884
0	900.	-2.388
0.25	900.	-2.908
0.5	900.	-3.373
0.75	900.	-3.794
1.	900.	-3.868
1.25	900.	-3.505
1.5	900.	-3.022
1.75	900.	-2.523
-1.	920.	-0.4347
-0.75	920.	-0.9247
-0.5	920.	-1.433
-0.25	920.	-1.935
0	920.	-2.434
0.25	920.	-2.95
0.5	920.	-3.423
0.75	920.	-3.847
1.	920.	-3.917
1.25	920.	-3.556
1.5	920.	-3.073
1.75	920.	-2.574
-1.	940.	-0.4889
-0.75	940.	-0.9791
-0.5	940.	-1.488
-0.25	940.	-1.988
0	940.	-2.489
0.25	940.	-3.006
0.5	940.	-3.478
0.75	940.	-3.9
1.	940.	-3.972
1.25	940.	-3.611
1.5	940.	-3.128
1.75	940.	-2.63
-1.	960.	-0.5348
-0.75	960.	-1.025
-0.5	960.	-1.533
-0.25	960.	-2.035
0	960.	-2.535
0.25	960.	-3.051
0.5	960.	-3.524
0.75	960.	-3.945
1.	960.	-4.019
1.25	960.	-3.658
1.5	960.	-3.175
1.75	960.	-2.675
-1.	980.	-0.5911
-0.75	980.	-1.081
-0.5	980.	-1.59
-0.25	980.	-2.09
0	980.	-2.591
0.25	980.	-3.111
0.5	980.	-3.58
0.75	980.	-4.002
1.	980.	-4.075
1.25	980.	-3.715
1.5	980.	-3.232
1.75	980.	-2.733
-1.	1000.	-0.6369
-0.75	1000.	-1.127
-0.5	1000.	-1.636
-0.25	1000.	-2.136
0	1000.	-2.637
0.25	1000.	-3.153
0.5	1000.	-3.626
0.75	1000.	-4.048
1.	1000.	-4.122
1.25	1000.	-3.761
1.5	1000.	-3.278
1.75	1000.	-2.778
-1.	1020.	-0.6831
-0.75	1020.	-1.173
-0.5	1020.	-1.682
-0.25	1020.	-2.183
0	1020.	-2.683
0.25	1020.	-3.195
0.5	1020.	-3.673
0.75	1020.	-4.094
1.	1020.	-4.169
1.25	1020.	-3.807
1.5	1020.	-3.324
1.75	1020.	-2.824
-1.	1040.	-0.7297
-0.75	1040.	-1.22
-0.5	1040.	-1.728
-0.25	1040.	-2.229
0	1040.	-2.729
0.25	1040.	-3.239
0.5	1040.	-3.72
0.75	1040.	-4.141
1.	1040.	-4.216
1.25	1040.	-3.854
1.5	1040.	-3.37
1.75	1040.	-2.871
-1.	1060.	-0.7769
-0.75	1060.	-1.267
-0.5	1060.	-1.775
-0.25	1060.	-2.276
0	1060.	-2.776
0.25	1060.	-3.285
0.5	1060.	-3.767
0.75	1060.	-4.188
1.	1060.	-4.263
1.25	1060.	-3.902
1.5	1060.	-3.417
1.75	1060.	-2.918
-1.	1080.	-0.8245
-0.75	1080.	-1.314
-0.5	1080.	-1.823
-0.25	1080.	-2.324
0	1080.	-2.824
0.25	1080.	-3.331
0.5	1080.	-3.815
0.75	1080.	-4.235
1.	1080.	-4.311
1.25	1080.	-3.949
1.5	1080.	-3.465
1.75	1080.	-2.966
-1.	1100.	-0.8725
-0.75	1100.	-1.362
-0.5	1100.	-1.871
-0.25	1100.	-2.372
0	1100.	-2.872
0.25	1100.	-3.379
0.5	1100.	-3.863
0.75	1100.	-4.283
1.	1100.	-4.359
1.25	1100.	-3.998
1.5	1100.	-3.514
1.75	1100.	-3.014
-1.	1120.	-0.921
-0.75	1120.	-1.411
-0.5	1120.	-1.919
-0.25	1120.	-2.42
0	1120.	-2.921
0.25	1120.	-3.428
0.5	1120.	-3.911
0.75	1120.	-4.332
1.	1120.	-4.408
1.25	1120.	-4.046
1.5	1120.	-3.563
1.75	1120.	-3.063
-1.	1140.	-0.97
-0.75	1140.	-1.46
-0.5	1140.	-1.968
-0.25	1140.	-2.469
0	1140.	-2.97
0.25	1140.	-3.478
0.5	1140.	-3.96
0.75	1140.	-4.381
1.	1140.	-4.457
1.25	1140.	-4.096
1.5	1140.	-3.612
1.75	1140.	-3.113
-1.	1160.	-1.019
-0.75	1160.	-1.509
-0.5	1160.	-2.018
-0.25	1160.	-2.519
0	1160.	-3.019
0.25	1160.	-3.529
0.5	1160.	-4.009
0.75	1160.	-4.431
1.	1160.	-4.506
1.25	1160.	-4.146
1.5	1160.	-3.663
1.75	1160.	-3.163
-1.	1180.	-1.069
-0.75	1180.	-1.559
-0.5	1180.	-2.068
-0.25	1180.	-2.568
0	1180.	-3.069
0.25	1180.	-3.582
0.5	1180.	-4.059
0.75	1180.	-4.48
1.	1180.	-4.556
1.25	1180.	-4.196
1.5	1180.	-3.713
1.75	1180.	-3.214
-1.	1200.	-1.12
-0.75	1200.	-1.609
-0.5	1200.	-2.118
-0.25	1200.	-2.619
0	1200.	-3.12
0.25	1200.	-3.636
0.5	1200.	-4.109
0.75	1200.	-4.531
1.	1200.	-4.606
1.25	1200.	-4.247
1.5	1200.	-3.765
1.75	1200.	-3.266
-1.	1220.	-1.164
-0.75	1220.	-1.655
-0.5	1220.	-2.164
-0.25	1220.	-2.665
0	1220.	-3.166
0.25	1220.	-3.682
0.5	1220.	-4.155
0.75	1220.	-4.577
1.	1220.	-4.653
1.25	1220.	-4.293
1.5	1220.	-3.811
1.75	1220.	-3.312
-1.	1240.	-1.207
-0.75	1240.	-1.7
-0.5	1240.	-2.21
-0.25	1240.	-2.71
0	1240.	-3.211
0.25	1240.	-3.728
0.5	1240.	-4.2
0.75	1240.	-4.623
1.	1240.	-4.699
1.25	1240.	-4.339
1.5	1240.	-3.857
1.75	1240.	-3.358
-1.	1260.	-1.25
-0.75	1260.	-1.745
-0.5	1260.	-2.255
-0.25	1260.	-2.756
0	1260.	-3.256
0.25	1260.	-3.773
0.5	1260.	-4.246
0.75	1260.	-4.668
1.	1260.	-4.744
1.25	1260.	-4.385
1.5	1260.	-3.903
1.75	1260.	-3.404
-1.	1280.	-1.292
-0.75	1280.	-1.79
-0.5	1280.	-2.3
-0.25	1280.	-2.801
0	1280.	-3.301
0.25	1280.	-3.818
0.5	1280.	-4.291
0.75	1280.	-4.713
1.	1280.	-4.789
1.25	1280.	-4.43
1.5	1280.	-3.948
1.75	1280.	-3.449
-1.	1300.	-1.333
-0.75	1300.	-1.834
-0.5	1300.	-2.345
-0.25	1300.	-2.845
0	1300.	-3.346
0.25	1300.	-3.862
0.5	1300.	-4.335
0.75	1300.	-4.758
1.	1300.	-4.834
1.25	1300.	-4.474
1.5	1300.	-3.992
1.75	1300.	-3.494
-1.	1320.	-1.374
-0.75	1320.	-1.878
-0.5	1320.	-2.389
-0.25	1320.	-2.889
0	1320.	-3.39
0.25	1320.	-3.906
0.5	1320.	-4.379
0.75	1320.	-4.802
1.	1320.	-4.879
1.25	1320.	-4.519
1.5	1320.	-4.037
1.75	1320.	-3.538
-1.	1340.	-1.414
-0.75	1340.	-1.921
-0.5	1340.	-2.432
-0.25	1340.	-2.933
0	1340.	-3.433
0.25	1340.	-3.95
0.5	1340.	-4.423
0.75	1340.	-4.846
1.	1340.	-4.923
1.25	1340.	-4.563
1.5	1340.	-4.08
1.75	1340.	-3.582
-1.	1360.	-1.453
-0.75	1360.	-1.964
-0.5	1360.	-2.475
-0.25	1360.	-2.976
0	1360.	-3.477
0.25	1360.	-3.993
0.5	1360.	-4.466
0.75	1360.	-4.889
1.	1360.	-4.966
1.25	1360.	-4.606
1.5	1360.	-4.124
1.75	1360.	-3.625
-1.	1380.	-1.491
-0.75	1380.	-2.006
-0.5	1380.	-2.518
-0.25	1380.	-3.019
0	1380.	-3.519
0.25	1380.	-4.036
0.5	1380.	-4.509
0.75	1380.	-4.932
1.	1380.	-5.009
1.25	1380.	-4.649
1.5	1380.	-4.167
1.75	1380.	-3.668
-1.	1400.	-1.529
-0.75	1400.	-2.048
-0.5	1400.	-2.561
-0.25	1400.	-3.062
0	1400.	-3.562
0.25	1400.	-4.079
0.5	1400.	-4.551
0.75	1400.	-4.975
1.	1400.	-5.052
1.25	1400.	-4.692
1.5	1400.	-4.21
1.75	1400.	-3.711
