# SM percentage contributions of Higgs production via ggF
# dimensions: mH
#150.0
#5.0
#1971
# Data
150.0	0.8756656188
155.0	0.8757615169
160.0	0.8757053866
165.0	0.87112
170.0	0.86931867
175.0	0.8684813491
180.0	0.8672791243
185.0	0.8659386375
190.0	0.8654713453
195.0	0.8650064006
200.0	0.8658729195
205.0	0.8660238518
210.0	0.8657744799
215.0	0.8659964192
220.0	0.8661598049
225.0	0.8665971084
230.0	0.8668629882
235.0	0.867502814
240.0	0.8678834561
245.0	0.8682467759
250.0	0.8689829895
255.0	0.8694183865
260.0	0.8705539359
265.0	0.871408479
270.0	0.8722210679
275.0	0.873206254
280.0	0.8742831936
285.0	0.8709386282
290.0	0.8770663562
295.0	0.8785782443
300.0	0.8803710938
305.0	0.8923348462
310.0	0.8939666239
315.0	0.8956703182
320.0	0.8973544974
325.0	0.8997058037
330.0	0.9019660652
335.0	0.9048905701
340.0	0.9077918576
345.0	0.9114025696
350.0	0.9141170156
355.0	0.915902965
360.0	0.9179528838
365.0	0.918852459
370.0	0.9200220629
375.0	0.9204481793
380.0	0.9208653572
385.0	0.9208381839
390.0	0.9208097648
395.0	0.9201590701
400.0	0.9200755192
405.0	0.9191558442
410.0	0.9184837303
415.0	0.9174471037
420.0	0.9166666667
425.0	0.9154877141
430.0	0.9145728643
435.0	0.9132181599
440.0	0.9121338912
445.0	0.9103178058
450.0	0.9092147072
455.0	0.9073724008
460.0	0.9058185404
465.0	0.9040533607
470.0	0.9031567683
475.0	0.9011173184
480.0	0.8994152047
485.0	0.8976857491
490.0	0.8952380952
495.0	0.8938287989
500.0	0.8915913829
505.0	0.8892908828
510.0	0.8875471698
515.0	0.8855564325
520.0	0.8834710744
525.0	0.8804815133
530.0	0.8789237668
535.0	0.8764044944
540.0	0.8735294118
545.0	0.8721881391
550.0	0.8696581197
555.0	0.8665183537
560.0	0.8641114983
565.0	0.8623188406
570.0	0.8603773585
575.0	0.8569553806
580.0	0.8545953361
585.0	0.8518518519
590.0	0.8488888889
595.0	0.8469860896
600.0	0.8435483871
605.0	0.8408710218
610.0	0.8382608696
615.0	0.8351449275
620.0	0.831758034
625.0	0.8294117647
630.0	0.8268839104
635.0	0.8241525424
640.0	0.821192053
645.0	0.8169336384
650.0	0.8142857143
655.0	0.812345679
660.0	0.8076923077
665.0	0.8037135279
670.0	0.8021978022
675.0	0.8
680.0	0.7952522255
685.0	0.7914110429
690.0	0.7873015873
695.0	0.7887788779
700.0	0.7842465753
705.0	0.7809187279
710.0	0.7737226277
715.0	0.7727272727
720.0	0.768627451
725.0	0.7651821862
730.0	0.7615062762
735.0	0.7619047619
740.0	0.7578475336
745.0	0.7546296296
750.0	0.7511961722
755.0	0.7438423645
760.0	0.7397959184
765.0	0.7421052632
770.0	0.7351351351
775.0	0.7318435754
780.0	0.7283236994
785.0	0.7261904762
790.0	0.7239263804
795.0	0.7215189873
800.0	0.7124183007
805.0	0.711409396
810.0	0.7034482759
815.0	0.7071428571
820.0	0.6985294118
825.0	0.6917293233
830.0	0.6899224806
835.0	0.6825396825
840.0	0.6803278689
845.0	0.6806722689
850.0	0.6782608696
855.0	0.6785714286
860.0	0.6697247706
865.0	0.6698113208
870.0	0.6634615385
875.0	0.6633663366
880.0	0.6530612245
885.0	0.65625
890.0	0.6559139785
895.0	0.6483516484
900.0	0.6477272727
905.0	0.6395348837
910.0	0.6428571429
915.0	0.6341463415
920.0	0.625
925.0	0.6282051282
930.0	0.6103896104
935.0	0.6133333333
940.0	0.6164383562
945.0	0.5972222222
950.0	0.6
955.0	0.6029411765
960.0	0.6060606061
965.0	0.6
970.0	0.59375
975.0	0.5806451613
980.0	0.5737704918
985.0	0.5666666667
990.0	0.5762711864
995.0	0.5789473684
1000.0	0.5714285714
1005.0	0.5714285714
1010.0	0.5714285714
1015.0	0.5714285714
1020.0	0.5714285714
1025.0	0.5714285714
1030.0	0.5714285714
1035.0	0.5714285714
1040.0	0.5714285714
1045.0	0.5714285714
1050.0	0.5714285714
1055.0	0.5714285714
1060.0	0.5714285714
1065.0	0.5714285714
1070.0	0.5714285714
1075.0	0.5714285714
1080.0	0.5714285714
1085.0	0.5714285714
1090.0	0.5714285714
1095.0	0.5714285714
1100.0	0.5714285714
1105.0	0.5714285714
1110.0	0.5714285714
1115.0	0.5714285714
1120.0	0.5714285714
1125.0	0.5714285714
1130.0	0.5714285714
1135.0	0.5714285714
1140.0	0.5714285714
1145.0	0.5714285714
1150.0	0.5714285714
1155.0	0.5714285714
1160.0	0.5714285714
1165.0	0.5714285714
1170.0	0.5714285714
1175.0	0.5714285714
1180.0	0.5714285714
1185.0	0.5714285714
1190.0	0.5714285714
1195.0	0.5714285714
1200.0	0.5714285714
1205.0	0.5714285714
1210.0	0.5714285714
1215.0	0.5714285714
1220.0	0.5714285714
1225.0	0.5714285714
1230.0	0.5714285714
1235.0	0.5714285714
1240.0	0.5714285714
1245.0	0.5714285714
1250.0	0.5714285714
1255.0	0.5714285714
1260.0	0.5714285714
1265.0	0.5714285714
1270.0	0.5714285714
1275.0	0.5714285714
1280.0	0.5714285714
1285.0	0.5714285714
1290.0	0.5714285714
1295.0	0.5714285714
1300.0	0.5714285714
1305.0	0.5714285714
1310.0	0.5714285714
1315.0	0.5714285714
1320.0	0.5714285714
1325.0	0.5714285714
1330.0	0.5714285714
1335.0	0.5714285714
1340.0	0.5714285714
1345.0	0.5714285714
1350.0	0.5714285714
1355.0	0.5714285714
1360.0	0.5714285714
1365.0	0.5714285714
1370.0	0.5714285714
1375.0	0.5714285714
1380.0	0.5714285714
1385.0	0.5714285714
1390.0	0.5714285714
1395.0	0.5714285714
1400.0	0.5714285714
1405.0	0.5714285714
1410.0	0.5714285714
1415.0	0.5714285714
1420.0	0.5714285714
1425.0	0.5714285714
1430.0	0.5714285714
1435.0	0.5714285714
1440.0	0.5714285714
1445.0	0.5714285714
1450.0	0.5714285714
1455.0	0.5714285714
1460.0	0.5714285714
1465.0	0.5714285714
1470.0	0.5714285714
1475.0	0.5714285714
1480.0	0.5714285714
1485.0	0.5714285714
1490.0	0.5714285714
1495.0	0.5714285714
1500.0	0.5714285714
1505.0	0.5714285714
1510.0	0.5714285714
1515.0	0.5714285714
1520.0	0.5714285714
1525.0	0.5714285714
1530.0	0.5714285714
1535.0	0.5714285714
1540.0	0.5714285714
1545.0	0.5714285714
1550.0	0.5714285714
1555.0	0.5714285714
1560.0	0.5714285714
1565.0	0.5714285714
1570.0	0.5714285714
1575.0	0.5714285714
1580.0	0.5714285714
1585.0	0.5714285714
1590.0	0.5714285714
1595.0	0.5714285714
1600.0	0.5714285714
1605.0	0.5714285714
1610.0	0.5714285714
1615.0	0.5714285714
1620.0	0.5714285714
1625.0	0.5714285714
1630.0	0.5714285714
1635.0	0.5714285714
1640.0	0.5714285714
1645.0	0.5714285714
1650.0	0.5714285714
1655.0	0.5714285714
1660.0	0.5714285714
1665.0	0.5714285714
1670.0	0.5714285714
1675.0	0.5714285714
1680.0	0.5714285714
1685.0	0.5714285714
1690.0	0.5714285714
1695.0	0.5714285714
1700.0	0.5714285714
1705.0	0.5714285714
1710.0	0.5714285714
1715.0	0.5714285714
1720.0	0.5714285714
1725.0	0.5714285714
1730.0	0.5714285714
1735.0	0.5714285714
1740.0	0.5714285714
1745.0	0.5714285714
1750.0	0.5714285714
1755.0	0.5714285714
1760.0	0.5714285714
1765.0	0.5714285714
1770.0	0.5714285714
1775.0	0.5714285714
1780.0	0.5714285714
1785.0	0.5714285714
1790.0	0.5714285714
1795.0	0.5714285714
1800.0	0.5714285714
1805.0	0.5714285714
1810.0	0.5714285714
1815.0	0.5714285714
1820.0	0.5714285714
1825.0	0.5714285714
1830.0	0.5714285714
1835.0	0.5714285714
1840.0	0.5714285714
1845.0	0.5714285714
1850.0	0.5714285714
1855.0	0.5714285714
1860.0	0.5714285714
1865.0	0.5714285714
1870.0	0.5714285714
1875.0	0.5714285714
1880.0	0.5714285714
1885.0	0.5714285714
1890.0	0.5714285714
1895.0	0.5714285714
1900.0	0.5714285714
1905.0	0.5714285714
1910.0	0.5714285714
1915.0	0.5714285714
1920.0	0.5714285714
1925.0	0.5714285714
1930.0	0.5714285714
1935.0	0.5714285714
1940.0	0.5714285714
1945.0	0.5714285714
1950.0	0.5714285714
1955.0	0.5714285714
1960.0	0.5714285714
1965.0	0.5714285714
1970.0	0.5714285714
1975.0	0.5714285714
1980.0	0.5714285714
1985.0	0.5714285714
1990.0	0.5714285714
1995.0	0.5714285714
2000.0	0.5714285714
2005.0	0.5714285714
2010.0	0.5714285714
2015.0	0.5714285714
2020.0	0.5714285714
2025.0	0.5714285714
2030.0	0.5714285714
2035.0	0.5714285714
2040.0	0.5714285714
2045.0	0.5714285714
2050.0	0.5714285714
2055.0	0.5714285714
2060.0	0.5714285714
2065.0	0.5714285714
2070.0	0.5714285714
2075.0	0.5714285714
2080.0	0.5714285714
2085.0	0.5714285714
2090.0	0.5714285714
2095.0	0.5714285714
2100.0	0.5714285714
2105.0	0.5714285714
2110.0	0.5714285714
2115.0	0.5714285714
2120.0	0.5714285714
2125.0	0.5714285714
2130.0	0.5714285714
2135.0	0.5714285714
2140.0	0.5714285714
2145.0	0.5714285714
2150.0	0.5714285714
2155.0	0.5714285714
2160.0	0.5714285714
2165.0	0.5714285714
2170.0	0.5714285714
2175.0	0.5714285714
2180.0	0.5714285714
2185.0	0.5714285714
2190.0	0.5714285714
2195.0	0.5714285714
2200.0	0.5714285714
2205.0	0.5714285714
2210.0	0.5714285714
2215.0	0.5714285714
2220.0	0.5714285714
2225.0	0.5714285714
2230.0	0.5714285714
2235.0	0.5714285714
2240.0	0.5714285714
2245.0	0.5714285714
2250.0	0.5714285714
2255.0	0.5714285714
2260.0	0.5714285714
2265.0	0.5714285714
2270.0	0.5714285714
2275.0	0.5714285714
2280.0	0.5714285714
2285.0	0.5714285714
2290.0	0.5714285714
2295.0	0.5714285714
2300.0	0.5714285714
2305.0	0.5714285714
2310.0	0.5714285714
2315.0	0.5714285714
2320.0	0.5714285714
2325.0	0.5714285714
2330.0	0.5714285714
2335.0	0.5714285714
2340.0	0.5714285714
2345.0	0.5714285714
2350.0	0.5714285714
2355.0	0.5714285714
2360.0	0.5714285714
2365.0	0.5714285714
2370.0	0.5714285714
2375.0	0.5714285714
2380.0	0.5714285714
2385.0	0.5714285714
2390.0	0.5714285714
2395.0	0.5714285714
2400.0	0.5714285714
2405.0	0.5714285714
2410.0	0.5714285714
2415.0	0.5714285714
2420.0	0.5714285714
2425.0	0.5714285714
2430.0	0.5714285714
2435.0	0.5714285714
2440.0	0.5714285714
2445.0	0.5714285714
2450.0	0.5714285714
2455.0	0.5714285714
2460.0	0.5714285714
2465.0	0.5714285714
2470.0	0.5714285714
2475.0	0.5714285714
2480.0	0.5714285714
2485.0	0.5714285714
2490.0	0.5714285714
2495.0	0.5714285714
2500.0	0.5714285714
2505.0	0.5714285714
2510.0	0.5714285714
2515.0	0.5714285714
2520.0	0.5714285714
2525.0	0.5714285714
2530.0	0.5714285714
2535.0	0.5714285714
2540.0	0.5714285714
2545.0	0.5714285714
2550.0	0.5714285714
2555.0	0.5714285714
2560.0	0.5714285714
2565.0	0.5714285714
2570.0	0.5714285714
2575.0	0.5714285714
2580.0	0.5714285714
2585.0	0.5714285714
2590.0	0.5714285714
2595.0	0.5714285714
2600.0	0.5714285714
2605.0	0.5714285714
2610.0	0.5714285714
2615.0	0.5714285714
2620.0	0.5714285714
2625.0	0.5714285714
2630.0	0.5714285714
2635.0	0.5714285714
2640.0	0.5714285714
2645.0	0.5714285714
2650.0	0.5714285714
2655.0	0.5714285714
2660.0	0.5714285714
2665.0	0.5714285714
2670.0	0.5714285714
2675.0	0.5714285714
2680.0	0.5714285714
2685.0	0.5714285714
2690.0	0.5714285714
2695.0	0.5714285714
2700.0	0.5714285714
2705.0	0.5714285714
2710.0	0.5714285714
2715.0	0.5714285714
2720.0	0.5714285714
2725.0	0.5714285714
2730.0	0.5714285714
2735.0	0.5714285714
2740.0	0.5714285714
2745.0	0.5714285714
2750.0	0.5714285714
2755.0	0.5714285714
2760.0	0.5714285714
2765.0	0.5714285714
2770.0	0.5714285714
2775.0	0.5714285714
2780.0	0.5714285714
2785.0	0.5714285714
2790.0	0.5714285714
2795.0	0.5714285714
2800.0	0.5714285714
2805.0	0.5714285714
2810.0	0.5714285714
2815.0	0.5714285714
2820.0	0.5714285714
2825.0	0.5714285714
2830.0	0.5714285714
2835.0	0.5714285714
2840.0	0.5714285714
2845.0	0.5714285714
2850.0	0.5714285714
2855.0	0.5714285714
2860.0	0.5714285714
2865.0	0.5714285714
2870.0	0.5714285714
2875.0	0.5714285714
2880.0	0.5714285714
2885.0	0.5714285714
2890.0	0.5714285714
2895.0	0.5714285714
2900.0	0.5714285714
2905.0	0.5714285714
2910.0	0.5714285714
2915.0	0.5714285714
2920.0	0.5714285714
2925.0	0.5714285714
2930.0	0.5714285714
2935.0	0.5714285714
2940.0	0.5714285714
2945.0	0.5714285714
2950.0	0.5714285714
2955.0	0.5714285714
2960.0	0.5714285714
2965.0	0.5714285714
2970.0	0.5714285714
2975.0	0.5714285714
2980.0	0.5714285714
2985.0	0.5714285714
2990.0	0.5714285714
2995.0	0.5714285714
3000.0	0.5714285714
3005.0	0.5714285714
3010.0	0.5714285714
3015.0	0.5714285714
3020.0	0.5714285714
3025.0	0.5714285714
3030.0	0.5714285714
3035.0	0.5714285714
3040.0	0.5714285714
3045.0	0.5714285714
3050.0	0.5714285714
3055.0	0.5714285714
3060.0	0.5714285714
3065.0	0.5714285714
3070.0	0.5714285714
3075.0	0.5714285714
3080.0	0.5714285714
3085.0	0.5714285714
3090.0	0.5714285714
3095.0	0.5714285714
3100.0	0.5714285714
3105.0	0.5714285714
3110.0	0.5714285714
3115.0	0.5714285714
3120.0	0.5714285714
3125.0	0.5714285714
3130.0	0.5714285714
3135.0	0.5714285714
3140.0	0.5714285714
3145.0	0.5714285714
3150.0	0.5714285714
3155.0	0.5714285714
3160.0	0.5714285714
3165.0	0.5714285714
3170.0	0.5714285714
3175.0	0.5714285714
3180.0	0.5714285714
3185.0	0.5714285714
3190.0	0.5714285714
3195.0	0.5714285714
3200.0	0.5714285714
3205.0	0.5714285714
3210.0	0.5714285714
3215.0	0.5714285714
3220.0	0.5714285714
3225.0	0.5714285714
3230.0	0.5714285714
3235.0	0.5714285714
3240.0	0.5714285714
3245.0	0.5714285714
3250.0	0.5714285714
3255.0	0.5714285714
3260.0	0.5714285714
3265.0	0.5714285714
3270.0	0.5714285714
3275.0	0.5714285714
3280.0	0.5714285714
3285.0	0.5714285714
3290.0	0.5714285714
3295.0	0.5714285714
3300.0	0.5714285714
3305.0	0.5714285714
3310.0	0.5714285714
3315.0	0.5714285714
3320.0	0.5714285714
3325.0	0.5714285714
3330.0	0.5714285714
3335.0	0.5714285714
3340.0	0.5714285714
3345.0	0.5714285714
3350.0	0.5714285714
3355.0	0.5714285714
3360.0	0.5714285714
3365.0	0.5714285714
3370.0	0.5714285714
3375.0	0.5714285714
3380.0	0.5714285714
3385.0	0.5714285714
3390.0	0.5714285714
3395.0	0.5714285714
3400.0	0.5714285714
3405.0	0.5714285714
3410.0	0.5714285714
3415.0	0.5714285714
3420.0	0.5714285714
3425.0	0.5714285714
3430.0	0.5714285714
3435.0	0.5714285714
3440.0	0.5714285714
3445.0	0.5714285714
3450.0	0.5714285714
3455.0	0.5714285714
3460.0	0.5714285714
3465.0	0.5714285714
3470.0	0.5714285714
3475.0	0.5714285714
3480.0	0.5714285714
3485.0	0.5714285714
3490.0	0.5714285714
3495.0	0.5714285714
3500.0	0.5714285714
3505.0	0.5714285714
3510.0	0.5714285714
3515.0	0.5714285714
3520.0	0.5714285714
3525.0	0.5714285714
3530.0	0.5714285714
3535.0	0.5714285714
3540.0	0.5714285714
3545.0	0.5714285714
3550.0	0.5714285714
3555.0	0.5714285714
3560.0	0.5714285714
3565.0	0.5714285714
3570.0	0.5714285714
3575.0	0.5714285714
3580.0	0.5714285714
3585.0	0.5714285714
3590.0	0.5714285714
3595.0	0.5714285714
3600.0	0.5714285714
3605.0	0.5714285714
3610.0	0.5714285714
3615.0	0.5714285714
3620.0	0.5714285714
3625.0	0.5714285714
3630.0	0.5714285714
3635.0	0.5714285714
3640.0	0.5714285714
3645.0	0.5714285714
3650.0	0.5714285714
3655.0	0.5714285714
3660.0	0.5714285714
3665.0	0.5714285714
3670.0	0.5714285714
3675.0	0.5714285714
3680.0	0.5714285714
3685.0	0.5714285714
3690.0	0.5714285714
3695.0	0.5714285714
3700.0	0.5714285714
3705.0	0.5714285714
3710.0	0.5714285714
3715.0	0.5714285714
3720.0	0.5714285714
3725.0	0.5714285714
3730.0	0.5714285714
3735.0	0.5714285714
3740.0	0.5714285714
3745.0	0.5714285714
3750.0	0.5714285714
3755.0	0.5714285714
3760.0	0.5714285714
3765.0	0.5714285714
3770.0	0.5714285714
3775.0	0.5714285714
3780.0	0.5714285714
3785.0	0.5714285714
3790.0	0.5714285714
3795.0	0.5714285714
3800.0	0.5714285714
3805.0	0.5714285714
3810.0	0.5714285714
3815.0	0.5714285714
3820.0	0.5714285714
3825.0	0.5714285714
3830.0	0.5714285714
3835.0	0.5714285714
3840.0	0.5714285714
3845.0	0.5714285714
3850.0	0.5714285714
3855.0	0.5714285714
3860.0	0.5714285714
3865.0	0.5714285714
3870.0	0.5714285714
3875.0	0.5714285714
3880.0	0.5714285714
3885.0	0.5714285714
3890.0	0.5714285714
3895.0	0.5714285714
3900.0	0.5714285714
3905.0	0.5714285714
3910.0	0.5714285714
3915.0	0.5714285714
3920.0	0.5714285714
3925.0	0.5714285714
3930.0	0.5714285714
3935.0	0.5714285714
3940.0	0.5714285714
3945.0	0.5714285714
3950.0	0.5714285714
3955.0	0.5714285714
3960.0	0.5714285714
3965.0	0.5714285714
3970.0	0.5714285714
3975.0	0.5714285714
3980.0	0.5714285714
3985.0	0.5714285714
3990.0	0.5714285714
3995.0	0.5714285714
4000.0	0.5714285714
4005.0	0.5714285714
4010.0	0.5714285714
4015.0	0.5714285714
4020.0	0.5714285714
4025.0	0.5714285714
4030.0	0.5714285714
4035.0	0.5714285714
4040.0	0.5714285714
4045.0	0.5714285714
4050.0	0.5714285714
4055.0	0.5714285714
4060.0	0.5714285714
4065.0	0.5714285714
4070.0	0.5714285714
4075.0	0.5714285714
4080.0	0.5714285714
4085.0	0.5714285714
4090.0	0.5714285714
4095.0	0.5714285714
4100.0	0.5714285714
4105.0	0.5714285714
4110.0	0.5714285714
4115.0	0.5714285714
4120.0	0.5714285714
4125.0	0.5714285714
4130.0	0.5714285714
4135.0	0.5714285714
4140.0	0.5714285714
4145.0	0.5714285714
4150.0	0.5714285714
4155.0	0.5714285714
4160.0	0.5714285714
4165.0	0.5714285714
4170.0	0.5714285714
4175.0	0.5714285714
4180.0	0.5714285714
4185.0	0.5714285714
4190.0	0.5714285714
4195.0	0.5714285714
4200.0	0.5714285714
4205.0	0.5714285714
4210.0	0.5714285714
4215.0	0.5714285714
4220.0	0.5714285714
4225.0	0.5714285714
4230.0	0.5714285714
4235.0	0.5714285714
4240.0	0.5714285714
4245.0	0.5714285714
4250.0	0.5714285714
4255.0	0.5714285714
4260.0	0.5714285714
4265.0	0.5714285714
4270.0	0.5714285714
4275.0	0.5714285714
4280.0	0.5714285714
4285.0	0.5714285714
4290.0	0.5714285714
4295.0	0.5714285714
4300.0	0.5714285714
4305.0	0.5714285714
4310.0	0.5714285714
4315.0	0.5714285714
4320.0	0.5714285714
4325.0	0.5714285714
4330.0	0.5714285714
4335.0	0.5714285714
4340.0	0.5714285714
4345.0	0.5714285714
4350.0	0.5714285714
4355.0	0.5714285714
4360.0	0.5714285714
4365.0	0.5714285714
4370.0	0.5714285714
4375.0	0.5714285714
4380.0	0.5714285714
4385.0	0.5714285714
4390.0	0.5714285714
4395.0	0.5714285714
4400.0	0.5714285714
4405.0	0.5714285714
4410.0	0.5714285714
4415.0	0.5714285714
4420.0	0.5714285714
4425.0	0.5714285714
4430.0	0.5714285714
4435.0	0.5714285714
4440.0	0.5714285714
4445.0	0.5714285714
4450.0	0.5714285714
4455.0	0.5714285714
4460.0	0.5714285714
4465.0	0.5714285714
4470.0	0.5714285714
4475.0	0.5714285714
4480.0	0.5714285714
4485.0	0.5714285714
4490.0	0.5714285714
4495.0	0.5714285714
4500.0	0.5714285714
4505.0	0.5714285714
4510.0	0.5714285714
4515.0	0.5714285714
4520.0	0.5714285714
4525.0	0.5714285714
4530.0	0.5714285714
4535.0	0.5714285714
4540.0	0.5714285714
4545.0	0.5714285714
4550.0	0.5714285714
4555.0	0.5714285714
4560.0	0.5714285714
4565.0	0.5714285714
4570.0	0.5714285714
4575.0	0.5714285714
4580.0	0.5714285714
4585.0	0.5714285714
4590.0	0.5714285714
4595.0	0.5714285714
4600.0	0.5714285714
4605.0	0.5714285714
4610.0	0.5714285714
4615.0	0.5714285714
4620.0	0.5714285714
4625.0	0.5714285714
4630.0	0.5714285714
4635.0	0.5714285714
4640.0	0.5714285714
4645.0	0.5714285714
4650.0	0.5714285714
4655.0	0.5714285714
4660.0	0.5714285714
4665.0	0.5714285714
4670.0	0.5714285714
4675.0	0.5714285714
4680.0	0.5714285714
4685.0	0.5714285714
4690.0	0.5714285714
4695.0	0.5714285714
4700.0	0.5714285714
4705.0	0.5714285714
4710.0	0.5714285714
4715.0	0.5714285714
4720.0	0.5714285714
4725.0	0.5714285714
4730.0	0.5714285714
4735.0	0.5714285714
4740.0	0.5714285714
4745.0	0.5714285714
4750.0	0.5714285714
4755.0	0.5714285714
4760.0	0.5714285714
4765.0	0.5714285714
4770.0	0.5714285714
4775.0	0.5714285714
4780.0	0.5714285714
4785.0	0.5714285714
4790.0	0.5714285714
4795.0	0.5714285714
4800.0	0.5714285714
4805.0	0.5714285714
4810.0	0.5714285714
4815.0	0.5714285714
4820.0	0.5714285714
4825.0	0.5714285714
4830.0	0.5714285714
4835.0	0.5714285714
4840.0	0.5714285714
4845.0	0.5714285714
4850.0	0.5714285714
4855.0	0.5714285714
4860.0	0.5714285714
4865.0	0.5714285714
4870.0	0.5714285714
4875.0	0.5714285714
4880.0	0.5714285714
4885.0	0.5714285714
4890.0	0.5714285714
4895.0	0.5714285714
4900.0	0.5714285714
4905.0	0.5714285714
4910.0	0.5714285714
4915.0	0.5714285714
4920.0	0.5714285714
4925.0	0.5714285714
4930.0	0.5714285714
4935.0	0.5714285714
4940.0	0.5714285714
4945.0	0.5714285714
4950.0	0.5714285714
4955.0	0.5714285714
4960.0	0.5714285714
4965.0	0.5714285714
4970.0	0.5714285714
4975.0	0.5714285714
4980.0	0.5714285714
4985.0	0.5714285714
4990.0	0.5714285714
4995.0	0.5714285714
5000.0	0.5714285714
5005.0	0.5714285714
5010.0	0.5714285714
5015.0	0.5714285714
5020.0	0.5714285714
5025.0	0.5714285714
5030.0	0.5714285714
5035.0	0.5714285714
5040.0	0.5714285714
5045.0	0.5714285714
5050.0	0.5714285714
5055.0	0.5714285714
5060.0	0.5714285714
5065.0	0.5714285714
5070.0	0.5714285714
5075.0	0.5714285714
5080.0	0.5714285714
5085.0	0.5714285714
5090.0	0.5714285714
5095.0	0.5714285714
5100.0	0.5714285714
5105.0	0.5714285714
5110.0	0.5714285714
5115.0	0.5714285714
5120.0	0.5714285714
5125.0	0.5714285714
5130.0	0.5714285714
5135.0	0.5714285714
5140.0	0.5714285714
5145.0	0.5714285714
5150.0	0.5714285714
5155.0	0.5714285714
5160.0	0.5714285714
5165.0	0.5714285714
5170.0	0.5714285714
5175.0	0.5714285714
5180.0	0.5714285714
5185.0	0.5714285714
5190.0	0.5714285714
5195.0	0.5714285714
5200.0	0.5714285714
5205.0	0.5714285714
5210.0	0.5714285714
5215.0	0.5714285714
5220.0	0.5714285714
5225.0	0.5714285714
5230.0	0.5714285714
5235.0	0.5714285714
5240.0	0.5714285714
5245.0	0.5714285714
5250.0	0.5714285714
5255.0	0.5714285714
5260.0	0.5714285714
5265.0	0.5714285714
5270.0	0.5714285714
5275.0	0.5714285714
5280.0	0.5714285714
5285.0	0.5714285714
5290.0	0.5714285714
5295.0	0.5714285714
5300.0	0.5714285714
5305.0	0.5714285714
5310.0	0.5714285714
5315.0	0.5714285714
5320.0	0.5714285714
5325.0	0.5714285714
5330.0	0.5714285714
5335.0	0.5714285714
5340.0	0.5714285714
5345.0	0.5714285714
5350.0	0.5714285714
5355.0	0.5714285714
5360.0	0.5714285714
5365.0	0.5714285714
5370.0	0.5714285714
5375.0	0.5714285714
5380.0	0.5714285714
5385.0	0.5714285714
5390.0	0.5714285714
5395.0	0.5714285714
5400.0	0.5714285714
5405.0	0.5714285714
5410.0	0.5714285714
5415.0	0.5714285714
5420.0	0.5714285714
5425.0	0.5714285714
5430.0	0.5714285714
5435.0	0.5714285714
5440.0	0.5714285714
5445.0	0.5714285714
5450.0	0.5714285714
5455.0	0.5714285714
5460.0	0.5714285714
5465.0	0.5714285714
5470.0	0.5714285714
5475.0	0.5714285714
5480.0	0.5714285714
5485.0	0.5714285714
5490.0	0.5714285714
5495.0	0.5714285714
5500.0	0.5714285714
5505.0	0.5714285714
5510.0	0.5714285714
5515.0	0.5714285714
5520.0	0.5714285714
5525.0	0.5714285714
5530.0	0.5714285714
5535.0	0.5714285714
5540.0	0.5714285714
5545.0	0.5714285714
5550.0	0.5714285714
5555.0	0.5714285714
5560.0	0.5714285714
5565.0	0.5714285714
5570.0	0.5714285714
5575.0	0.5714285714
5580.0	0.5714285714
5585.0	0.5714285714
5590.0	0.5714285714
5595.0	0.5714285714
5600.0	0.5714285714
5605.0	0.5714285714
5610.0	0.5714285714
5615.0	0.5714285714
5620.0	0.5714285714
5625.0	0.5714285714
5630.0	0.5714285714
5635.0	0.5714285714
5640.0	0.5714285714
5645.0	0.5714285714
5650.0	0.5714285714
5655.0	0.5714285714
5660.0	0.5714285714
5665.0	0.5714285714
5670.0	0.5714285714
5675.0	0.5714285714
5680.0	0.5714285714
5685.0	0.5714285714
5690.0	0.5714285714
5695.0	0.5714285714
5700.0	0.5714285714
5705.0	0.5714285714
5710.0	0.5714285714
5715.0	0.5714285714
5720.0	0.5714285714
5725.0	0.5714285714
5730.0	0.5714285714
5735.0	0.5714285714
5740.0	0.5714285714
5745.0	0.5714285714
5750.0	0.5714285714
5755.0	0.5714285714
5760.0	0.5714285714
5765.0	0.5714285714
5770.0	0.5714285714
5775.0	0.5714285714
5780.0	0.5714285714
5785.0	0.5714285714
5790.0	0.5714285714
5795.0	0.5714285714
5800.0	0.5714285714
5805.0	0.5714285714
5810.0	0.5714285714
5815.0	0.5714285714
5820.0	0.5714285714
5825.0	0.5714285714
5830.0	0.5714285714
5835.0	0.5714285714
5840.0	0.5714285714
5845.0	0.5714285714
5850.0	0.5714285714
5855.0	0.5714285714
5860.0	0.5714285714
5865.0	0.5714285714
5870.0	0.5714285714
5875.0	0.5714285714
5880.0	0.5714285714
5885.0	0.5714285714
5890.0	0.5714285714
5895.0	0.5714285714
5900.0	0.5714285714
5905.0	0.5714285714
5910.0	0.5714285714
5915.0	0.5714285714
5920.0	0.5714285714
5925.0	0.5714285714
5930.0	0.5714285714
5935.0	0.5714285714
5940.0	0.5714285714
5945.0	0.5714285714
5950.0	0.5714285714
5955.0	0.5714285714
5960.0	0.5714285714
5965.0	0.5714285714
5970.0	0.5714285714
5975.0	0.5714285714
5980.0	0.5714285714
5985.0	0.5714285714
5990.0	0.5714285714
5995.0	0.5714285714
6000.0	0.5714285714
6005.0	0.5714285714
6010.0	0.5714285714
6015.0	0.5714285714
6020.0	0.5714285714
6025.0	0.5714285714
6030.0	0.5714285714
6035.0	0.5714285714
6040.0	0.5714285714
6045.0	0.5714285714
6050.0	0.5714285714
6055.0	0.5714285714
6060.0	0.5714285714
6065.0	0.5714285714
6070.0	0.5714285714
6075.0	0.5714285714
6080.0	0.5714285714
6085.0	0.5714285714
6090.0	0.5714285714
6095.0	0.5714285714
6100.0	0.5714285714
6105.0	0.5714285714
6110.0	0.5714285714
6115.0	0.5714285714
6120.0	0.5714285714
6125.0	0.5714285714
6130.0	0.5714285714
6135.0	0.5714285714
6140.0	0.5714285714
6145.0	0.5714285714
6150.0	0.5714285714
6155.0	0.5714285714
6160.0	0.5714285714
6165.0	0.5714285714
6170.0	0.5714285714
6175.0	0.5714285714
6180.0	0.5714285714
6185.0	0.5714285714
6190.0	0.5714285714
6195.0	0.5714285714
6200.0	0.5714285714
6205.0	0.5714285714
6210.0	0.5714285714
6215.0	0.5714285714
6220.0	0.5714285714
6225.0	0.5714285714
6230.0	0.5714285714
6235.0	0.5714285714
6240.0	0.5714285714
6245.0	0.5714285714
6250.0	0.5714285714
6255.0	0.5714285714
6260.0	0.5714285714
6265.0	0.5714285714
6270.0	0.5714285714
6275.0	0.5714285714
6280.0	0.5714285714
6285.0	0.5714285714
6290.0	0.5714285714
6295.0	0.5714285714
6300.0	0.5714285714
6305.0	0.5714285714
6310.0	0.5714285714
6315.0	0.5714285714
6320.0	0.5714285714
6325.0	0.5714285714
6330.0	0.5714285714
6335.0	0.5714285714
6340.0	0.5714285714
6345.0	0.5714285714
6350.0	0.5714285714
6355.0	0.5714285714
6360.0	0.5714285714
6365.0	0.5714285714
6370.0	0.5714285714
6375.0	0.5714285714
6380.0	0.5714285714
6385.0	0.5714285714
6390.0	0.5714285714
6395.0	0.5714285714
6400.0	0.5714285714
6405.0	0.5714285714
6410.0	0.5714285714
6415.0	0.5714285714
6420.0	0.5714285714
6425.0	0.5714285714
6430.0	0.5714285714
6435.0	0.5714285714
6440.0	0.5714285714
6445.0	0.5714285714
6450.0	0.5714285714
6455.0	0.5714285714
6460.0	0.5714285714
6465.0	0.5714285714
6470.0	0.5714285714
6475.0	0.5714285714
6480.0	0.5714285714
6485.0	0.5714285714
6490.0	0.5714285714
6495.0	0.5714285714
6500.0	0.5714285714
6505.0	0.5714285714
6510.0	0.5714285714
6515.0	0.5714285714
6520.0	0.5714285714
6525.0	0.5714285714
6530.0	0.5714285714
6535.0	0.5714285714
6540.0	0.5714285714
6545.0	0.5714285714
6550.0	0.5714285714
6555.0	0.5714285714
6560.0	0.5714285714
6565.0	0.5714285714
6570.0	0.5714285714
6575.0	0.5714285714
6580.0	0.5714285714
6585.0	0.5714285714
6590.0	0.5714285714
6595.0	0.5714285714
6600.0	0.5714285714
6605.0	0.5714285714
6610.0	0.5714285714
6615.0	0.5714285714
6620.0	0.5714285714
6625.0	0.5714285714
6630.0	0.5714285714
6635.0	0.5714285714
6640.0	0.5714285714
6645.0	0.5714285714
6650.0	0.5714285714
6655.0	0.5714285714
6660.0	0.5714285714
6665.0	0.5714285714
6670.0	0.5714285714
6675.0	0.5714285714
6680.0	0.5714285714
6685.0	0.5714285714
6690.0	0.5714285714
6695.0	0.5714285714
6700.0	0.5714285714
6705.0	0.5714285714
6710.0	0.5714285714
6715.0	0.5714285714
6720.0	0.5714285714
6725.0	0.5714285714
6730.0	0.5714285714
6735.0	0.5714285714
6740.0	0.5714285714
6745.0	0.5714285714
6750.0	0.5714285714
6755.0	0.5714285714
6760.0	0.5714285714
6765.0	0.5714285714
6770.0	0.5714285714
6775.0	0.5714285714
6780.0	0.5714285714
6785.0	0.5714285714
6790.0	0.5714285714
6795.0	0.5714285714
6800.0	0.5714285714
6805.0	0.5714285714
6810.0	0.5714285714
6815.0	0.5714285714
6820.0	0.5714285714
6825.0	0.5714285714
6830.0	0.5714285714
6835.0	0.5714285714
6840.0	0.5714285714
6845.0	0.5714285714
6850.0	0.5714285714
6855.0	0.5714285714
6860.0	0.5714285714
6865.0	0.5714285714
6870.0	0.5714285714
6875.0	0.5714285714
6880.0	0.5714285714
6885.0	0.5714285714
6890.0	0.5714285714
6895.0	0.5714285714
6900.0	0.5714285714
6905.0	0.5714285714
6910.0	0.5714285714
6915.0	0.5714285714
6920.0	0.5714285714
6925.0	0.5714285714
6930.0	0.5714285714
6935.0	0.5714285714
6940.0	0.5714285714
6945.0	0.5714285714
6950.0	0.5714285714
6955.0	0.5714285714
6960.0	0.5714285714
6965.0	0.5714285714
6970.0	0.5714285714
6975.0	0.5714285714
6980.0	0.5714285714
6985.0	0.5714285714
6990.0	0.5714285714
6995.0	0.5714285714
7000.0	0.5714285714
7005.0	0.5714285714
7010.0	0.5714285714
7015.0	0.5714285714
7020.0	0.5714285714
7025.0	0.5714285714
7030.0	0.5714285714
7035.0	0.5714285714
7040.0	0.5714285714
7045.0	0.5714285714
7050.0	0.5714285714
7055.0	0.5714285714
7060.0	0.5714285714
7065.0	0.5714285714
7070.0	0.5714285714
7075.0	0.5714285714
7080.0	0.5714285714
7085.0	0.5714285714
7090.0	0.5714285714
7095.0	0.5714285714
7100.0	0.5714285714
7105.0	0.5714285714
7110.0	0.5714285714
7115.0	0.5714285714
7120.0	0.5714285714
7125.0	0.5714285714
7130.0	0.5714285714
7135.0	0.5714285714
7140.0	0.5714285714
7145.0	0.5714285714
7150.0	0.5714285714
7155.0	0.5714285714
7160.0	0.5714285714
7165.0	0.5714285714
7170.0	0.5714285714
7175.0	0.5714285714
7180.0	0.5714285714
7185.0	0.5714285714
7190.0	0.5714285714
7195.0	0.5714285714
7200.0	0.5714285714
7205.0	0.5714285714
7210.0	0.5714285714
7215.0	0.5714285714
7220.0	0.5714285714
7225.0	0.5714285714
7230.0	0.5714285714
7235.0	0.5714285714
7240.0	0.5714285714
7245.0	0.5714285714
7250.0	0.5714285714
7255.0	0.5714285714
7260.0	0.5714285714
7265.0	0.5714285714
7270.0	0.5714285714
7275.0	0.5714285714
7280.0	0.5714285714
7285.0	0.5714285714
7290.0	0.5714285714
7295.0	0.5714285714
7300.0	0.5714285714
7305.0	0.5714285714
7310.0	0.5714285714
7315.0	0.5714285714
7320.0	0.5714285714
7325.0	0.5714285714
7330.0	0.5714285714
7335.0	0.5714285714
7340.0	0.5714285714
7345.0	0.5714285714
7350.0	0.5714285714
7355.0	0.5714285714
7360.0	0.5714285714
7365.0	0.5714285714
7370.0	0.5714285714
7375.0	0.5714285714
7380.0	0.5714285714
7385.0	0.5714285714
7390.0	0.5714285714
7395.0	0.5714285714
7400.0	0.5714285714
7405.0	0.5714285714
7410.0	0.5714285714
7415.0	0.5714285714
7420.0	0.5714285714
7425.0	0.5714285714
7430.0	0.5714285714
7435.0	0.5714285714
7440.0	0.5714285714
7445.0	0.5714285714
7450.0	0.5714285714
7455.0	0.5714285714
7460.0	0.5714285714
7465.0	0.5714285714
7470.0	0.5714285714
7475.0	0.5714285714
7480.0	0.5714285714
7485.0	0.5714285714
7490.0	0.5714285714
7495.0	0.5714285714
7500.0	0.5714285714
7505.0	0.5714285714
7510.0	0.5714285714
7515.0	0.5714285714
7520.0	0.5714285714
7525.0	0.5714285714
7530.0	0.5714285714
7535.0	0.5714285714
7540.0	0.5714285714
7545.0	0.5714285714
7550.0	0.5714285714
7555.0	0.5714285714
7560.0	0.5714285714
7565.0	0.5714285714
7570.0	0.5714285714
7575.0	0.5714285714
7580.0	0.5714285714
7585.0	0.5714285714
7590.0	0.5714285714
7595.0	0.5714285714
7600.0	0.5714285714
7605.0	0.5714285714
7610.0	0.5714285714
7615.0	0.5714285714
7620.0	0.5714285714
7625.0	0.5714285714
7630.0	0.5714285714
7635.0	0.5714285714
7640.0	0.5714285714
7645.0	0.5714285714
7650.0	0.5714285714
7655.0	0.5714285714
7660.0	0.5714285714
7665.0	0.5714285714
7670.0	0.5714285714
7675.0	0.5714285714
7680.0	0.5714285714
7685.0	0.5714285714
7690.0	0.5714285714
7695.0	0.5714285714
7700.0	0.5714285714
7705.0	0.5714285714
7710.0	0.5714285714
7715.0	0.5714285714
7720.0	0.5714285714
7725.0	0.5714285714
7730.0	0.5714285714
7735.0	0.5714285714
7740.0	0.5714285714
7745.0	0.5714285714
7750.0	0.5714285714
7755.0	0.5714285714
7760.0	0.5714285714
7765.0	0.5714285714
7770.0	0.5714285714
7775.0	0.5714285714
7780.0	0.5714285714
7785.0	0.5714285714
7790.0	0.5714285714
7795.0	0.5714285714
7800.0	0.5714285714
7805.0	0.5714285714
7810.0	0.5714285714
7815.0	0.5714285714
7820.0	0.5714285714
7825.0	0.5714285714
7830.0	0.5714285714
7835.0	0.5714285714
7840.0	0.5714285714
7845.0	0.5714285714
7850.0	0.5714285714
7855.0	0.5714285714
7860.0	0.5714285714
7865.0	0.5714285714
7870.0	0.5714285714
7875.0	0.5714285714
7880.0	0.5714285714
7885.0	0.5714285714
7890.0	0.5714285714
7895.0	0.5714285714
7900.0	0.5714285714
7905.0	0.5714285714
7910.0	0.5714285714
7915.0	0.5714285714
7920.0	0.5714285714
7925.0	0.5714285714
7930.0	0.5714285714
7935.0	0.5714285714
7940.0	0.5714285714
7945.0	0.5714285714
7950.0	0.5714285714
7955.0	0.5714285714
7960.0	0.5714285714
7965.0	0.5714285714
7970.0	0.5714285714
7975.0	0.5714285714
7980.0	0.5714285714
7985.0	0.5714285714
7990.0	0.5714285714
7995.0	0.5714285714
8000.0	0.5714285714
8005.0	0.5714285714
8010.0	0.5714285714
8015.0	0.5714285714
8020.0	0.5714285714
8025.0	0.5714285714
8030.0	0.5714285714
8035.0	0.5714285714
8040.0	0.5714285714
8045.0	0.5714285714
8050.0	0.5714285714
8055.0	0.5714285714
8060.0	0.5714285714
8065.0	0.5714285714
8070.0	0.5714285714
8075.0	0.5714285714
8080.0	0.5714285714
8085.0	0.5714285714
8090.0	0.5714285714
8095.0	0.5714285714
8100.0	0.5714285714
8105.0	0.5714285714
8110.0	0.5714285714
8115.0	0.5714285714
8120.0	0.5714285714
8125.0	0.5714285714
8130.0	0.5714285714
8135.0	0.5714285714
8140.0	0.5714285714
8145.0	0.5714285714
8150.0	0.5714285714
8155.0	0.5714285714
8160.0	0.5714285714
8165.0	0.5714285714
8170.0	0.5714285714
8175.0	0.5714285714
8180.0	0.5714285714
8185.0	0.5714285714
8190.0	0.5714285714
8195.0	0.5714285714
8200.0	0.5714285714
8205.0	0.5714285714
8210.0	0.5714285714
8215.0	0.5714285714
8220.0	0.5714285714
8225.0	0.5714285714
8230.0	0.5714285714
8235.0	0.5714285714
8240.0	0.5714285714
8245.0	0.5714285714
8250.0	0.5714285714
8255.0	0.5714285714
8260.0	0.5714285714
8265.0	0.5714285714
8270.0	0.5714285714
8275.0	0.5714285714
8280.0	0.5714285714
8285.0	0.5714285714
8290.0	0.5714285714
8295.0	0.5714285714
8300.0	0.5714285714
8305.0	0.5714285714
8310.0	0.5714285714
8315.0	0.5714285714
8320.0	0.5714285714
8325.0	0.5714285714
8330.0	0.5714285714
8335.0	0.5714285714
8340.0	0.5714285714
8345.0	0.5714285714
8350.0	0.5714285714
8355.0	0.5714285714
8360.0	0.5714285714
8365.0	0.5714285714
8370.0	0.5714285714
8375.0	0.5714285714
8380.0	0.5714285714
8385.0	0.5714285714
8390.0	0.5714285714
8395.0	0.5714285714
8400.0	0.5714285714
8405.0	0.5714285714
8410.0	0.5714285714
8415.0	0.5714285714
8420.0	0.5714285714
8425.0	0.5714285714
8430.0	0.5714285714
8435.0	0.5714285714
8440.0	0.5714285714
8445.0	0.5714285714
8450.0	0.5714285714
8455.0	0.5714285714
8460.0	0.5714285714
8465.0	0.5714285714
8470.0	0.5714285714
8475.0	0.5714285714
8480.0	0.5714285714
8485.0	0.5714285714
8490.0	0.5714285714
8495.0	0.5714285714
8500.0	0.5714285714
8505.0	0.5714285714
8510.0	0.5714285714
8515.0	0.5714285714
8520.0	0.5714285714
8525.0	0.5714285714
8530.0	0.5714285714
8535.0	0.5714285714
8540.0	0.5714285714
8545.0	0.5714285714
8550.0	0.5714285714
8555.0	0.5714285714
8560.0	0.5714285714
8565.0	0.5714285714
8570.0	0.5714285714
8575.0	0.5714285714
8580.0	0.5714285714
8585.0	0.5714285714
8590.0	0.5714285714
8595.0	0.5714285714
8600.0	0.5714285714
8605.0	0.5714285714
8610.0	0.5714285714
8615.0	0.5714285714
8620.0	0.5714285714
8625.0	0.5714285714
8630.0	0.5714285714
8635.0	0.5714285714
8640.0	0.5714285714
8645.0	0.5714285714
8650.0	0.5714285714
8655.0	0.5714285714
8660.0	0.5714285714
8665.0	0.5714285714
8670.0	0.5714285714
8675.0	0.5714285714
8680.0	0.5714285714
8685.0	0.5714285714
8690.0	0.5714285714
8695.0	0.5714285714
8700.0	0.5714285714
8705.0	0.5714285714
8710.0	0.5714285714
8715.0	0.5714285714
8720.0	0.5714285714
8725.0	0.5714285714
8730.0	0.5714285714
8735.0	0.5714285714
8740.0	0.5714285714
8745.0	0.5714285714
8750.0	0.5714285714
8755.0	0.5714285714
8760.0	0.5714285714
8765.0	0.5714285714
8770.0	0.5714285714
8775.0	0.5714285714
8780.0	0.5714285714
8785.0	0.5714285714
8790.0	0.5714285714
8795.0	0.5714285714
8800.0	0.5714285714
8805.0	0.5714285714
8810.0	0.5714285714
8815.0	0.5714285714
8820.0	0.5714285714
8825.0	0.5714285714
8830.0	0.5714285714
8835.0	0.5714285714
8840.0	0.5714285714
8845.0	0.5714285714
8850.0	0.5714285714
8855.0	0.5714285714
8860.0	0.5714285714
8865.0	0.5714285714
8870.0	0.5714285714
8875.0	0.5714285714
8880.0	0.5714285714
8885.0	0.5714285714
8890.0	0.5714285714
8895.0	0.5714285714
8900.0	0.5714285714
8905.0	0.5714285714
8910.0	0.5714285714
8915.0	0.5714285714
8920.0	0.5714285714
8925.0	0.5714285714
8930.0	0.5714285714
8935.0	0.5714285714
8940.0	0.5714285714
8945.0	0.5714285714
8950.0	0.5714285714
8955.0	0.5714285714
8960.0	0.5714285714
8965.0	0.5714285714
8970.0	0.5714285714
8975.0	0.5714285714
8980.0	0.5714285714
8985.0	0.5714285714
8990.0	0.5714285714
8995.0	0.5714285714
9000.0	0.5714285714
9005.0	0.5714285714
9010.0	0.5714285714
9015.0	0.5714285714
9020.0	0.5714285714
9025.0	0.5714285714
9030.0	0.5714285714
9035.0	0.5714285714
9040.0	0.5714285714
9045.0	0.5714285714
9050.0	0.5714285714
9055.0	0.5714285714
9060.0	0.5714285714
9065.0	0.5714285714
9070.0	0.5714285714
9075.0	0.5714285714
9080.0	0.5714285714
9085.0	0.5714285714
9090.0	0.5714285714
9095.0	0.5714285714
9100.0	0.5714285714
9105.0	0.5714285714
9110.0	0.5714285714
9115.0	0.5714285714
9120.0	0.5714285714
9125.0	0.5714285714
9130.0	0.5714285714
9135.0	0.5714285714
9140.0	0.5714285714
9145.0	0.5714285714
9150.0	0.5714285714
9155.0	0.5714285714
9160.0	0.5714285714
9165.0	0.5714285714
9170.0	0.5714285714
9175.0	0.5714285714
9180.0	0.5714285714
9185.0	0.5714285714
9190.0	0.5714285714
9195.0	0.5714285714
9200.0	0.5714285714
9205.0	0.5714285714
9210.0	0.5714285714
9215.0	0.5714285714
9220.0	0.5714285714
9225.0	0.5714285714
9230.0	0.5714285714
9235.0	0.5714285714
9240.0	0.5714285714
9245.0	0.5714285714
9250.0	0.5714285714
9255.0	0.5714285714
9260.0	0.5714285714
9265.0	0.5714285714
9270.0	0.5714285714
9275.0	0.5714285714
9280.0	0.5714285714
9285.0	0.5714285714
9290.0	0.5714285714
9295.0	0.5714285714
9300.0	0.5714285714
9305.0	0.5714285714
9310.0	0.5714285714
9315.0	0.5714285714
9320.0	0.5714285714
9325.0	0.5714285714
9330.0	0.5714285714
9335.0	0.5714285714
9340.0	0.5714285714
9345.0	0.5714285714
9350.0	0.5714285714
9355.0	0.5714285714
9360.0	0.5714285714
9365.0	0.5714285714
9370.0	0.5714285714
9375.0	0.5714285714
9380.0	0.5714285714
9385.0	0.5714285714
9390.0	0.5714285714
9395.0	0.5714285714
9400.0	0.5714285714
9405.0	0.5714285714
9410.0	0.5714285714
9415.0	0.5714285714
9420.0	0.5714285714
9425.0	0.5714285714
9430.0	0.5714285714
9435.0	0.5714285714
9440.0	0.5714285714
9445.0	0.5714285714
9450.0	0.5714285714
9455.0	0.5714285714
9460.0	0.5714285714
9465.0	0.5714285714
9470.0	0.5714285714
9475.0	0.5714285714
9480.0	0.5714285714
9485.0	0.5714285714
9490.0	0.5714285714
9495.0	0.5714285714
9500.0	0.5714285714
9505.0	0.5714285714
9510.0	0.5714285714
9515.0	0.5714285714
9520.0	0.5714285714
9525.0	0.5714285714
9530.0	0.5714285714
9535.0	0.5714285714
9540.0	0.5714285714
9545.0	0.5714285714
9550.0	0.5714285714
9555.0	0.5714285714
9560.0	0.5714285714
9565.0	0.5714285714
9570.0	0.5714285714
9575.0	0.5714285714
9580.0	0.5714285714
9585.0	0.5714285714
9590.0	0.5714285714
9595.0	0.5714285714
9600.0	0.5714285714
9605.0	0.5714285714
9610.0	0.5714285714
9615.0	0.5714285714
9620.0	0.5714285714
9625.0	0.5714285714
9630.0	0.5714285714
9635.0	0.5714285714
9640.0	0.5714285714
9645.0	0.5714285714
9650.0	0.5714285714
9655.0	0.5714285714
9660.0	0.5714285714
9665.0	0.5714285714
9670.0	0.5714285714
9675.0	0.5714285714
9680.0	0.5714285714
9685.0	0.5714285714
9690.0	0.5714285714
9695.0	0.5714285714
9700.0	0.5714285714
9705.0	0.5714285714
9710.0	0.5714285714
9715.0	0.5714285714
9720.0	0.5714285714
9725.0	0.5714285714
9730.0	0.5714285714
9735.0	0.5714285714
9740.0	0.5714285714
9745.0	0.5714285714
9750.0	0.5714285714
9755.0	0.5714285714
9760.0	0.5714285714
9765.0	0.5714285714
9770.0	0.5714285714
9775.0	0.5714285714
9780.0	0.5714285714
9785.0	0.5714285714
9790.0	0.5714285714
9795.0	0.5714285714
9800.0	0.5714285714
9805.0	0.5714285714
9810.0	0.5714285714
9815.0	0.5714285714
9820.0	0.5714285714
9825.0	0.5714285714
9830.0	0.5714285714
9835.0	0.5714285714
9840.0	0.5714285714
9845.0	0.5714285714
9850.0	0.5714285714
9855.0	0.5714285714
9860.0	0.5714285714
9865.0	0.5714285714
9870.0	0.5714285714
9875.0	0.5714285714
9880.0	0.5714285714
9885.0	0.5714285714
9890.0	0.5714285714
9895.0	0.5714285714
9900.0	0.5714285714
9905.0	0.5714285714
9910.0	0.5714285714
9915.0	0.5714285714
9920.0	0.5714285714
9925.0	0.5714285714
9930.0	0.5714285714
9935.0	0.5714285714
9940.0	0.5714285714
9945.0	0.5714285714
9950.0	0.5714285714
9955.0	0.5714285714
9960.0	0.5714285714
9965.0	0.5714285714
9970.0	0.5714285714
9975.0	0.5714285714
9980.0	0.5714285714
9985.0	0.5714285714
9990.0	0.5714285714
9995.0	0.5714285714
10000.0	0.5714285714
