[
	[
		[
			1.4674013568734843,
			-0.49809432904533263,
			-0.1516692665285206,
			-3.0017956509559074e-2,
			1.9898311981053868e-3,
			1.6962820507598962e-3,
			4.99422640455732e-4,
			2.7950357486191963e-4,
			1.1645576514540679e-4,
			5.898048654235366e-5,
			2.4427314224860797e-5,
			1.1215420074149905e-5,
			3.4989147518575217e-6,
			8.006496004487426e-7,
			-7.32769580116429e-7,
			-1.0190010047265098e-6,
			-1.1466373035768134e-6,
			-9.727290682262254e-7,
			-8.426208935868982e-7,
			-6.521127999770986e-7,
			-5.229057444343241e-7,
			-3.906415991816301e-7,
			-3.030819964237847e-7,
			-2.2249146192523556e-7,
			-1.698917087752013e-7,
			-1.2344531325687884e-7,
			-9.354262471806361e-8,
			-6.749161160665217e-8,
			-5.099672607511865e-8,
			-3.6581401219750906e-8,
			-2.7652410048036933e-8,
			-1.9722682167172218e-8,
			-1.4954760414769853e-8,
			-1.0597216128581252e-8,
			-8.081022139032089e-9,
			-5.680397825316544e-9,
			-4.36859048935645e-9,
			-3.038806517965572e-9,
			-2.364754383595694e-9,
			-1.6222157669453035e-9,
			-1.2822344406292724e-9,
			-8.634100928770527e-10,
			-6.958372723336118e-10,
			-4.5694886654469064e-10,
			-3.7610537015940986e-10,
			-2.384091246860985e-10,
			-1.9883575396195238e-10,
			-1.1882641385013824e-10,
			-9.592489711048934e-11,
			-4.9050848350371806e-11,
			-2.848963113352426e-11
		],
		[
			1.4732754744026844,
			-0.5051817575355407,
			-0.15476161595757673,
			-2.9718613785830916e-2,
			2.7492844295465726e-3,
			2.0986256944062025e-3,
			7.020762721627534e-4,
			3.9787108241196023e-4,
			1.858172131334748e-4,
			1.0152365567676657e-4,
			5.085294390170073e-5,
			2.8069628357027477e-5,
			1.4357525344595413e-5,
			7.92170605744133e-6,
			3.9716214536131875e-6,
			2.1293823321168983e-6,
			9.714761813861986e-7,
			4.666882597233436e-7,
			1.3916905324012362e-7,
			2.3099748088196244e-8,
			-5.7401607288749195e-8,
			-6.74214420197356e-8,
			-7.833650007538652e-8,
			-6.521111161736751e-8,
			-5.97688305427689e-8,
			-4.5870372141177495e-8,
			-3.8916943018925425e-8,
			-2.8793183723995437e-8,
			-2.3618149523264987e-8,
			-1.7089363545190227e-8,
			-1.3808511480220607e-8,
			-9.822663693319545e-9,
			-7.90122287858457e-9,
			-5.532350294654753e-9,
			-4.463462331764678e-9,
			-3.0725831073341372e-9,
			-2.502601899133018e-9,
			-1.6884732413978283e-9,
			-1.3975223679821346e-9,
			-9.195679838506809e-10,
			-7.788981616548252e-10,
			-4.964016757559939e-10,
			-4.3334519850497607e-10,
			-2.6506398165695615e-10,
			-2.395951563511345e-10,
			-1.388823359148605e-10,
			-1.292057528506156e-10,
			-6.926108053097752e-11,
			-6.330393725557528e-11,
			-2.855604097411392e-11,
			-1.8963616080497455e-11
		],
		[
			1.4818925410355308,
			-0.518762499541396,
			-0.1608601874075837,
			-2.901982181924497e-2,
			4.331932663205905e-3,
			2.934478801474012e-3,
			1.1241797814663574e-3,
			6.448230979659744e-4,
			3.307513486366343e-4,
			1.905021497660817e-4,
			1.0617077260032705e-4,
			6.337150961303638e-5,
			3.7114449151845745e-5,
			2.285146668007496e-5,
			1.3838716703823961e-5,
			8.734719316953933e-6,
			5.416672708312719e-6,
			3.488163702316701e-6,
			2.200547285580821e-6,
			1.4410098762737198e-6,
			9.203308813300751e-7,
			6.115446439617737e-7,
			3.9385304483569787e-7,
			2.652652241436833e-7,
			1.716563978802847e-7,
			1.1716600909962707e-7,
			7.590419208202594e-8,
			5.2553268895680075e-8,
			3.394113941535646e-8,
			2.3890718532022818e-8,
			1.5300878141841603e-8,
			1.0994029229477779e-8,
			6.932294733895041e-9,
			5.118768476624418e-9,
			3.1452428287109922e-9,
			2.4120600462507626e-9,
			1.422549311462708e-9,
			1.1517311440068828e-9,
			6.373067193802415e-10,
			5.584320892414691e-10,
			2.8012643185474295e-10,
			2.7562999595139273e-10,
			1.1900445552740001e-10,
			1.3860351210985745e-10,
			4.769418737944429e-11,
			7.049817157060684e-11,
			1.7345180847172514e-11,
			3.50072705029085e-11,
			5.36401696480872e-12,
			1.4557416274608474e-11,
			1.0858675070224422e-12
		],
		[
			1.4873342981619901,
			-0.5376412741198096,
			-0.1697663574659114,
			-2.773906376343928e-2,
			6.846892595385851e-3,
			4.256238030692357e-3,
			1.7942201056164078e-3,
			1.0379064192315875e-3,
			5.620040466351439e-4,
			3.32683875626676e-4,
			1.9468461543406152e-4,
			1.1990833133727651e-4,
			7.359168062341414e-5,
			4.6796656131350055e-5,
			2.967368096490015e-5,
			1.93395731842207e-5,
			1.2556650410320542e-5,
			8.342827854918566e-6,
			5.513781256365175e-6,
			3.7205366464278164e-6,
			2.4926567326823054e-6,
			1.7036091472467628e-6,
			1.1535217574770173e-6,
			7.970150706735607e-7,
			5.441104182289522e-7,
			3.795819421918455e-7,
			2.6075204868505734e-7,
			1.8352005450382322e-7,
			1.266285256259557e-7,
			8.988324327096304e-8,
			6.218621689486483e-8,
			4.452288273571785e-8,
			3.0828905859520467e-8,
			2.2277096363677125e-8,
			1.54050290214834e-8,
			1.1248746757593321e-8,
			7.748166831445405e-9,
			5.7283201776774504e-9,
			3.91709432428293e-9,
			2.940252575181109e-9,
			1.9873504149526365e-9,
			1.5198583437543956e-9,
			1.0095711216908621e-9,
			7.8919089999402e-10,
			5.109735706449883e-10,
			4.0796186581432027e-10,
			2.537023162358365e-10,
			2.0306722316748245e-10,
			1.1612949382079112e-10,
			8.404591565186796e-11,
			3.34348232651303e-11
		],
		[
			1.481723611603757,
			-0.5600438122079109,
			-0.18112229301102836,
			-2.5649610996484454e-2,
			1.0410488330584814e-2,
			6.117018606958233e-3,
			2.7417517823081663e-3,
			1.5959248126089466e-3,
			8.913085506967717e-4,
			5.355529643175856e-4,
			3.211948424856473e-4,
			2.008080344319791e-4,
			1.2584326335331975e-4,
			8.112234420797794e-5,
			5.2389816580267633e-5,
			3.456067458935979e-5,
			2.2810111241010425e-5,
			1.531704484998809e-5,
			1.0275548097620344e-5,
			6.9975811557932956e-6,
			4.753786779367189e-6,
			3.274418876447422e-6,
			2.246525582811343e-6,
			1.562214798207158e-6,
			1.0802114216968515e-6,
			7.573419820248651e-7,
			5.269082924397753e-7,
			3.7211039529433063e-7,
			2.6012498378396377e-7,
			1.8493606410533588e-7,
			1.2973175563007488e-7,
			9.282701142830504e-8,
			6.526340164152999e-8,
			4.700125865850605e-8,
			3.307470429127349e-8,
			2.3983919347279974e-8,
			1.686680903006834e-8,
			1.2324840969153079e-8,
			8.645877266845159e-9,
			6.373683289212397e-9,
			4.449247160241127e-9,
			3.31357809382814e-9,
			2.2940309695424696e-9,
			1.7271511758913644e-9,
			1.1792650766570927e-9,
			8.945055447984838e-10,
			5.947120018667817e-10,
			4.4537059987682843e-10,
			2.7595615553004077e-10,
			1.8423373937537235e-10,
			8.010973393361029e-11
		],
		[
			1.4567070504480186,
			-0.5837271192965013,
			-0.19435871071236502,
			-2.254088522140308e-2,
			1.5089085317006793e-2,
			8.540312893421883e-3,
			3.981497238493895e-3,
			2.3296872862113233e-3,
			1.3259300647857303e-3,
			8.039658839476821e-4,
			4.889135533595623e-4,
			3.0820834551531615e-4,
			1.9529503507072031e-4,
			1.2678700174272546e-4,
			8.263424808540054e-5,
			5.4838050310401135e-5,
			3.647754139034313e-5,
			2.4617262324419465e-5,
			1.662820859662256e-5,
			1.1370821840132638e-5,
			7.772327819657702e-6,
			5.371887328285125e-6,
			3.7064074701021564e-6,
			2.584439951084742e-6,
			1.7965606561592853e-6,
			1.2621782082463302e-6,
			8.82675506955907e-7,
			6.242195552522417e-7,
			4.386202876155976e-7,
			3.1203648786841587e-7,
			2.2006835515118217e-7,
			1.574313134714066e-7,
			1.113269474950278e-7,
			8.007469811404884e-8,
			5.6716388113231326e-8,
			4.1022390164529804e-8,
			2.9069585231341905e-8,
			2.1151517948889957e-8,
			1.4975117653540365e-8,
			1.0968374818420399e-8,
			7.744908596804709e-9,
			5.7141674355184096e-9,
			4.013760731188161e-9,
			2.98252439085858e-9,
			2.0741680834753e-9,
			1.5457164012796575e-9,
			1.0514208414589103e-9,
			7.696884436992444e-10,
			4.900357995202603e-10,
			3.183327713629938e-10,
			1.4263269432648503e-10
		],
		[
			1.4056077876416904,
			-0.6062317738267308,
			-0.208664205322824,
			-1.8295964484765045e-2,
			2.0831359741690106e-2,
			1.1484976994008345e-2,
			5.4946886664472335e-3,
			3.2308367002868072e-3,
			1.8619780581244285e-3,
			1.1360068406129342e-3,
			6.968628689154424e-4,
			4.4158738408571133e-4,
			2.8166183212057345e-4,
			1.836294513762555e-4,
			1.2031455564257271e-4,
			8.011725005025438e-5,
			5.352661163845104e-5,
			3.6223830688919325e-5,
			2.4559791077533795e-5,
			1.6832803505506533e-5,
			1.1543648830311397e-5,
			7.99307323272624e-6,
			5.531313634372081e-6,
			3.862493355025035e-6,
			2.6923955856167685e-6,
			1.8935907974796537e-6,
			1.3277331020690154e-6,
			9.396343929732484e-7,
			6.619772774907981e-7,
			4.7109197654373775e-7,
			3.3313652666956385e-7,
			2.382949831619794e-7,
			1.6899345724539913e-7,
			1.2147916361291247e-7,
			8.631857196337561e-8,
			6.23558863236983e-8,
			4.43514068042245e-8,
			3.220454155855481e-8,
			2.2902567506965194e-8,
			1.672254974363466e-8,
			1.1873348206586593e-8,
			8.720782621095568e-9,
			6.168351346042969e-9,
			4.554899516385964e-9,
			3.1955108319785234e-9,
			2.361401329377971e-9,
			1.6237616262464362e-9,
			1.175919872369226e-9,
			7.583442109565192e-10,
			4.863027050766686e-10,
			2.2100071255597126e-10
		],
		[
			1.3259325519239267,
			-0.6252878329315469,
			-0.22301385243240165,
			-1.2971387822708683e-2,
			2.7409154085269536e-2,
			1.4816825436938562e-2,
			7.213487636360961e-3,
			4.261956050623828e-3,
			2.478299032524348e-3,
			1.5191174926628714e-3,
			9.374117248702153e-4,
			5.961666911983277e-4,
			3.8190442035627965e-4,
			2.4967816504527094e-4,
			1.6413844311732382e-4,
			1.095393109087481e-4,
			7.338230606213081e-5,
			4.9747746168313176e-5,
			3.3805827649429425e-5,
			2.3202208543431922e-5,
			1.594301779409492e-5,
			1.1051563241367972e-5,
			7.6612460583434e-6,
			5.35445741410649e-6,
			3.7383953696470147e-6,
			2.6309516591427547e-6,
			1.8475644258854693e-6,
			1.308081675373954e-6,
			9.229302593979861e-7,
			6.569344272009435e-7,
			4.65266106752793e-7,
			3.3279559673168816e-7,
			2.3639433588407144e-7,
			1.6987398520531287e-7,
			1.209233938210688e-7,
			8.729450281149316e-8,
			6.221835247664214e-8,
			4.512685050911511e-8,
			3.217225249824043e-8,
			2.3450483491879454e-8,
			1.6701370471790728e-8,
			1.2236450441140705e-8,
			8.688325481722888e-9,
			6.393594520917208e-9,
			4.507153200770153e-9,
			3.315278412363347e-9,
			2.293296735518127e-9,
			1.6509815649677491e-9,
			1.0722419080073521e-9,
			6.827334150097669e-10,
			3.1268918064841344e-10
		],
		[
			1.2215286968992665,
			-0.6393082578412235,
			-0.23628982750390945,
			-6.856900998077427e-3,
			3.43928215524517e-2,
			1.8301715719802953e-2,
			9.016536946426216e-3,
			5.352646022010076e-3,
			3.1336979513821926e-3,
			1.9281692289029775e-3,
			1.1949824697235587e-3,
			7.6204014817272e-4,
			4.896460514154116e-4,
			3.2075730255776364e-4,
			2.113475351307829e-4,
			1.41259430355193e-4,
			9.480316058777461e-5,
			6.434556940431506e-5,
			4.379074738390964e-5,
			3.0083228372003145e-5,
			2.0697392052612402e-5,
			1.43577722566679e-5,
			9.96429143855912e-6,
			6.968016158515056e-6,
			4.869876457320601e-6,
			3.4286959764750175e-6,
			2.4100594116080615e-6,
			1.7068155793774652e-6,
			1.2053734072264734e-6,
			8.580994269177745e-7,
			6.083071517615224e-7,
			4.3510680745083815e-7,
			3.093740934197203e-7,
			2.222767349221727e-7,
			1.5839805875653853e-7,
			1.1430188884058358e-7,
			8.156950178051612e-8,
			5.912259113437752e-8,
			4.2213083634277156e-8,
			3.07379160403554e-8,
			2.1931554652964167e-8,
			1.604474797902885e-8,
			1.1418455292400154e-8,
			8.38544312200714e-9,
			5.928295546185924e-9,
			4.348647848136127e-9,
			3.0187832070695173e-9,
			2.1656521010045092e-9,
			1.412391632842913e-9,
			8.955465508597933e-10,
			4.1204874779095043e-10
		],
		[
			1.1034619936702843,
			-0.6478142675199441,
			-0.24748954547072893,
			-4.918393095449511e-4,
			4.118137479590432e-2,
			2.1630627959427298e-2,
			1.0741807069369877e-2,
			6.405610783173984e-3,
			3.7699922695358565e-3,
			2.3270606810163585e-3,
			1.4469293105511065e-3,
			9.246750709585833e-4,
			5.954687055230309e-4,
			3.9066650055997505e-4,
			2.5782924769056657e-4,
			1.7251786236502963e-4,
			1.1592699879784548e-4,
			7.874931421371057e-5,
			5.364766641113196e-5,
			3.687878918387456e-5,
			2.5394345778644213e-5,
			1.7625010401628775e-5,
			1.2240776839417375e-5,
			8.563315762149102e-6,
			5.988774390710942e-6,
			4.2177000925386666e-6,
			2.966477935108372e-6,
			2.1012928321925856e-6,
			1.484836301133318e-6,
			1.0571617106985951e-6,
			7.498676729926027e-7,
			5.363669285276496e-7,
			3.816104490445331e-7,
			2.7414876927195463e-7,
			1.95496063211425e-7,
			1.4103898490932586e-7,
			1.007283438467178e-7,
			7.29796358443208e-8,
			5.215509535143516e-8,
			3.7953730415565875e-8,
			2.7110696715893162e-8,
			1.9815871161819522e-8,
			1.4122135001709012e-8,
			1.0357957570082105e-8,
			7.335764243331399e-9,
			5.372029515126946e-9,
			3.737322694238821e-9,
			2.6753627439785588e-9,
			1.7493000642792152e-9,
			1.106315720406419e-9,
			5.104618820504426e-10
		],
		[
			0.9888367207102609,
			-0.6515833443819533,
			-0.2559484625884936,
			5.380376577966224e-3,
			4.708790938982603e-2,
			2.4473147393087664e-2,
			1.2215450129404656e-2,
			7.31291028418665e-3,
			4.3213020354055465e-3,
			2.6742340584215898e-3,
			1.6668914582487683e-3,
			1.0670068790544752e-3,
			6.882442785534201e-4,
			4.52042774035461e-4,
			2.9868148050895724e-4,
			2.0001480397234403e-4,
			1.3452187790880522e-4,
			9.14360902745474e-5,
			6.233374909144186e-5,
			4.286960734730954e-5,
			2.9536478027008985e-5,
			2.0507165333930315e-5,
			1.4249448469041807e-5,
			9.971250135850716e-6,
			6.976443333860404e-6,
			4.914284325274307e-6,
			3.457790474819326e-6,
			2.449658691380535e-6,
			1.731659501582344e-6,
			1.232993110739862e-6,
			8.749187981468788e-7,
			6.258252609426567e-7,
			4.4543215870022666e-7,
			3.199815505263018e-7,
			2.2827671992991527e-7,
			1.646658811461839e-7,
			1.176592782854729e-7,
			8.522591493316114e-8,
			6.094173666575735e-8,
			4.4331264378370895e-8,
			3.1688287351415296e-8,
			2.3149116344955542e-8,
			1.6511926625559605e-8,
			1.2101528973895932e-8,
			8.579884319355061e-9,
			6.2766728688184455e-9,
			4.372497573163263e-9,
			3.1259504897428046e-9,
			2.0471263916048176e-9,
			1.2926346422986407e-9,
			5.974601731107301e-10
		],
		[
			0.8973826244004547,
			-0.6523531949015458,
			-0.2614479128505239,
			9.929901695616703e-3,
			5.145702734793132e-2,
			2.6539143614647005e-2,
			1.3285662431814666e-2,
			7.97683238558604e-3,
			4.726671690875364e-3,
			2.930533834319058e-3,
			1.8297282256541903e-3,
			1.17260442867433e-3,
			7.571847101206377e-4,
			4.977088984242019e-4,
			3.2910636446895997e-4,
			2.205096467809605e-4,
			1.4839022945768203e-4,
			1.0090311535411918e-4,
			6.88181569518044e-5,
			4.7343579134314924e-5,
			3.263076680607805e-5,
			2.266079217236262e-5,
			1.5750709767606992e-5,
			1.1023736584376264e-5,
			7.7148837042238e-6,
			5.435172156904458e-6,
			3.825226026559998e-6,
			2.7102207768047845e-6,
			1.916289290516878e-6,
			1.3645320637638481e-6,
			9.684757693148964e-7,
			6.927588666833942e-7,
			4.931867275137285e-7,
			3.542782563872261e-7,
			2.5280746746559e-7,
			1.8234766157380873e-7,
			1.303303058525327e-7,
			9.43914734609935e-8,
			6.751807499804325e-8,
			4.910476883282989e-8,
			3.511456934809866e-8,
			2.564414681041246e-8,
			1.8300743759194172e-8,
			1.3406709081678026e-8,
			9.511175344044469e-9,
			6.953886359985582e-9,
			4.847970574004153e-9,
			3.463270072139879e-9,
			2.270071346585797e-9,
			1.4321262792218415e-9,
			6.625873782101983e-10
		],
		[
			0.8465328319563152,
			-0.6520902751603227,
			-0.2641075165516959,
			1.2422711769313682e-2,
			5.377987514073556e-2,
			2.7623540355881295e-2,
			1.3846756302328806e-2,
			8.326732707567532e-3,
			4.941022494164354e-3,
			3.0664451733872344e-3,
			1.9162470360460403e-3,
			1.228798076717599e-3,
			7.939126947125393e-4,
			5.220596765110211e-4,
			3.453411412436683e-4,
			2.314519899090525e-4,
			1.5579793267786305e-4,
			1.059617975533303e-4,
			7.228412778213217e-5,
			4.973558827417511e-5,
			3.4285478326231476e-5,
			2.381269303214906e-5,
			1.65538055391689e-5,
			1.1586841999500873e-5,
			8.110011547861966e-6,
			5.7139217048277126e-6,
			4.021873236248039e-6,
			2.8496826676814007e-6,
			2.0151158408805524e-6,
			1.4349457160409304e-6,
			1.0185597937328436e-6,
			7.285926690989316e-7,
			5.187536569739799e-7,
			3.7264102891416333e-7,
			2.659417649474544e-7,
			1.918153101408992e-7,
			1.3711505286293326e-7,
			9.929942300667801e-8,
			7.103957071181156e-8,
			5.1660994166631584e-8,
			3.6949347834104283e-8,
			2.6980301406963634e-8,
			1.925868462852402e-8,
			1.4105692624837208e-8,
			1.0009905897631785e-8,
			7.3165766637016705e-9,
			5.102604635117321e-9,
			3.6439284917364522e-9,
			2.3894720858815244e-9,
			1.5068325748377508e-9,
			6.974675216460636e-10
		]
	],
	[
		[
			0.5014683333711044,
			-0.14176212046394626,
			-6.517022662545673e-2,
			-1.7289887779816673e-2,
			-1.7905018343580706e-3,
			6.091156023993972e-4,
			2.9873613577075946e-4,
			1.221971547628848e-4,
			5.9325055798331144e-5,
			2.7121179107830194e-5,
			1.2465863502882118e-5,
			5.285776949975787e-6,
			1.9795012281684393e-6,
			4.4092389780926423e-7,
			-1.9786999124814323e-7,
			-4.303500385134907e-7,
			-4.671247957224135e-7,
			-4.27277365136317e-7,
			-3.5914555026453627e-7,
			-2.8940086416837913e-7,
			-2.2641018594154254e-7,
			-1.7419119928827216e-7,
			-1.321762418796603e-7,
			-9.950584493415941e-8,
			-7.435327820539857e-8,
			-5.533690506038889e-8,
			-4.10027149999821e-8,
			-3.0320511284715895e-8,
			-2.2358840820196793e-8,
			-1.6472967431301137e-8,
			-1.2113828259668781e-8,
			-8.90622149667963e-9,
			-6.539164981831423e-9,
			-4.802241273483592e-9,
			-3.5229835878623852e-9,
			-2.5858486735306263e-9,
			-1.8962679269955462e-9,
			-1.3916102279235716e-9,
			-1.0203229318084696e-9,
			-7.487444596793942e-10,
			-5.488342476567918e-10,
			-4.026053847604047e-10,
			-2.9479706584342247e-10,
			-2.1583284832574048e-10,
			-1.573784468757738e-10,
			-1.1432644264837231e-10,
			-8.208643895332223e-11,
			-5.787927354170596e-11,
			-3.9120198638232554e-11,
			-2.419158487366713e-11,
			-1.1531967918713943e-11
		],
		[
			0.5093035124775515,
			-0.1460653670970401,
			-6.713961972724788e-2,
			-1.7589762932164854e-2,
			-1.567804233528786e-3,
			8.011233486449816e-4,
			4.0029663031774176e-4,
			1.7815797451959696e-4,
			9.229309481572318e-5,
			4.7001830244791976e-5,
			2.4783860866368286e-5,
			1.306201588811268e-5,
			6.9749310759881004e-6,
			3.6932967624867354e-6,
			1.9455577580597107e-6,
			9.961907032596687e-7,
			4.908111846249673e-7,
			2.2078374418242048e-7,
			8.22775258207844e-8,
			1.3016549977307386e-8,
			-1.8110446234179614e-8,
			-3.0054188575731774e-8,
			-3.200490229047487e-8,
			-2.9627283550240413e-8,
			-2.5432303848938996e-8,
			-2.098126264448185e-8,
			-1.680345379833212e-8,
			-1.323054604327293e-8,
			-1.0258745882197427e-8,
			-7.886783328810835e-9,
			-6.007654953031491e-9,
			-4.555474241838378e-9,
			-3.433204154519396e-9,
			-2.581287755438624e-9,
			-1.9321578073877686e-9,
			-1.444757528209778e-9,
			-1.0765280257643616e-9,
			-8.020157196316616e-10,
			-5.956928817321302e-10,
			-4.4263053353307336e-10,
			-3.279215477589842e-10,
			-2.430954691358536e-10,
			-1.7957166962551445e-10,
			-1.3264978059334806e-10,
			-9.741912233334552e-11,
			-7.129756643463624e-11,
			-5.1473873910522514e-11,
			-3.65058582491791e-11,
			-2.4763678580497434e-11,
			-1.5371248255717045e-11,
			-7.336629873883386e-12
		],
		[
			0.5234979720003834,
			-0.15462907758366828,
			-7.105867157335023e-2,
			-1.814531427714263e-2,
			-1.073096179773883e-3,
			1.2153675803599877e-3,
			6.195482000514767e-4,
			2.9933133381722946e-4,
			1.6382010567768854e-4,
			9.020938346855661e-5,
			5.159084520353357e-5,
			3.0004501633905034e-5,
			1.7869028232304716e-5,
			1.0792009678427115e-5,
			6.627177426416486e-6,
			4.113978877832311e-6,
			2.5855956733825613e-6,
			1.6386544264878306e-6,
			1.0484822693499529e-6,
			6.752303205916648e-7,
			4.3817803796039994e-7,
			2.8579064115677073e-7,
			1.875663627595997e-7,
			1.235875511319518e-7,
			8.185935227488468e-8,
			5.4384857469299184e-8,
			3.629459249265614e-8,
			2.42763270335795e-8,
			1.6302245083277918e-8,
			1.0964359535760658e-8,
			7.400905122949901e-9,
			4.999938692920863e-9,
			3.3893715426872952e-9,
			2.298006005529114e-9,
			1.563270975631544e-9,
			1.0628328010714994e-9,
			7.251001933959586e-10,
			4.939594463307656e-10,
			3.3777694584701933e-10,
			2.3037943557204309e-10,
			1.5781767232916746e-10,
			1.0766745447269016e-10,
			7.383255172821021e-11,
			5.0307628977652074e-11,
			3.4468445526985594e-11,
			2.3358650525811334e-11,
			1.5870276226079664e-11,
			1.0515731259620006e-11,
			6.824301472502781e-12,
			4.035157420619296e-12,
			1.892884337835057e-12
		],
		[
			0.540994740182986,
			-0.16730547466338258,
			-7.685964026057411e-2,
			-1.8864412203972638e-2,
			-2.1169745178337086e-4,
			1.9089568981413923e-3,
			9.86958742724077e-4,
			5.032834628467884e-4,
			2.845682605004842e-4,
			1.6333548676831386e-4,
			9.704793992199143e-5,
			5.878149754024769e-5,
			3.6397619218538746e-5,
			2.2879541480875003e-5,
			1.4606832041611876e-5,
			9.432807752238584e-6,
			6.161950402333256e-6,
			4.061004612034803e-6,
			2.7001938485280036e-6,
			1.8079042586545221e-6,
			1.2190194844097442e-6,
			8.265411997316113e-7,
			5.636457937052697e-7,
			3.861141374884994e-7,
			2.6576365431445827e-7,
			1.8360974774794052e-7,
			1.2736568443707257e-7,
			8.862472468749857e-8,
			6.188345995987416e-8,
			4.332288446612049e-8,
			3.0422419840384126e-8,
			2.1409542749761812e-8,
			1.5108253044052003e-8,
			1.0680654033314819e-8,
			7.569528772851512e-9,
			5.372438494077869e-9,
			3.821931809160046e-9,
			2.72197830832833e-9,
			1.9428231605200143e-9,
			1.3877493696673787e-9,
			9.932472077926936e-10,
			7.110311800124649e-10,
			5.097760318448382e-10,
			3.6509348322333324e-10,
			2.614135035889789e-10,
			1.862521406167231e-10,
			1.3177272807776751e-10,
			9.145218542145328e-11,
			6.119878052036816e-11,
			3.744151707084228e-11,
			1.7784218270147046e-11
		],
		[
			0.5571153855304632,
			-0.18373181305690983,
			-8.437633647989726e-2,
			-1.9604422355165168e-2,
			1.1440433386924595e-3,
			2.956468567023021e-3,
			1.54227393893862e-3,
			8.131670788490702e-4,
			4.6871459602833965e-4,
			2.75196753241905e-4,
			1.667440212424389e-4,
			1.0298759802520987e-4,
			6.490440879761411e-5,
			4.150113165766015e-5,
			2.69136304590835e-5,
			1.7643881833760344e-5,
			1.1687684247836917e-5,
			7.806532479960088e-6,
			5.255824134079369e-6,
			3.561500919643964e-6,
			2.42856070093216e-6,
			1.6645887696727988e-6,
			1.1467473484998784e-6,
			7.933225852602688e-7,
			5.511268504702659e-7,
			3.84197462414943e-7,
			2.687748958320327e-7,
			1.8857085771522357e-7,
			1.3269995492209212e-7,
			9.360941048561167e-8,
			6.620749735816667e-8,
			4.6922862546463887e-8,
			3.333241800765384e-8,
			2.371929638321583e-8,
			1.6913624098230276e-8,
			1.2078250652359768e-8,
			8.641463110440927e-9,
			6.189977747148622e-9,
			4.441514989128592e-9,
			3.1897882505284223e-9,
			2.2941982801522806e-9,
			1.6507334094411204e-9,
			1.1888155492702795e-9,
			8.554741544782493e-10,
			6.14988806611842e-10,
			4.400680201507584e-10,
			3.123837757096022e-10,
			2.1758604857955923e-10,
			1.4594100356306725e-10,
			8.951051800636726e-11,
			4.254958218552267e-11
		],
		[
			0.565884215324639,
			-0.2032062954586954,
			-9.328599043831122e-2,
			-2.0179379902855767e-2,
			3.1271380452755934e-3,
			4.430569541756444e-3,
			2.324064539793981e-3,
			1.2519359059890171e-3,
			7.305737727516221e-4,
			4.3480482615683896e-4,
			2.6644060832026846e-4,
			1.6635127641553675e-4,
			1.0583150639640805e-4,
			6.827253529299397e-5,
			4.462658885701403e-5,
			2.947351624338128e-5,
			1.9655245453451368e-5,
			1.3211217858274894e-5,
			8.945913059215236e-6,
			6.0950046648241614e-6,
			4.176945833403499e-6,
			2.8765528878740677e-6,
			1.990371538140856e-6,
			1.3826964939700046e-6,
			9.642936199212174e-7,
			6.747163615246382e-7,
			4.736445963259523e-7,
			3.334106976082394e-7,
			2.3535212374395213e-7,
			1.6652007269158483e-7,
			1.1810402865490321e-7,
			8.393089177364625e-8,
			5.977243368343054e-8,
			4.2639608995059265e-8,
			3.047514278730743e-8,
			2.1812345774901224e-8,
			1.5638524072664087e-8,
			1.1225630014868489e-8,
			8.070197268620284e-9,
			5.80712740965945e-9,
			4.183972794586366e-9,
			3.015924307677785e-9,
			2.1754205838680715e-9,
			1.5680537538355272e-9,
			1.1288222089093669e-9,
			8.089605129559546e-10,
			5.749021182857638e-10,
			4.0093854842913533e-10,
			2.6913062165555795e-10,
			1.6520733433239239e-10,
			7.855359751835042e-11
		],
		[
			0.5610289929227522,
			-0.22460570425309606,
			-0.10306834866568679,
			-2.0386086722612745e-2,
			5.829050814620169e-3,
			6.370888333707811e-3,
			3.3529093535640047e-3,
			1.8328210083943949e-3,
			1.0789266102470148e-3,
			6.479113243660394e-4,
			3.999150642016289e-4,
			2.513636496556964e-4,
			1.6083325198261854e-4,
			1.0429980220061582e-4,
			6.849034345865425e-5,
			4.542618867483158e-5,
			3.0408461157161765e-5,
			2.0510652768243327e-5,
			1.3932697264787027e-5,
			9.520636929970973e-6,
			6.542123082082012e-6,
			4.516778123533088e-6,
			3.132538794616138e-6,
			2.1809192923043638e-6,
			1.5240460742544578e-6,
			1.0684222459893012e-6,
			7.51353857000706e-7,
			5.297955622616954e-7,
			3.745671103392344e-7,
			2.65421144518334e-7,
			1.8851373851260961e-7,
			1.3415013528350834e-7,
			9.565711842346556e-8,
			6.832262429124371e-8,
			4.8886688806026e-8,
			3.5029557242900116e-8,
			2.51405588351707e-8,
			1.8064936889520854e-8,
			1.299916413399771e-8,
			9.362759110493106e-9,
			6.751478656098247e-9,
			4.870908424969191e-9,
			3.5161189248848946e-9,
			2.5364648491587714e-9,
			1.8271915429492546e-9,
			1.3103767167204638e-9,
			9.31751516355993e-10,
			6.501898042297105e-10,
			4.3660423315932246e-10,
			2.6811965488229893e-10,
			1.2750469913279682e-10
		],
		[
			0.5377661831740617,
			-0.2464129500554428,
			-0.11301462236439412,
			-2.0053602371021818e-2,
			9.23876784166282e-3,
			8.74587904544567e-3,
			4.61084565685168e-3,
			2.5473818730085704e-3,
			1.5097326307115875e-3,
			9.124982003492275e-4,
			5.661143356381262e-4,
			3.5745476076654665e-4,
			2.2959083096972397e-4,
			1.4939978540890454e-4,
			9.839715242442337e-5,
			6.543727352537924e-5,
			4.390787939820012e-5,
			2.9680399442349904e-5,
			2.0200833953089223e-5,
			1.3828656046906386e-5,
			9.517841066136408e-6,
			6.581217028743617e-6,
			4.570605971500683e-6,
			3.1862524748605284e-6,
			2.229232561219299e-6,
			1.5645477235023691e-6,
			1.1013882602301506e-6,
			7.773789277766917e-7,
			5.501102828493345e-7,
			3.901531154118564e-7,
			2.7732768948834154e-7,
			1.9750594640702986e-7,
			1.409351187420249e-7,
			1.0073290969550617e-7,
			7.212372796271427e-8,
			5.1712852581797153e-8,
			3.7135704408067507e-8,
			2.6699627629715482e-8,
			1.9222622811592716e-8,
			1.3852626776603857e-8,
			9.993863616838254e-9,
			7.213679693889874e-9,
			5.209489770391482e-9,
			3.759711940469234e-9,
			2.709389152575609e-9,
			1.943822057563526e-9,
			1.3825848483513286e-9,
			9.651026979218923e-10,
			6.482045385197155e-10,
			3.9815102576546077e-10,
			1.8935701937550448e-10
		],
		[
			0.4950315082842376,
			-0.26690347198964226,
			-0.12231362035172476,
			-1.910992470155636e-2,
			1.31867112764751e-2,
			1.1421386181289595e-2,
			6.024736810716016e-3,
			3.355370705216144e-3,
			1.9996697466264472e-3,
			1.2146643306438797e-3,
			7.565067783513299e-4,
			4.7927313286794874e-4,
			3.0868264607450565e-4,
			2.0135170832796267e-4,
			1.3288665920936228e-4,
			8.853617383263854e-5,
			5.950232157874071e-5,
			4.028012559070053e-5,
			2.7450458626847498e-5,
			1.8813620073790665e-5,
			1.2962574043077582e-5,
			8.97190971511075e-6,
			6.236470120121903e-6,
			4.351167687693185e-6,
			3.0465643004908796e-6,
			2.139703474941828e-6,
			1.5072647880855134e-6,
			1.0645140228237277e-6,
			7.53731224804414e-7,
			5.348583716665208e-7,
			3.8037803337175125e-7,
			2.710270878520589e-7,
			1.9348423458725243e-7,
			1.3835217240264072e-7,
			9.90982100203182e-8,
			7.108139106618059e-8,
			5.1062764235897196e-8,
			3.672586719923506e-8,
			2.6449602230638192e-8,
			1.9066871000362292e-8,
			1.375961802884151e-8,
			9.934792598608864e-9,
			7.1764460425425755e-9,
			5.180673442527288e-9,
			3.734228442804224e-9,
			2.6797257229109443e-9,
			1.9063628448166047e-9,
			1.33098537692367e-9,
			8.940591328279135e-10,
			5.492379613478094e-10,
			2.6122428804759556e-10
		],
		[
			0.4372842212393579,
			-0.2844716596861742,
			-0.13021266723590827,
			-1.7645271556136325e-2,
			1.7321806105778274e-2,
			1.4154656639862897e-2,
			7.464028909422984e-3,
			4.1825460526107375e-3,
			2.504222815821735e-3,
			1.5271936982356096e-3,
			9.54063587175174e-4,
			6.059799858267181e-4,
			3.9109972482042086e-4,
			2.555656528544917e-4,
			1.689189544867744e-4,
			1.126906852965605e-4,
			7.582181845548518e-5,
			5.137972285021061e-5,
			3.504602459632652e-5,
			2.4038844881093926e-5,
			1.6574749018836196e-5,
			1.147966512821881e-5,
			7.984425006471289e-6,
			5.573809131943911e-6,
			3.904597163908844e-6,
			2.7436259080258843e-6,
			1.9335202718710507e-6,
			1.366116547597747e-6,
			9.67643846507565e-7,
			6.868983722265698e-7,
			4.886651697613327e-7,
			3.4829323933119814e-7,
			2.487158157868973e-7,
			1.7789559039912483e-7,
			1.274548719332409e-7,
			9.144405299425974e-8,
			6.57057505332508e-8,
			4.7268251348989645e-8,
			3.4049115599994765e-8,
			2.4550234876609534e-8,
			1.7719952551039054e-8,
			1.2796659409135241e-8,
			9.245246302729618e-9,
			6.675279041941618e-9,
			4.812229213152823e-9,
			3.453829987260504e-9,
			2.4573482080880073e-9,
			1.715884368415273e-9,
			1.1526997191724885e-9,
			7.081855076491379e-10,
			3.3683083902395964e-10
		],
		[
			0.374750462960561,
			-0.29797669879709693,
			-0.13619734354679375,
			-1.5938761033525806e-2,
			2.1145349406291238e-2,
			1.6626215382311474e-2,
			8.75953783991287e-3,
			4.930781266393765e-3,
			2.9632315428374796e-3,
			1.8127063787607182e-3,
			1.13511207606344e-3,
			7.223722453090894e-4,
			4.669436906321774e-4,
			3.0552539464317693e-4,
			2.0216042507705768e-4,
			1.349941443730173e-4,
			9.090162120964852e-5,
			6.164231445277764e-5,
			4.207235225478174e-5,
			2.8874534016018852e-5,
			1.9918856469410677e-5,
			1.3802043754671577e-5,
			9.603609551687633e-6,
			6.7066498315351015e-6,
			4.699775655064308e-6,
			3.3034125500161872e-6,
			2.3286893052296957e-6,
			1.6457647482135669e-6,
			1.1660114836551427e-6,
			8.279065044821307e-7,
			5.891058996459921e-7,
			4.1996777443453324e-7,
			2.9995493286797555e-7,
			2.14583571747041e-7,
			1.5376584376586833e-7,
			1.103390217451064e-7,
			7.929415068561422e-8,
			5.705195256853898e-8,
			4.110209981190911e-8,
			2.9639512866928268e-8,
			2.1395824755156632e-8,
			1.5453083985086555e-8,
			1.1165607306931667e-8,
			8.06269562334582e-9,
			5.812947701620259e-9,
			4.172464232509187e-9,
			2.96886443996485e-9,
			2.073221370451421e-9,
			1.3928217329484127e-9,
			8.557520477911854e-10,
			4.0702501343487726e-10
		],
		[
			0.32133746194692336,
			-0.306918050575867,
			-0.14008746084531076,
			-1.4413750850670003e-2,
			2.4104593440090413e-2,
			1.8504184396412868e-2,
			9.739141856097469e-3,
			5.498737855587414e-3,
			3.31334096318444e-3,
			2.031269895879794e-3,
			1.2740881964083699e-3,
			8.11900680175694e-4,
			5.253742548572029e-4,
			3.4406146320822893e-4,
			2.2782563890918548e-4,
			1.5222756552668582e-4,
			1.0256078646681097e-4,
			6.958109042217785e-5,
			4.7510016727168733e-5,
			3.261822921529549e-5,
			2.25086005377084e-5,
			1.5601018677776263e-5,
			1.0858160238215153e-5,
			7.584554993631139e-6,
			5.316114345109941e-6,
			3.7373672252103242e-6,
			2.6350718557493066e-6,
			1.8626080059860502e-6,
			1.3198452944974225e-6,
			9.372687483736471e-7,
			6.670119350008648e-7,
			4.75565945576676e-7,
			3.397041276544029e-7,
			2.430464495119816e-7,
			1.7417935235416308e-7,
			1.2499957958254355e-7,
			8.983788013723435e-8,
			6.464382146351742e-8,
			4.657524055535854e-8,
			3.3588962295645645e-8,
			2.424852609882259e-8,
			1.7514694933491536e-8,
			1.2656017318024788e-8,
			9.139512515535514e-9,
			6.589658063769253e-9,
			4.7302452554038514e-9,
			3.3658947081041723e-9,
			2.3505851140798283e-9,
			1.5792038700688933e-9,
			9.70299431216125e-10,
			4.6151188916239674e-10
		],
		[
			0.29048910312054865,
			-0.31130729547078617,
			-0.1419652527609978,
			-1.350968086277461e-2,
			2.5722533954950683e-2,
			1.9518268377115032e-2,
			1.0266106725715676e-2,
			5.805000837860414e-3,
			3.5027569452419013e-3,
			2.1498117003383465e-3,
			1.3496084861118402e-3,
			8.606205537742403e-4,
			5.572061115776128e-4,
			3.650730188111727e-4,
			2.418288362277608e-4,
			1.6163534385118484e-4,
			1.0892834265036828e-4,
			7.39183453968284e-5,
			5.048170915861292e-5,
			3.466467989529381e-5,
			2.3924559022312975e-5,
			1.6584799300617293e-5,
			1.1544327398282274e-5,
			8.064784492917687e-6,
			5.653302773288811e-6,
			3.974801423168839e-6,
			2.8027217354513657e-6,
			1.981272532678914e-6,
			1.4040349288942562e-6,
			9.971240669738725e-7,
			7.096533880807219e-7,
			5.059989220467047e-7,
			3.614628312786698e-7,
			2.586277021475975e-7,
			1.8535462831041818e-7,
			1.330257190534487e-7,
			9.561038658937686e-8,
			6.880036219276991e-8,
			4.957186183109657e-8,
			3.5751394403750384e-8,
			2.5810497816911626e-8,
			1.8643536124493487e-8,
			1.3472110555674849e-8,
			9.72914912957986e-9,
			7.014968643008028e-9,
			5.035680987665679e-9,
			3.583307118891134e-9,
			2.502469475649075e-9,
			1.681270864358829e-9,
			1.0330252141172436e-9,
			4.913507931816069e-10
		]
	],
	[
		[
			0.18313518123194217,
			-4.514744826549888e-2,
			-2.477990871220946e-2,
			-8.772151271754331e-3,
			-1.722166458035156e-3,
			1.5742749547439872e-5,
			1.3610100086870774e-4,
			6.198937656771087e-5,
			2.793554748597503e-5,
			1.3180677866235256e-5,
			6.0167344384107145e-6,
			2.6250384168291943e-6,
			1.0125460456249643e-6,
			2.722810934061396e-7,
			-4.880572676884262e-8,
			-1.6839233247016991e-7,
			-1.9545036059544137e-7,
			-1.826640452098741e-7,
			-1.557015704934699e-7,
			-1.2625470568472301e-7,
			-9.934070841695369e-8,
			-7.663192207321754e-8,
			-5.832412729902275e-8,
			-4.3965210079298024e-8,
			-3.29126613381437e-8,
			-2.4511491982096068e-8,
			-1.8184953537556713e-8,
			-1.3451800013755513e-8,
			-9.928770231907672e-9,
			-7.315986560571911e-9,
			-5.383970099269306e-9,
			-3.958304999133777e-9,
			-2.9081128540134393e-9,
			-2.135412652804143e-9,
			-1.5674635679832682e-9,
			-1.1502701193505056e-9,
			-8.439907892935731e-10,
			-6.191961042484862e-10,
			-4.5425026539822434e-10,
			-3.3321502283991185e-10,
			-2.443975109435584e-10,
			-1.791945845521084e-10,
			-1.3129921169915468e-10,
			-9.607190233982963e-11,
			-7.010628352353912e-11,
			-5.089117702958007e-11,
			-3.657171012106484e-11,
			-2.5764648788633942e-11,
			-1.7431013672224786e-11,
			-1.0768718127186036e-11,
			-5.138689871904004e-12
		],
		[
			0.18809059226564545,
			-4.718869211849731e-2,
			-2.5862048380079144e-2,
			-9.077820545122312e-3,
			-1.696111216958558e-3,
			9.167044117725172e-5,
			1.8547987091957865e-4,
			8.907489166877584e-5,
			4.353027100577524e-5,
			2.2529150808237792e-5,
			1.1756790570497976e-5,
			6.226441031355471e-6,
			3.311591333654007e-6,
			1.7618109708726055e-6,
			9.282534058842247e-7,
			4.793753512167362e-7,
			2.3794472915644193e-7,
			1.0962756960063239e-7,
			4.280665920695789e-8,
			9.397302415528662e-9,
			-6.132180607525319e-9,
			-1.227113763162448e-8,
			-1.3686157190666482e-8,
			-1.288207960401783e-8,
			-1.1189667185748599e-8,
			-9.279612878763372e-9,
			-7.472173579772213e-9,
			-5.89633436575165e-9,
			-4.586400243793769e-9,
			-3.5294834642076025e-9,
			-2.694309901002716e-9,
			-2.0438469429967196e-9,
			-1.5428345099310032e-9,
			-1.1600414082483397e-9,
			-8.694885236640793e-10,
			-6.500197866349364e-10,
			-4.849318770612973e-10,
			-3.6112924524405744e-10,
			-2.6853759956442974e-10,
			-1.9942034298402271e-10,
			-1.479140892012962e-10,
			-1.0956734811379373e-10,
			-8.103754241724677e-11,
			-5.980433468705575e-11,
			-4.39810765421257e-11,
			-3.214994161416338e-11,
			-2.324617581761501e-11,
			-1.6463249540865426e-11,
			-1.1186281816421682e-11,
			-6.932453181768598e-12,
			-3.314551094783546e-12
		],
		[
			0.19742376689655514,
			-5.13489163093579e-2,
			-2.8059127544382074e-2,
			-9.680361662933894e-3,
			-1.6194976522679165e-3,
			2.634381140522136e-4,
			2.9590624110421496e-4,
			1.4981489358893027e-4,
			7.861346135319881e-5,
			4.3611384223339464e-5,
			2.472880164871038e-5,
			1.4379757625453207e-5,
			8.524510988796432e-6,
			5.143755593662194e-6,
			3.1492838584146635e-6,
			1.9534229100926384e-6,
			1.2251052241851527e-6,
			7.759600040639609e-7,
			4.95693618195698e-7,
			3.1909949479283767e-7,
			2.0680664946822595e-7,
			1.348513248349194e-7,
			8.840798167996993e-8,
			5.82461713773484e-8,
			3.854309042461859e-8,
			2.5607716962711898e-8,
			1.7074651723560015e-8,
			1.1422629365796446e-8,
			7.664048533606147e-9,
			5.15620760739604e-9,
			3.477365358624714e-9,
			2.350386880765533e-9,
			1.5917724230211029e-9,
			1.0799690025706842e-9,
			7.338778446597467e-10,
			4.994210581580491e-10,
			3.402805273394651e-10,
			2.3210990373731914e-10,
			1.5846398158800235e-10,
			1.082708832719933e-10,
			7.401474803418277e-11,
			5.061663751536409e-11,
			3.461470162789774e-11,
			2.3662966194336413e-11,
			1.6153306905582878e-11,
			1.0995096581566845e-11,
			7.434056366138398e-12,
			4.954117726074356e-12,
			3.195246150999864e-12,
			1.9024947739203405e-12,
			8.86014029029079e-13
		],
		[
			0.20978942461350153,
			-5.774628181070416e-2,
			-3.141598654801597e-2,
			-1.0554137951763014e-2,
			-1.440967059063633e-3,
			5.715033672193295e-4,
			4.909701605404307e-4,
			2.575247198193634e-4,
			1.411062391595993e-4,
			8.129288420904881e-5,
			4.79818440507256e-5,
			2.9030390009969458e-5,
			1.79110531185826e-5,
			1.1244315488667449e-5,
			7.162027015054237e-6,
			4.620292323267831e-6,
			3.0133078947815332e-6,
			1.9843389168418406e-6,
			1.3178208197924441e-6,
			8.818167875155804e-7,
			5.940316493462731e-7,
			4.025953749433554e-7,
			2.743372820949534e-7,
			1.8786616643767033e-7,
			1.292279550672603e-7,
			8.925853170308408e-8,
			6.188303191338701e-8,
			4.30525894727613e-8,
			3.004756511197174e-8,
			2.1033196115077704e-8,
			1.4763451856450285e-8,
			1.0389164549892857e-8,
			7.328277740628227e-9,
			5.180719395964422e-9,
			3.6700889424484574e-9,
			2.6050164536388555e-9,
			1.8523859249329777e-9,
			1.31945352247628e-9,
			9.41322888645505e-10,
			6.725299571054691e-10,
			4.810960099798111e-10,
			3.4450789824377607e-10,
			2.4684964666026016e-10,
			1.7686512330947147e-10,
			1.2655182403098922e-10,
			9.021611848093012e-11,
			6.377716097613346e-11,
			4.4293294250239905e-11,
			2.961434712652167e-11,
			1.8133259599755333e-11,
			8.604940629867316e-12
		],
		[
			0.22279244674978016,
			-6.646282940202622e-2,
			-3.5947986453605876e-2,
			-1.1642955146102849e-2,
			-1.080780718320991e-3,
			1.0757306080284752e-3,
			8.052847034193966e-4,
			4.31828806653327e-4,
			2.4275755445278844e-4,
			1.4282502725735326e-4,
			8.607573138908355e-5,
			5.309495782787229e-5,
			3.336348424593396e-5,
			2.130637048641477e-5,
			1.3791446510272582e-5,
			9.03257371085692e-6,
			5.97564089191699e-6,
			3.98842057515039e-6,
			2.6827071191650036e-6,
			1.816899122645418e-6,
			1.2380359056094514e-6,
			8.482301670318643e-7,
			5.840176107691487e-7,
			4.038991232008564e-7,
			2.8046001236654006e-7,
			1.9546599874362516e-7,
			1.3668888909743648e-7,
			9.588313530460226e-8,
			6.745099068499314e-8,
			4.757530860442864e-8,
			3.3638323279355675e-8,
			2.3838279981244498e-8,
			1.6929023895136365e-8,
			1.2046127531203225e-8,
			8.587403464792064e-9,
			6.1323484068509515e-9,
			4.3862161560778e-9,
			3.142007549019784e-9,
			2.2538511062932765e-9,
			1.618791623623478e-9,
			1.1639312329851631e-9,
			8.375886223706084e-10,
			6.030066519642741e-10,
			4.340084343111207e-10,
			3.118849623007236e-10,
			2.2323427991753713e-10,
			1.5839642873471296e-10,
			1.1036581901647997e-10,
			7.399105164347255e-11,
			4.5399839048840644e-11,
			2.1570777265424305e-11
		],
		[
			0.23283254961185046,
			-7.743245889534381e-2,
			-4.158272994040002e-2,
			-1.284653620789055e-2,
			-4.3640749228119106e-4,
			1.8479452397769348e-3,
			1.2798054110928023e-3,
			6.961096162116877e-4,
			3.977163695147467e-4,
			2.3701134277813858e-4,
			1.4457812283478788e-4,
			9.014963717219425e-5,
			5.720926754829322e-5,
			3.68623475207031e-5,
			2.4056641112723878e-5,
			1.587395092979636e-5,
			1.0574288656206358e-5,
			7.102769600354693e-6,
			4.805730130063046e-6,
			3.2726015258593214e-6,
			2.241359330562902e-6,
			1.542983158760632e-6,
			1.0671188507609527e-6,
			7.411048532150716e-7,
			5.166434504677139e-7,
			3.6141462926112905e-7,
			2.536258601302287e-7,
			1.7850310661619604e-7,
			1.2596808236922718e-7,
			8.911536142353071e-8,
			6.318888772086139e-8,
			4.4901102748216494e-8,
			3.196947215942364e-8,
			2.280451897579743e-8,
			1.629515025201948e-8,
			1.1662764423060228e-8,
			8.359917023343148e-9,
			6.0009072553150065e-9,
			4.313167121935913e-9,
			3.1037581222457515e-9,
			2.2357171220553066e-9,
			1.611680332492358e-9,
			1.1622388520003553e-9,
			8.378417801594581e-10,
			6.029893237774584e-10,
			4.321966465270499e-10,
			3.0705699665907065e-10,
			2.141884612210447e-10,
			1.437284122056594e-10,
			8.825202279200902e-11,
			4.1948825234528575e-11
		],
		[
			0.23540474102586173,
			-9.031516083573927e-2,
			-4.809913677436027e-2,
			-1.4017231599393621e-2,
			5.970240090462044e-4,
			2.9531163336355653e-3,
			1.9504856004064867e-3,
			1.0711646489421878e-3,
			6.18843150829193e-4,
			3.71986062739347e-4,
			2.2869299928595556e-4,
			1.4356491851086776e-4,
			9.165559816360673e-5,
			5.937236735633578e-5,
			3.893222690040502e-5,
			2.5800207471032298e-5,
			1.725364854963695e-5,
			1.1630451845892893e-5,
			7.89474448642633e-6,
			5.3922057589562025e-6,
			3.7032242223136995e-6,
			2.555850913234155e-6,
			1.7718001328010587e-6,
			1.2332136389531997e-6,
			8.614769133999879e-7,
			6.038029692378334e-7,
			4.244913183171435e-7,
			2.9926770350142443e-7,
			2.1152964487584884e-7,
			1.498721288336896e-7,
			1.0642199109265817e-7,
			7.572462894152555e-8,
			5.3985276850706164e-8,
			3.8556050020977605e-8,
			2.7582672594752076e-8,
			1.9763406365695434e-8,
			1.4181515953934082e-8,
			1.0190065070614809e-8,
			7.331226686182207e-9,
			5.280435318030741e-9,
			3.807000447729551e-9,
			2.7467029525013124e-9,
			1.982340448654608e-9,
			1.4301316294061535e-9,
			1.02999898533987e-9,
			7.38751216246199e-10,
			5.251694921802253e-10,
			3.6652816130772746e-10,
			2.460629688839622e-10,
			1.5113785080482256e-10,
			7.185576476832468e-11
		],
		[
			0.22616101176771314,
			-0.1044057909813533,
			-5.5091488418450685e-2,
			-1.497877662898573e-2,
			2.0870381195061106e-3,
			4.417558027882805e-3,
			2.829526916487074e-3,
			1.5645616686667072e-3,
			9.113724288491791e-4,
			5.513267320811485e-4,
			3.40829025479822e-4,
			2.1495683982976818e-4,
			1.377879764048462e-4,
			8.95682617540559e-5,
			5.891387612158191e-5,
			3.9148726746250065e-5,
			2.6244485040872275e-5,
			1.773004610614407e-5,
			1.2059203163131193e-5,
			8.251567607111064e-6,
			5.676401833113835e-6,
			3.923674506409779e-6,
			2.723864903134633e-6,
			1.8983526259656418e-6,
			1.3277303919449513e-6,
			9.316503508965412e-7,
			6.556708573677555e-7,
			4.6270797627791374e-7,
			3.273575046308761e-7,
			2.3214097531128212e-7,
			1.6497592835032548e-7,
			1.174801772187069e-7,
			8.381523284404485e-8,
			5.990229456364964e-8,
			4.288202685861998e-8,
			3.074499194993045e-8,
			2.207474987226279e-8,
			1.5870778278727486e-8,
			1.1424433852639618e-8,
			8.232913253097502e-9,
			5.938575694922555e-9,
			4.286634477662534e-9,
			3.0951269317122176e-9,
			2.233887604580971e-9,
			1.609519366641652e-9,
			1.1548332203368957e-9,
			8.21232999904207e-10,
			5.733267383448856e-10,
			3.8498875397554107e-10,
			2.3651261668099304e-10,
			1.1245943334386236e-10
		],
		[
			0.20273256418740493,
			-0.11864278262175068,
			-6.199268320848794e-2,
			-1.5573464712278582e-2,
			4.011137506676165e-3,
			6.19125741654945e-3,
			3.883748865021842e-3,
			2.1581763155096856e-3,
			1.2652926075326044e-3,
			7.692811306516874e-4,
			4.7756986304408185e-4,
			3.0223689824321006e-4,
			1.9429950955607726e-4,
			1.266163384287642e-4,
			8.346131094277734e-5,
			5.556472997825899e-5,
			3.731123298685378e-5,
			2.5243653239132134e-5,
			1.719240089157187e-5,
			1.1778063941078336e-5,
			8.111156997630771e-6,
			5.612205375665431e-6,
			3.89961333629136e-6,
			2.720049567324819e-6,
			1.903909818525796e-6,
			1.3369076711854192e-6,
			9.415094877395247e-7,
			6.648391363926181e-7,
			4.706361307327485e-7,
			3.3392754257266945e-7,
			2.3743474602881867e-7,
			1.6916029619110803e-7,
			1.2074111389843146e-7,
			8.633027038665145e-8,
			6.182619187852953e-8,
			4.434451008301295e-8,
			3.185086058624599e-8,
			2.2907388003907984e-8,
			1.6495166831571247e-8,
			1.1890860167422278e-8,
			8.579723846957163e-9,
			6.194872112290552e-9,
			4.4741762315755825e-9,
			3.230040851345218e-9,
			2.327813712485417e-9,
			1.6705863919887998e-9,
			1.1882412066815406e-9,
			8.296944917599733e-10,
			5.572220940383075e-10,
			3.423603943914706e-10,
			1.6280025125514194e-10
		],
		[
			0.16671961791996825,
			-0.13176079115681957,
			-6.817521463682255e-2,
			-1.5728525572364826e-2,
			6.2122428561901585e-3,
			8.12194313134272e-3,
			5.020768701945864e-3,
			2.800030595276583e-3,
			1.6500535238973002e-3,
			1.0072970338536242e-3,
			6.274013506996362e-4,
			3.981164002501953e-4,
			2.565006283183825e-4,
			1.67457098537008e-4,
			1.1055502348900397e-4,
			7.370171893528285e-5,
			4.954833216617095e-5,
			3.355764913906599e-5,
			2.2875783273994225e-5,
			1.568452599096376e-5,
			1.0809439991739634e-5,
			7.484219736404321e-6,
			5.203568559940334e-6,
			3.631622346990518e-6,
			2.543283539387778e-6,
			1.7867219609804584e-6,
			1.2588447847238248e-6,
			8.89287732310305e-7,
			6.297629906421565e-7,
			4.469915112748515e-7,
			3.1793379705515397e-7,
			2.265829822112102e-7,
			1.6177538189446828e-7,
			1.1570212683095498e-7,
			8.288292073853207e-8,
			5.9462134428729905e-8,
			4.271931379228779e-8,
			3.073093522247087e-8,
			2.2133458938193982e-8,
			1.5958553936929018e-8,
			1.1516937822537578e-8,
			8.317163107739249e-9,
			6.008017613913208e-9,
			4.338074943383987e-9,
			3.1268286350661466e-9,
			2.2443258305725923e-9,
			1.5965311695225322e-9,
			1.1149095308463793e-9,
			7.488432683721035e-10,
			4.601259860598772e-10,
			2.1880969864155483e-10
		],
		[
			0.12469428424135544,
			-0.14255560724962665,
			-7.310288973754547e-2,
			-1.5510982592460965e-2,
			8.392206821086061e-3,
			9.961784445665462e-3,
			6.095065286582039e-3,
			3.4075335857873617e-3,
			2.0160234918970713e-3,
			1.234652646001154e-3,
			7.709806040165982e-4,
			4.902173136649152e-4,
			3.1636099836328556e-4,
			2.068176327759707e-4,
			1.3669667147036884e-4,
			9.1217580518549e-5,
			6.137533748515933e-5,
			4.159810728342396e-5,
			2.8375108275509346e-5,
			1.9466193463957934e-5,
			1.3422545203385567e-5,
			9.297754021104427e-6,
			6.467163819013018e-6,
			4.515210670426236e-6,
			3.1631723604412057e-6,
			2.2229180021845983e-6,
			1.5666294488864903e-6,
			1.1070173914386983e-6,
			7.84149505641388e-7,
			5.567022764854711e-7,
			3.9605512916104217e-7,
			2.823158800684313e-7,
			2.0160626763555002e-7,
			1.442153417568057e-7,
			1.0332588958404529e-7,
			7.414030761597767e-8,
			5.327262918270448e-8,
			3.832817142753154e-8,
			2.7609006925165567e-8,
			1.990907961366956e-8,
			1.4369706943142285e-8,
			1.0378550425661906e-8,
			7.4979139321599e-9,
			5.414412539776731e-9,
			3.9030173763422854e-9,
			2.8016984033688943e-9,
			1.9931877519661776e-9,
			1.3920066576807845e-9,
			9.350137143976477e-10,
			5.745419668346181e-10,
			2.732271916886454e-10
		],
		[
			8.708866720828948e-2,
			-0.15013558092477064,
			-7.645309518323959e-2,
			-1.5127515649216767e-2,
			1.0164944274053525e-2,
			1.1416043496797085e-2,
			6.9379973098747695e-3,
			3.884666087553156e-3,
			2.3046125680246617e-3,
			1.4145797027642897e-3,
			8.849174320774721e-4,
			5.634547273753705e-4,
			3.640363501892796e-4,
			2.3820453773161688e-4,
			1.5756281114509224e-4,
			1.0520958098643206e-4,
			7.082900017461895e-5,
			4.80284692800664e-5,
			3.277514386241558e-5,
			2.2493057514085335e-5,
			1.5514757241450613e-5,
			1.0750182182019472e-5,
			7.479398666948905e-6,
			5.223180347150346e-6,
			3.659946533344162e-6,
			2.5725396065056975e-6,
			1.8133623492456707e-6,
			1.2815813314791774e-6,
			9.079428890793323e-7,
			6.446821712536614e-7,
			4.5870867337000836e-7,
			3.2701774284626515e-7,
			2.3355610367490167e-7,
			1.6708852143391063e-7,
			1.1972625316594327e-7,
			8.591659106056284e-8,
			6.174002660916553e-8,
			4.442409115949106e-8,
			3.2002726982338636e-8,
			2.307922454237046e-8,
			1.6659041268467424e-8,
			1.2032865446961973e-8,
			8.693637838758638e-9,
			6.278261561503477e-9,
			4.525992938546521e-9,
			3.2490616138429433e-9,
			2.311563065823753e-9,
			1.6144226636366606e-9,
			1.0844473620431594e-9,
			6.663853466858622e-10,
			3.1690830692225586e-10
		],
		[
			6.479501538612933e-2,
			-0.15401374285951194,
			-7.812409530750389e-2,
			-1.4842712253019976e-2,
			1.116363882247042e-2,
			1.2220912105644853e-2,
			7.402135057043703e-3,
			4.147490381685767e-3,
			2.4640000882517124e-3,
			1.514194946988618e-3,
			9.481151414767354e-4,
			6.041352133180818e-4,
			3.9054687897131817e-4,
			2.5567238392997367e-4,
			1.691832443855497e-4,
			1.1300594762868675e-4,
			7.609889199333805e-5,
			5.1614327853366394e-5,
			3.5229538300590833e-5,
			2.4181908029517616e-5,
			1.668236740613373e-5,
			1.156089592897785e-5,
			8.044497076579868e-6,
			5.618472737171022e-6,
			3.937352861501609e-6,
			2.767794936902721e-6,
			1.9511701093721583e-6,
			1.3790889564409514e-6,
			9.770965213024334e-7,
			6.938330374009101e-7,
			4.937129095936621e-7,
			3.5199387903328115e-7,
			2.5140825941007055e-7,
			1.7986964493660656e-7,
			1.2889087632815625e-7,
			9.24975094114027e-8,
			6.647201585813549e-8,
			4.783089892267411e-8,
			3.445830733141931e-8,
			2.485101765165794e-8,
			1.793858563027251e-8,
			1.2957510055118772e-8,
			9.36197689850729e-9,
			6.7611127108178115e-9,
			4.874212200386919e-9,
			3.4991258198408745e-9,
			2.489529103019422e-9,
			1.7387503442083745e-9,
			1.167981731551892e-9,
			7.17724428500599e-10,
			3.4132697811952455e-10
		]
	],
	[
		[
			6.937896954051156e-2,
			-1.5256395512346825e-2,
			-9.30426237946691e-3,
			-3.966470621173348e-3,
			-1.091285634086581e-3,
			-1.2904244355689353e-4,
			3.901424634857206e-5,
			2.9733215595393587e-5,
			1.3629394021399954e-5,
			6.3137873520687845e-6,
			2.921757207558321e-6,
			1.2898971544437787e-6,
			5.155853519724548e-7,
			1.5563072233769647e-7,
			-2.7489347293561376e-9,
			-6.445073262257719e-8,
			-8.103551937538203e-8,
			-7.790392128941412e-8,
			-6.732747552638018e-8,
			-5.5043931967707515e-8,
			-4.353537684738205e-8,
			-3.3705353510938817e-8,
			-2.571851801296396e-8,
			-1.942437084055099e-8,
			-1.456224359262003e-8,
			-1.0857637489255566e-8,
			-8.062417055327494e-9,
			-5.968342896970063e-9,
			-4.407808689802876e-9,
			-3.249496985761199e-9,
			-2.392321672597354e-9,
			-1.7594528011820403e-9,
			-1.2930113069567102e-9,
			-9.496911357810473e-10,
			-6.97247308500959e-10,
			-5.117648320369084e-10,
			-3.755551995477271e-10,
			-2.755661190791915e-10,
			-2.0218160329483844e-10,
			-1.4832644562481302e-10,
			-1.0879961372193857e-10,
			-7.977978395015302e-11,
			-5.845980317478575e-11,
			-4.277807370316815e-11,
			-3.1217766049211585e-11,
			-2.2662637765857645e-11,
			-1.6286482137046406e-11,
			-1.1474226253234436e-11,
			-7.7630138496681e-12,
			-4.7960400799216744e-12,
			-2.2886221189555518e-12
		],
		[
			7.206078257461533e-2,
			-1.6168331490560017e-2,
			-9.84201774493302e-3,
			-4.167479467732327e-3,
			-1.1161679329069931e-3,
			-1.0523941583943358e-4,
			6.100661120998747e-5,
			4.2814260729679085e-5,
			2.10646951472857e-5,
			1.0714036724703791e-5,
			5.60395793592992e-6,
			2.9606801657446413e-6,
			1.5758023086610757e-6,
			8.388559935755955e-7,
			4.433343193532726e-7,
			2.3006475374242945e-7,
			1.1528901053733016e-7,
			5.406296806854432e-8,
			2.2030079086945822e-8,
			5.8534472217521144e-9,
			-1.7951665818348967e-9,
			-4.9489783499492466e-9,
			-5.815815158709025e-9,
			-5.5920656387077744e-9,
			-4.912525024297076e-9,
			-4.102616289175847e-9,
			-3.3188642427976726e-9,
			-2.6276716663120372e-9,
			-2.0488628889886126e-9,
			-1.5796813261065628e-9,
			-1.2076247760498689e-9,
			-9.17158328994856e-10,
			-6.929778344292902e-10,
			-5.214540579019029e-10,
			-3.9109472183105386e-10,
			-2.925402535954487e-10,
			-2.183409862224598e-10,
			-1.6266464305699627e-10,
			-1.2099803661736997e-10,
			-8.988248190395874e-11,
			-6.668397315815848e-11,
			-4.9407727636843155e-11,
			-3.654937960399975e-11,
			-2.6977765269541558e-11,
			-1.9842613595250625e-11,
			-1.4506914868719095e-11,
			-1.049030983947677e-11,
			-7.43015827241695e-12,
			-5.0488665195803616e-12,
			-3.129131315443676e-12,
			-1.4961286141760222e-12
		],
		[
			7.723700488664408e-2,
			-1.8067072817934203e-2,
			-1.0956689777883069e-2,
			-4.576164701015597e-3,
			-1.1569455682382383e-3,
			-4.7055452705681315e-5,
			1.1218291431357409e-4,
			7.31605542121565e-5,
			3.838042277976888e-5,
			2.0997755650178863e-5,
			1.1890932067314636e-5,
			6.88705643597689e-6,
			4.072969175259499e-6,
			2.4513017890118006e-6,
			1.4979891831649312e-6,
			9.274882523557248e-7,
			5.808637527256868e-7,
			3.674265913298268e-7,
			2.3446882954826851e-7,
			1.507895657790029e-7,
			9.764692653042018e-8,
			6.362415201224661e-8,
			4.1685593853663865e-8,
			2.7447721684555957e-8,
			1.8153991500700768e-8,
			1.205575538037473e-8,
			8.035400510280632e-9,
			5.373547094489775e-9,
			3.6043042058578604e-9,
			2.4241849195239193e-9,
			1.6344947405348453e-9,
			1.1045150109066077e-9,
			7.478874899554525e-10,
			5.073274185011615e-10,
			3.4470375655156174e-10,
			2.3454736791117317e-10,
			1.5979615316149184e-10,
			1.089888402839181e-10,
			7.440530109248607e-11,
			5.0834714705657e-11,
			3.4751307360070475e-11,
			2.3764945281276103e-11,
			1.625279214044783e-11,
			1.1110704744587756e-11,
			7.58537990045155e-12,
			5.1633366699868454e-12,
			3.491536920696703e-12,
			2.326903613963818e-12,
			1.500988909689026e-12,
			8.937310484545192e-13,
			4.1626722153665245e-13
		],
		[
			8.437830079930088e-2,
			-2.1087326406672886e-2,
			-1.2716441280295308e-2,
			-5.199983990054085e-3,
			-1.1923589189353771e-3,
			6.851519024772138e-5,
			2.079634557294852e-4,
			1.2974019752233365e-4,
			7.0833391788004e-5,
			4.036274309404022e-5,
			2.3775936607010474e-5,
			1.4334567181512918e-5,
			8.823369309145207e-6,
			5.526515462772934e-6,
			3.5139349012045777e-6,
			2.26327504311291e-6,
			1.4741950731120225e-6,
			9.69679205719619e-7,
			6.433583053473282e-7,
			4.301307671569722e-7,
			2.895430046913148e-7,
			1.9610243276267294e-7,
			1.335515246469585e-7,
			9.140783676544211e-8,
			6.284789990471923e-8,
			4.339090127671384e-8,
			3.0071620578468496e-8,
			2.0913749229960608e-8,
			1.459171217242949e-8,
			1.0211149208318524e-8,
			7.165448229588131e-9,
			5.0411304411902755e-9,
			3.5551056353951684e-9,
			2.512742210653769e-9,
			1.7797194075217993e-9,
			1.2630050021900968e-9,
			8.979546723561221e-10,
			6.39509136822562e-10,
			4.561723512547135e-10,
			3.258667126987087e-10,
			2.330804061466924e-10,
			1.6688536309952872e-10,
			1.195650678818691e-10,
			8.565752845586119e-11,
			6.128460144045541e-11,
			4.3684277328379476e-11,
			3.087975198258404e-11,
			2.144433242090571e-11,
			1.4336878498114537e-11,
			8.7782016473286e-12,
			4.165528327023616e-12
		],
		[
			9.23382733975636e-2,
			-2.538719018759542e-2,
			-1.5194986154988046e-2,
			-6.035300323441616e-3,
			-1.1835917174752334e-3,
			2.792764864858811e-4,
			3.731834988999823e-4,
			2.2699041742745905e-4,
			1.2692793298231314e-4,
			7.40060382609819e-5,
			4.4509460936978436e-5,
			2.7372273305882464e-5,
			1.716419781027041e-5,
			1.0939896685729596e-5,
			7.0706191605516215e-6,
			4.62463873180184e-6,
			3.0561828946339974e-6,
			2.037886127581111e-6,
			1.3696347986224119e-6,
			9.269443421297704e-7,
			6.312373354662149e-7,
			4.322518465766465e-7,
			2.974707044483233e-7,
			2.0563902893038787e-7,
			1.4273833762968627e-7,
			9.944704340705877e-8,
			6.952192337476167e-8,
			4.875384801591508e-8,
			3.428831711452741e-8,
			2.4178989993462995e-8,
			1.7092277663483307e-8,
			1.2110307214013304e-8,
			8.59874850924932e-9,
			6.117556399907012e-9,
			4.3604033140178975e-9,
			3.1133564287363204e-9,
			2.2265650128377676e-9,
			1.5947695568802806e-9,
			1.1438438252131533e-9,
			8.214564245326784e-10,
			5.905790082190252e-10,
			4.2495136032054595e-10,
			3.0590967408987616e-10,
			2.2015684530048615e-10,
			1.5819637824655542e-10,
			1.1322209734308236e-10,
			8.03322337843981e-11,
			5.5969803682788014e-11,
			3.752153595315772e-11,
			2.30218073295017e-11,
			1.093813654507001e-11
		],
		[
			9.907126134283989e-2,
			-3.1082220873181802e-2,
			-1.8431689034088664e-2,
			-7.0509466813528324e-3,
			-1.0704742180203026e-3,
			6.375652880747379e-4,
			6.41373300704235e-4,
			3.8439468895814686e-4,
			2.182224138739231e-4,
			1.2903883147546435e-4,
			7.856152445921503e-5,
			4.8856065560428717e-5,
			3.094635597151109e-5,
			1.990580480100505e-5,
			1.2973265857298867e-5,
			8.55043837431357e-6,
			5.690336795311599e-6,
			3.818999158732806e-6,
			2.58211249180361e-6,
			1.7572696880829743e-6,
			1.202888060556721e-6,
			8.276907264453523e-7,
			5.721894017425376e-7,
			3.9723209752395415e-7,
			2.768296737913051e-7,
			1.9359635147165636e-7,
			1.358216857322183e-7,
			9.556851609864215e-8,
			6.742704248046258e-8,
			4.769113437143449e-8,
			3.3810063082290065e-8,
			2.4020812411319457e-8,
			1.7100098108210837e-8,
			1.2196084592949469e-8,
			8.713649706466248e-9,
			6.2357453326761565e-9,
			4.4692942765773715e-9,
			3.207791610496821e-9,
			2.3053779831489693e-9,
			1.6587916632602434e-9,
			1.1947662344763083e-9,
			8.612080641488474e-10,
			6.209999097194893e-10,
			4.4763681650294984e-10,
			3.221402854437048e-10,
			2.3088152978519913e-10,
			1.640226164992972e-10,
			1.1440867228269405e-10,
			7.676964003906147e-11,
			4.7136524156926923e-11,
			2.2405052622555403e-11
		],
		[
			0.10158697658321478,
			-3.8150440778783566e-2,
			-2.237822821945806e-2,
			-8.172904489064969e-3,
			-7.75537123938655e-4,
			1.2023361426227713e-3,
			1.0489727387658556e-3,
			6.23108664168194e-4,
			3.5740840728707904e-4,
			2.1335556003469514e-4,
			1.309349486378924e-4,
			8.200126112859191e-5,
			5.226297012279863e-5,
			3.3802224963082463e-5,
			2.2138064559083e-5,
			1.4655126206094179e-5,
			9.791901528208575e-6,
			6.595537148439325e-6,
			4.474162378662213e-6,
			3.0541694651781573e-6,
			2.096498478996004e-6,
			1.446308231274645e-6,
			1.0022475997369569e-6,
			6.973484841570474e-7,
			4.869942315189868e-7,
			3.412368075415485e-7,
			2.3984066346903775e-7,
			1.6905030830194128e-7,
			1.1946463543927795e-7,
			8.462672796269607e-8,
			6.00820000491638e-8,
			4.27446176474319e-8,
			3.0468927341121376e-8,
			2.1757835103869744e-8,
			1.5563453839954207e-8,
			1.115015185710322e-8,
			8.000099195304857e-9,
			5.74785150126749e-9,
			4.134899212514771e-9,
			2.977962829082126e-9,
			2.1468277628106212e-9,
			1.5487875104146314e-9,
			1.1177059486278118e-9,
			8.062976543241008e-10,
			5.806704035088755e-10,
			4.164525426578464e-10,
			2.9603646093596974e-10,
			2.0660123734355238e-10,
			1.3869368187965642e-10,
			8.518651868464279e-11,
			4.049977183683077e-11
		],
		[
			9.648069342682589e-2,
			-4.633044566669809e-2,
			-2.6848012587689797e-2,
			-9.28113341591854e-3,
			-2.2338608282902167e-4,
			2.0188478557259227e-3,
			1.6216911688134554e-3,
			9.579964284294147e-4,
			5.53647941751524e-4,
			3.3280949790498557e-4,
			2.054121682571393e-4,
			1.292732118210999e-4,
			8.273567869756047e-5,
			5.370518438272779e-5,
			3.528484468781514e-5,
			2.3423831860895067e-5,
			1.569003316810836e-5,
			1.0592185008784335e-5,
			7.199995761170359e-6,
			4.924008710717165e-6,
			3.3857605279190484e-6,
			2.3393670411933575e-6,
			1.623437336190843e-6,
			1.1310629747036866e-6,
			7.908530651468126e-7,
			5.547867143011072e-7,
			3.903535599837447e-7,
			2.754144435293483e-7,
			1.9481332368447421e-7,
			1.3812460131484957e-7,
			9.814538745736621e-8,
			6.987933191380073e-8,
			4.984800052770037e-8,
			3.5621526352252476e-8,
			2.5497255094845715e-8,
			1.8278660121987685e-8,
			1.3122653189036027e-8,
			9.433700717656968e-9,
			6.790161036926151e-9,
			4.892851569438408e-9,
			3.529043981606964e-9,
			2.54717451814919e-9,
			1.839040089602873e-9,
			1.3272279441056253e-9,
			9.562137523782118e-10,
			6.860467013380726e-10,
			4.878430006094012e-10,
			3.405623718082526e-10,
			2.2867986524688138e-10,
			1.40482419678604e-10,
			6.679704306358507e-11
		],
		[
			8.125083817694975e-2,
			-5.5062058496339814e-2,
			-3.149854294102785e-2,
			-1.0230997223355966e-2,
			6.220315839896431e-4,
			3.086638025371373e-3,
			2.3539668537814716e-3,
			1.3856284609399772e-3,
			8.054111479750259e-4,
			4.867889781755084e-4,
			3.017688294800948e-4,
			1.906052392112369e-4,
			1.223590503888124e-4,
			7.96303619791764e-5,
			5.2434114907038576e-5,
			3.48757475708414e-5,
			2.3400709725337e-5,
			1.582151514478278e-5,
			1.0769199240002834e-5,
			7.3739600118168345e-6,
			5.075976571956825e-6,
			3.510756359726898e-6,
			2.43859651962621e-6,
			1.7004392415433682e-6,
			1.1899034492789198e-6,
			8.353308422699304e-7,
			5.881456124443834e-7,
			4.152290867363061e-7,
			2.938841469213196e-7,
			2.084821450277861e-7,
			1.482154404102611e-7,
			1.0558075700210098e-7,
			7.535015700005257e-8,
			5.386892172555258e-8,
			3.857433064445228e-8,
			2.7664270300468512e-8,
			1.9868166943087032e-8,
			1.428800437999048e-8,
			1.0287631405664027e-8,
			7.4154282900687105e-9,
			5.3501200955868965e-9,
			3.86270068803745e-9,
			2.789607522920633e-9,
			2.0137723631876236e-9,
			1.4511953021348389e-9,
			1.0414128821963974e-9,
			7.406932806068333e-10,
			5.171700995694936e-10,
			3.4731957315627905e-10,
			2.1338930765364938e-10,
			1.0147005759119871e-10
		],
		[
			5.611973449873966e-2,
			-6.352718102378298e-2,
			-3.5876323273861865e-2,
			-1.0902243939591138e-2,
			1.7126881955722576e-3,
			4.3273637885038446e-3,
			3.1895332656752375e-3,
			1.8729601471017586e-3,
			1.0935483429169936e-3,
			6.638206593135592e-4,
			4.129473290922209e-4,
			2.6156419564270445e-4,
			1.6829814836777748e-4,
			1.0973754375099875e-4,
			7.23761787626257e-5,
			4.8207093698824843e-5,
			3.2384929868895615e-5,
			2.19191963425932e-5,
			1.493379145003071e-5,
			1.023420081968662e-5,
			7.050217088431928e-6,
			4.879575607135602e-6,
			3.3915087827516875e-6,
			2.3662603658928945e-6,
			1.6566901405647285e-6,
			1.1635859201983562e-6,
			8.196330710184802e-7,
			5.788994143757547e-7,
			4.098828882888562e-7,
			2.908771637014357e-7,
			2.0686227627013796e-7,
			1.4740446379515064e-7,
			1.0523005646567935e-7,
			7.52516813737064e-8,
			5.3900371306509475e-8,
			3.8665331740680495e-8,
			2.7775617086970882e-8,
			1.9979081088874213e-8,
			1.438839918996674e-8,
			1.0373415776148055e-8,
			7.485713114733815e-9,
			5.4055579880171675e-9,
			3.9045264109334695e-9,
			2.8190782526987483e-9,
			2.0318417635345257e-9,
			1.4583057109379792e-9,
			1.0373377999449075e-9,
			7.243762726768369e-10,
			4.86520912881435e-10,
			2.9893435973461916e-10,
			1.4215410226603116e-10
		],
		[
			2.5376577188197417e-2,
			-7.080876560602306e-2,
			-3.952363248631061e-2,
			-1.1256658817829928e-2,
			2.889929113839547e-3,
			5.573760498412187e-3,
			4.016728517517999e-3,
			2.3547437040668607e-3,
			1.379448010956983e-3,
			8.402108761363359e-4,
			5.240902419576817e-4,
			3.3267927071616455e-4,
			2.1442740226403813e-4,
			1.4001501691177196e-4,
			9.245513832907124e-5,
			6.164302049469865e-5,
			4.144688378841309e-5,
			2.8073751876688822e-5,
			1.9139606562332758e-5,
			1.3124151650703683e-5,
			9.045798454508945e-6,
			6.263695327341e-6,
			4.355380798757727e-6,
			3.039929835515661e-6,
			2.129097964680437e-6,
			1.4958687632084815e-6,
			1.0540084364283593e-6,
			7.446419705766062e-7,
			5.27369831436611e-7,
			3.7434192428669534e-7,
			2.6627877043360793e-7,
			1.8978244641686642e-7,
			1.3550949560539104e-7,
			9.692270860432266e-8,
			6.943458479462996e-8,
			4.9816858586550354e-8,
			3.579191353972714e-8,
			2.5748965163891892e-8,
			1.854626435474235e-8,
			1.337280208028841e-8,
			9.651337180838215e-9,
			6.970210244631551e-9,
			5.035259441085356e-9,
			3.6358506301678094e-9,
			2.620783756339259e-9,
			1.8811752840377026e-9,
			1.3382475561394965e-9,
			9.34569485049352e-10,
			6.277322222414938e-10,
			3.857153425633121e-10,
			1.834268728532468e-10
		],
		[
			-3.030108390843601e-3,
			-7.610425744034595e-2,
			-4.2095424565056966e-2,
			-1.1364233692857946e-2,
			3.905207741807971e-3,
			6.5980985162390725e-3,
			4.688987839778831e-3,
			2.745739349420705e-3,
			1.6121256002356256e-3,
			9.842568326050452e-4,
			6.151044063402994e-4,
			3.910379786949743e-4,
			2.523435274876839e-4,
			1.649330962013949e-4,
			1.0899643310152831e-4,
			7.272060037004314e-5,
			4.892314668386114e-5,
			3.3154132391643236e-5,
			2.2612957744377556e-5,
			1.551173211130804e-5,
			1.069503157346454e-5,
			7.407921360298638e-6,
			5.1523969033580445e-6,
			3.5971038691641505e-6,
			2.519890477773881e-6,
			1.7707928719685825e-6,
			1.2479561321964007e-6,
			8.81814636091253e-7,
			6.246172589441161e-7,
			4.4343610702021155e-7,
			3.154703416175563e-7,
			2.2487098956729205e-7,
			1.6058275600181733e-7,
			1.1486910678585468e-7,
			8.229986421757578e-8,
			5.905307135800401e-8,
			4.243180399241476e-8,
			3.052843292594915e-8,
			2.1990609009684785e-8,
			1.5857597125254854e-8,
			1.1445500512630158e-8,
			8.266539012341534e-9,
			5.972121746207944e-9,
			4.312608520159967e-9,
			3.108785098902044e-9,
			2.2315784434806204e-9,
			1.587597739614403e-9,
			1.1087513566239138e-9,
			7.447519532586092e-10,
			4.576330407863251e-10,
			2.176302977018993e-10
		],
		[
			-2.0192162845725982e-2,
			-7.887620252955521e-2,
			-4.341036954738522e-2,
			-1.1362863096357053e-2,
			4.497246613371933e-3,
			7.1787895869828795e-3,
			5.067352615956342e-3,
			2.9655587812484185e-3,
			1.743169364412355e-3,
			1.0655680707859455e-3,
			6.665761158255563e-4,
			4.240891580706936e-4,
			2.738407847859553e-4,
			1.7907295712924477e-4,
			1.1838919952471163e-4,
			7.901427825057707e-5,
			5.317263119175983e-5,
			3.604286063415002e-5,
			2.4588525865144817e-5,
			1.687008861552585e-5,
			1.163353073293867e-5,
			8.059169529425703e-6,
			5.6061021376641145e-6,
			3.914323884011536e-6,
			2.74241171703848e-6,
			1.9273551952440113e-6,
			1.3584155848620538e-6,
			9.59945941650849e-7,
			6.8001230174545e-7,
			4.827971088135017e-7,
			3.4349525215057144e-7,
			2.4486247916461903e-7,
			1.7486888582356496e-7,
			1.2509504225176735e-7,
			8.96308958113136e-8,
			6.431637385772255e-8,
			4.621572706693476e-8,
			3.3252242954646554e-8,
			2.3953601135762933e-8,
			1.727376892123562e-8,
			1.2468088555535682e-8,
			9.005404820951109e-9,
			6.506116027667126e-9,
			4.6983574628203845e-9,
			3.3869486479457033e-9,
			2.4313148745789314e-9,
			1.729734436566452e-9,
			1.2080411461473106e-9,
			8.114594412567611e-10,
			4.986288080587831e-10,
			2.371286768692865e-10
		]
	],
	[
		[
			2.6933565848952897e-2,
			-5.358519569964625e-3,
			-3.5111357252626697e-3,
			-1.700764080934464e-3,
			-5.802064502560853e-4,
			-1.1828312910355594e-4,
			5.652775374302944e-7,
			1.1834207364993151e-5,
			6.5865221988042245e-6,
			3.053247664022734e-6,
			1.4121164321946953e-6,
			6.325320704294519e-7,
			2.598655703453169e-7,
			8.5549221689596e-8,
			7.63197869369884e-9,
			-2.377070573711393e-8,
			-3.3300748945741204e-8,
			-3.309326078578169e-8,
			-2.905356917283252e-8,
			-2.3966351427258202e-8,
			-1.9063372927955937e-8,
			-1.4815842107833079e-8,
			-1.1336109711882415e-8,
			-8.579123060379814e-9,
			-6.44156525594037e-9,
			-4.808568962197009e-9,
			-3.5740067998658784e-9,
			-2.647722374002076e-9,
			-1.956631470067538e-9,
			-1.4431862245289263e-9,
			-1.062940008683024e-9,
			-7.820237025348581e-10,
			-5.748758214425205e-10,
			-4.2234170837883527e-10,
			-3.1014335421748345e-10,
			-2.2768101259188205e-10,
			-1.6710903739212397e-10,
			-1.226344451165444e-10,
			-8.99872468207441e-11,
			-6.602430703877136e-11,
			-4.843428949710736e-11,
			-3.5518415210623145e-11,
			-2.6028501385812334e-11,
			-1.9047592309246016e-11,
			-1.3900947862842922e-11,
			-1.0091911936437782e-11,
			-7.252830484886818e-12,
			-5.1099688886598074e-12,
			-3.4572934367631885e-12,
			-2.1359848972618447e-12,
			-1.019279023928941e-12
		],
		[
			2.8293607827817337e-2,
			-5.756874547122223e-3,
			-3.764761746314732e-3,
			-1.8131950365090942e-3,
			-6.074953519172588e-4,
			-1.1400774162971391e-4,
			9.325046554752134e-6,
			1.7927060585274095e-5,
			1.0141918563806857e-5,
			5.1325208214513386e-6,
			2.667835865120897e-6,
			1.4093113991628653e-6,
			7.496808692002607e-7,
			3.994716746182641e-7,
			2.1160316730092504e-7,
			1.1032014954786464e-7,
			5.574262190817008e-8,
			2.655510380033271e-8,
			1.1210180330036366e-8,
			3.396072913558914e-9,
			-3.5700391472024894e-10,
			-1.9588159033934836e-9,
			-2.45697557642392e-9,
			-2.420599091266501e-9,
			-2.1532847218929575e-9,
			-1.811905504038564e-9,
			-1.4730946678298768e-9,
			-1.1703975473971913e-9,
			-9.149401534605365e-10,
			-7.068004348328939e-10,
			-5.411527896544388e-10,
			-4.1148794278013296e-10,
			-3.112125522564124e-10,
			-2.343701468601581e-10,
			-1.758967959031952e-10,
			-1.31645072090135e-10,
			-9.830153548460871e-11,
			-7.326456319346453e-11,
			-5.451681164645929e-11,
			-4.050959435136454e-11,
			-3.006201544505872e-11,
			-2.2278740977588414e-11,
			-1.648399989491483e-11,
			-1.2169267942197623e-11,
			-8.952073525552727e-12,
			-6.545722620658802e-12,
			-4.733899733948249e-12,
			-3.3532808542429693e-12,
			-2.278749527036735e-12,
			-1.412384974429985e-12,
			-6.753208550308151e-13
		],
		[
			3.0972939639252982e-2,
			-6.603543001700202e-3,
			-4.301434731245463e-3,
			-2.0476273799784877e-3,
			-6.603635670202352e-4,
			-1.0068390687521949e-4,
			3.077313196574471e-5,
			3.257445748713554e-5,
			1.8702168242859665e-5,
			1.0161538527834342e-5,
			5.717126719529196e-6,
			3.302172806257419e-6,
			1.9469792933545522e-6,
			1.168949358108931e-6,
			7.128176834019958e-7,
			4.405607297088244e-7,
			2.754879538177548e-7,
			1.7403262928623576e-7,
			1.109304218379473e-7,
			7.127053745971744e-8,
			4.611293117326932e-8,
			3.002334106130604e-8,
			1.9657745972542717e-8,
			1.2935978224538275e-8,
			8.551427034351668e-9,
			5.676235676545483e-9,
			3.781766908615131e-9,
			2.5280741601437196e-9,
			1.6951530116968095e-9,
			1.1397989521845863e-9,
			7.68307566668876e-10,
			5.190699104880972e-10,
			3.5140259465887726e-10,
			2.383324501125454e-10,
			1.619113468706742e-10,
			1.1015613128905874e-10,
			7.504133024394557e-11,
			5.117783566214108e-11,
			3.4936405484262295e-11,
			2.3868123470307925e-11,
			1.6316276897115138e-11,
			1.1158030654118896e-11,
			7.631119184271702e-12,
			5.216984592148161e-12,
			3.561894175577228e-12,
			2.424749177995021e-12,
			1.6397958528889398e-12,
			1.0929312840095268e-12,
			7.050624296682707e-13,
			4.198491363939652e-13,
			1.9556293284788707e-13
		],
		[
			3.478944001970473e-2,
			-7.994761642027289e-3,
			-5.176684151620088e-3,
			-2.4203225665010257e-3,
			-7.330547040603057e-4,
			-6.708472825514839e-5,
			7.383527515724901e-5,
			6.133607407932893e-5,
			3.5546417840614635e-5,
			2.011548835326035e-5,
			1.1783434190298326e-5,
			7.08440412436122e-6,
			4.348596640578053e-6,
			2.7176696844210545e-6,
			1.7246624035008481e-6,
			1.1090546319895189e-6,
			7.213988855098218e-7,
			4.739607292250865e-7,
			3.1414393789009877e-7,
			2.0984394906116013e-7,
			1.4114831567204242e-7,
			9.553281121079409e-8,
			6.502167891078224e-8,
			4.447962553057428e-8,
			3.0567547896062805e-8,
			2.109509973714812e-8,
			1.4614047189571361e-8,
			1.0159961324253643e-8,
			7.086411070213646e-9,
			4.957545543064305e-9,
			3.477906320916016e-9,
			2.446213342454988e-9,
			1.724721621920504e-9,
			1.2187708471121743e-9,
			8.630577903353379e-10,
			6.123697120600388e-10,
			4.353000368930889e-10,
			3.0996431674091805e-10,
			2.2106956917300252e-10,
			1.5789895657320898e-10,
			1.1292445906740074e-10,
			8.084388043945266e-11,
			5.791394270467126e-11,
			4.148563950837124e-11,
			2.9678384545679914e-11,
			2.1153116533716562e-11,
			1.495158614632372e-11,
			1.038233910268652e-11,
			6.940833290739184e-12,
			4.249549981717318e-12,
			2.0164915318959048e-12
		],
		[
			3.9217566313190705e-2,
			-1.0060142773279573e-2,
			-6.4622065760674835e-3,
			-2.9473191979203506e-3,
			-8.111841798643665e-4,
			7.3748688895150185e-6,
			1.5418108968513237e-4,
			1.1389723032545703e-4,
			6.64024637485216e-5,
			3.8459993016998774e-5,
			2.3021302540859442e-5,
			1.4121654253089314e-5,
			8.833908395745228e-6,
			5.619567716817601e-6,
			3.6260536421683593e-6,
			2.3684503502958677e-6,
			1.5633806696242675e-6,
			1.041456650451213e-6,
			6.993607089481155e-7,
			4.729721280111231e-7,
			3.2188452740776773e-7,
			2.202946624012188e-7,
			1.5153011213853151e-7,
			1.0470609280699862e-7,
			7.265052441013713e-8,
			5.059867549610106e-8,
			3.536168694028307e-8,
			2.4791169489420363e-8,
			1.7431001752293513e-8,
			1.2288879818973399e-8,
			8.685216026763577e-9,
			6.152478285415639e-9,
			4.367683365307371e-9,
			3.106854685828643e-9,
			2.214124507376469e-9,
			1.5806711836761122e-9,
			1.1302895682996796e-9,
			8.094647191099072e-10,
			5.805183098933958e-10,
			4.1685620403504625e-10,
			2.9966448977737346e-10,
			2.1560306392889263e-10,
			1.5519224195497464e-10,
			1.1167931846865845e-10,
			8.024233238652514e-11,
			5.742585961493136e-11,
			4.0741646303908994e-11,
			2.8384333095397703e-11,
			1.902767174826638e-11,
			1.1674276248186279e-11,
			5.546567558288829e-12
		],
		[
			4.312445261873712e-2,
			-1.2931141807090065e-2,
			-8.224103699592856e-3,
			-3.6323669295826146e-3,
			-8.660388828877626e-4,
			1.5518223185669223e-4,
			2.954407844643708e-4,
			2.047423585118195e-4,
			1.1986789461280698e-4,
			7.042798881872102e-5,
			4.269991102814991e-5,
			2.649373631404757e-5,
			1.6745963649814557e-5,
			1.0753165512125847e-5,
			6.9980494369296575e-6,
			4.606757135644077e-6,
			3.0626961543338243e-6,
			2.0537255789436957e-6,
			1.3875465427304879e-6,
			9.437015245673127e-7,
			6.45625604185112e-7,
			4.440306402548104e-7,
			3.068305529111948e-7,
			2.129306398638983e-7,
			1.4834029045858918e-7,
			1.0370783925963646e-7,
			7.273851522439068e-8,
			5.116846845809706e-8,
			3.6093060706707206e-8,
			2.5523364818841864e-8,
			1.8091077834457867e-8,
			1.2850826350492371e-8,
			9.14687515816616e-9,
			6.522749103847127e-9,
			4.659626678037345e-9,
			3.3341446935177777e-9,
			2.3893724821412363e-9,
			1.7147600999809325e-9,
			1.2322385611884812e-9,
			8.865491725816441e-10,
			6.384911647597083e-10,
			4.6019670699443237e-10,
			3.318125198623231e-10,
			2.3916366327457116e-10,
			1.7210160366537662e-10,
			1.2333947605758016e-10,
			8.761780009994335e-11,
			6.111201999241228e-11,
			4.100527056385809e-11,
			2.517648055583408e-11,
			1.1966717781287803e-11
		],
		[
			4.4592200818881704e-2,
			-1.668321439264028e-2,
			-1.0486295562750207e-2,
			-4.45116146398496e-3,
			-8.513825326409754e-4,
			4.1936479806951486e-4,
			5.273880924125338e-4,
			3.519460544757347e-4,
			2.0672728069857083e-4,
			1.2263807013735488e-4,
			7.498258070311889e-5,
			4.6862926046963694e-5,
			2.981061326116823e-5,
			1.9250777882194727e-5,
			1.2591353498787e-5,
			8.326237239128481e-6,
			5.558080394979623e-6,
			3.7408279806488104e-6,
			2.5359276020040553e-6,
			1.730078773742191e-6,
			1.1869903071154213e-6,
			8.185036287974954e-7,
			5.669755487059979e-7,
			3.9435549615018504e-7,
			2.753129605727785e-7,
			1.928578951766327e-7,
			1.3551735483812732e-7,
			9.549683365203512e-8,
			6.74717845516217e-8,
			4.7786817375982355e-8,
			3.3921069256042015e-8,
			2.4128888647052625e-8,
			1.7196860428997482e-8,
			1.2278594473685517e-8,
			8.781813835627618e-9,
			6.2908336289374205e-9,
			4.513105005383036e-9,
			3.2422122944605836e-9,
			2.3321664204262292e-9,
			1.679481595394356e-9,
			1.2106454222830117e-9,
			8.733286094570023e-10,
			6.302047374555772e-10,
			4.5459002714773267e-10,
			3.273608702673493e-10,
			2.347672379551856e-10,
			1.6687628471333776e-10,
			1.1645625456615907e-10,
			7.817545062410616e-11,
			4.801452423969559e-11,
			2.282689146976922e-11
		],
		[
			4.111430940364593e-2,
			-2.1256729875806363e-2,
			-1.3185223164143655e-2,
			-5.338809317974933e-3,
			-7.093562626124751e-4,
			8.431146627498677e-4,
			8.777398984061538e-4,
			5.720606825457974e-4,
			3.369476813924754e-4,
			2.0129923383616403e-4,
			1.2382399230314396e-4,
			7.778155606831484e-5,
			4.9693869608768465e-5,
			3.221122216021968e-5,
			2.113746475755697e-5,
			1.4017917863533564e-5,
			9.381582232121611e-6,
			6.32878655271174e-6,
			4.299260789080374e-6,
			2.938623922786789e-6,
			2.019644618321847e-6,
			1.39487691673872e-6,
			9.67637561260188e-7,
			6.739404084754106e-7,
			4.7108908037690744e-7,
			3.3038384246888603e-7,
			2.3240607651126118e-7,
			1.639390176105924e-7,
			1.159388325486178e-7,
			8.218704334837109e-8,
			5.8388957640553635e-8,
			4.1566537102550304e-8,
			2.9647097926551148e-8,
			2.118316654099755e-8,
			1.5160717147103042e-8,
			1.0867316391475028e-8,
			7.801076302775735e-9,
			5.607546675027208e-9,
			4.035817453377592e-9,
			2.9078810154999105e-9,
			2.0971867522138352e-9,
			1.5135833920632437e-9,
			1.0927190805929236e-9,
			7.88559673305454e-10,
			5.680908568656867e-10,
			4.0756089251019607e-10,
			2.8979930577406856e-10,
			2.022996808877487e-10,
			1.3583480146784005e-10,
			8.344370566587763e-11,
			3.967543070532317e-11
		],
		[
			3.0466665828228903e-2,
			-2.638576471080145e-2,
			-1.613657095369389e-2,
			-6.19275441911043e-3,
			-3.9183429932955645e-4,
			1.4472536412213604e-3,
			1.3559644460601847e-3,
			8.701835310087765e-4,
			5.137636044324598e-4,
			3.086036498357182e-4,
			1.907153087365315e-4,
			1.2025746584615261e-4,
			7.707567826585468e-5,
			5.009405168469082e-5,
			3.2948077406854035e-5,
			2.1894112771137034e-5,
			1.4678472158299789e-5,
			9.917440995691026e-6,
			6.746454958561577e-6,
			4.617088477409691e-6,
			3.1768028633013274e-6,
			2.196333886495718e-6,
			1.5250508629678828e-6,
			1.063087670625066e-6,
			7.436994973778574e-7,
			5.219566134046984e-7,
			3.6741882373892625e-7,
			2.593427946831647e-7,
			1.8351874612871017e-7,
			1.3016614871448644e-7,
			9.252385516364373e-8,
			6.589942626447685e-8,
			4.702431397664542e-8,
			3.361417109542639e-8,
			2.406756877072458e-8,
			1.7258627962691494e-8,
			1.2393706995528545e-8,
			8.911981250124518e-9,
			6.4162304421047695e-9,
			4.624503179837035e-9,
			3.3362521557344985e-9,
			2.4085462109904208e-9,
			1.7393124425065644e-9,
			1.2555020319270382e-9,
			9.047059242148813e-10,
			6.492040295869681e-10,
			4.6171685517660144e-10,
			3.223684471938189e-10,
			2.1648776950022222e-10,
			1.3300427061286249e-10,
			6.324466332755726e-11
		],
		[
			1.221480611747616e-2,
			-3.158422809762699e-2,
			-1.904353829825041e-2,
			-6.90101420790168e-3,
			1.0451948388961786e-4,
			2.2007009518191464e-3,
			1.9334844705818398e-3,
			1.2279882733975019e-3,
			7.264648669475234e-4,
			4.382418744390936e-4,
			2.718330505414419e-4,
			1.7191716138975646e-4,
			1.104528586008632e-4,
			7.19311475700541e-5,
			4.739087068681114e-5,
			3.1536917636323174e-5,
			2.1169767151196402e-5,
			1.431893525918201e-5,
			9.750065526606698e-6,
			6.678444240713409e-6,
			4.598692031500589e-6,
			3.1816100301120492e-6,
			2.2105975058505276e-6,
			1.5418680780347557e-6,
			1.0792139541993638e-6,
			7.578061381315251e-7,
			5.336821199812792e-7,
			3.7685882055122015e-7,
			2.6678133855621053e-7,
			1.89291965745674e-7,
			1.3459741143732693e-7,
			9.589682355155701e-8,
			6.84504436160849e-8,
			4.894403633750174e-8,
			3.5053081685234314e-8,
			2.5142617102058235e-8,
			1.8059670044758248e-8,
			1.2989180882095536e-8,
			9.353656644367492e-9,
			6.74304047926614e-9,
			4.8655769662469765e-9,
			3.513265193370454e-9,
			2.537522686459642e-9,
			1.8319844852042112e-9,
			1.3203210983675822e-9,
			9.475789060340018e-10,
			6.740101847765692e-10,
			4.706441292313984e-10,
			3.1609326002245877e-10,
			1.9421312010605118e-10,
			9.235389958656055e-11
		],
		[
			-1.0872593820243585e-2,
			-3.62262606130246e-2,
			-2.1561369489487663e-2,
			-7.389098066533212e-3,
			7.066749508579331e-4,
			3.0009287270076047e-3,
			2.532378010125905e-3,
			1.597182785682632e-3,
			9.463562587125324e-4,
			5.727716270619044e-4,
			3.5629827525191865e-4,
			2.2585103700485494e-4,
			1.4537038742352067e-4,
			9.481238515278896e-5,
			6.254341485827377e-5,
			4.1663975125007695e-5,
			2.7992815095227664e-5,
			1.894865120105282e-5,
			1.2911310152131151e-5,
			8.849097933739797e-6,
			6.096639297407524e-6,
			4.2199929255796745e-6,
			2.9333426679000125e-6,
			2.046780859073853e-6,
			1.4331370245726831e-6,
			1.0066564780622213e-6,
			7.091488970067378e-7,
			5.0090460072326e-7,
			3.5468631759344287e-7,
			2.5172473596493226e-7,
			1.7903092173521752e-7,
			1.275812394298411e-7,
			9.108447584651849e-8,
			6.514006250156658e-8,
			4.666058125160578e-8,
			3.347384928416841e-8,
			2.4047628251411213e-8,
			1.7298477112236716e-8,
			1.2458558000439205e-8,
			8.982542749646396e-9,
			6.482343130379422e-9,
			4.681230908662677e-9,
			3.3814859934475682e-9,
			2.4415477506552398e-9,
			1.7598097819328279e-9,
			1.2631101691375512e-9,
			8.985208338018703e-10,
			6.274594537779043e-10,
			4.2143829009876746e-10,
			2.58949798810086e-10,
			1.2314161037710868e-10
		],
		[
			-3.2753474029978046e-2,
			-3.9699684835169065e-2,
			-2.339152840409379e-2,
			-7.655332335493507e-3,
			1.2653659280802817e-3,
			3.685690473122603e-3,
			3.036220195256999e-3,
			1.9065708036218976e-3,
			1.1308835067072574e-3,
			6.860076199666895e-4,
			4.275925740243043e-4,
			2.7147430062459993e-4,
			1.7495719273883276e-4,
			1.1422581463060555e-4,
			7.54128032327496e-5,
			5.027227854634163e-5,
			3.3796567286667856e-5,
			2.288896374569165e-5,
			1.5603100730305627e-5,
			1.0698152449435522e-5,
			7.373098720630077e-6,
			5.105107079700573e-6,
			3.5495711438120737e-6,
			2.4773809120705206e-6,
			1.735032272235625e-6,
			1.2189641307529689e-6,
			8.588738076098678e-7,
			6.067679954154038e-7,
			4.297164718858503e-7,
			3.050199455992724e-7,
			2.169654557637925e-7,
			1.5463416825558963e-7,
			1.1041178381006622e-7,
			7.897112427654777e-8,
			5.657393369726981e-8,
			4.0589642388820297e-8,
			2.916235963304794e-8,
			2.0979581261915996e-8,
			1.511099795915196e-8,
			1.089580019961804e-8,
			7.863655570642953e-9,
			5.679149964535335e-9,
			4.102608425427727e-9,
			2.9624096837177183e-9,
			2.1353612144349878e-9,
			1.532746762189766e-9,
			1.090381823834624e-9,
			7.614735436274393e-10,
			5.114673383427753e-10,
			3.142771868527693e-10,
			1.4945420157295296e-10
		],
		[
			-4.6182412516391824e-2,
			-4.155074632359654e-2,
			-2.4345895501038706e-2,
			-7.758855896818522e-3,
			1.6047608477649984e-3,
			4.0835310670610855e-3,
			3.325927984588773e-3,
			2.0840099910581444e-3,
			1.2367999454301723e-3,
			7.511317710217718e-4,
			4.6867143754693227e-4,
			2.97800362659414e-4,
			1.920490098468181e-4,
			1.2545049706253573e-4,
			8.285893903755296e-5,
			5.525575376471677e-5,
			3.715797021563674e-5,
			2.5171960228431094e-5,
			1.7163200005825312e-5,
			1.177010665827255e-5,
			8.113270341286563e-6,
			5.61845300733186e-6,
			3.907030756217043e-6,
			2.7271993791895616e-6,
			1.910204135778186e-6,
			1.3421681556991141e-6,
			9.457696538105362e-7,
			6.682137380162851e-7,
			4.732695449076618e-7,
			3.359588297744289e-7,
			2.3898871885557253e-7,
			1.7034101395074856e-7,
			1.216338146528229e-7,
			8.7002296891791e-8,
			6.23305255849901e-8,
			4.472190601120419e-8,
			3.2132696959865614e-8,
			2.311743565989816e-8,
			1.6651496996683338e-8,
			1.2007029729180124e-8,
			8.665955238767396e-9,
			6.258782562220327e-9,
			4.5214771569474415e-9,
			3.2649637700071017e-9,
			2.3535128767808824e-9,
			1.6893781791702338e-9,
			1.2018356362861938e-9,
			8.393245895646597e-10,
			5.637683001536104e-10,
			3.464180622131766e-10,
			1.6474059180394483e-10
		]
	]
]