[
	[
		[
			-4.348126187060099,
			2.6855888526924274,
			-0.4199464542134496,
			-8.15591340644409e-2,
			-8.17008846950978e-3,
			-4.8138325682436976e-4,
			-6.20192549276919e-4,
			-2.4134177956944443e-4,
			-1.5848820950207384e-4,
			-9.002940978090002e-5,
			-6.369622754457775e-5,
			-4.254294408998537e-5,
			-3.1655459574195405e-5,
			-2.2948217543082436e-5,
			-1.770233997433479e-5,
			-1.3494983089102015e-5,
			-1.0709084136109658e-5,
			-8.449985278323767e-6,
			-6.858970263460644e-6,
			-5.5572560970773566e-6,
			-4.592364528533062e-6,
			-3.7961571139365948e-6,
			-3.1888283166618217e-6,
			-2.6769367134997255e-6,
			-2.275916193788976e-6,
			-1.9394706797781987e-6,
			-1.665239491589237e-6,
			-1.4319613859115066e-6,
			-1.2437614326515802e-6,
			-1.0785265416617961e-6,
			-9.403179811266515e-7,
			-8.239579351184972e-7,
			-7.229573400763354e-7,
			-6.330895336859044e-7,
			-5.598387949302217e-7,
			-4.933825873692956e-7,
			-4.332628575038562e-7,
			-3.8353855685302254e-7,
			-3.3894074093781765e-7,
			-2.957610407563874e-7,
			-2.60624347097191e-7,
			-2.2892271821963477e-7,
			-1.9659687706108593e-7,
			-1.6964116636049979e-7,
			-1.461685823968409e-7,
			-1.2026847070315256e-7,
			-9.80307292379005e-8,
			-7.916520736118682e-8,
			-5.7149527617886544e-8,
			-3.691564251452318e-8,
			-2.02072534837958e-8
		],
		[
			-4.491052361342996,
			2.7759888532529966,
			-0.4360609501675371,
			-8.430464023829327e-2,
			-8.288008214406008e-3,
			-4.3605278011191347e-4,
			-6.251789308452404e-4,
			-2.4048298996499497e-4,
			-1.5871064392586015e-4,
			-8.9724124158062e-5,
			-6.366942050081214e-5,
			-4.2470453396171706e-5,
			-3.166532460729083e-5,
			-2.2949608182772983e-5,
			-1.7731150569899817e-5,
			-1.3517000584972085e-5,
			-1.0736707925657389e-5,
			-8.475636854315634e-6,
			-6.884170814509625e-6,
			-5.577370274590474e-6,
			-4.6138039533741785e-6,
			-3.8143213887615967e-6,
			-3.2036393399019234e-6,
			-2.6917528121744534e-6,
			-2.2896161909866694e-6,
			-1.9492881826324416e-6,
			-1.675672517762069e-6,
			-1.4420272359386416e-6,
			-1.2505017581258146e-6,
			-1.0855240870371825e-6,
			-9.480327961618266e-7,
			-8.285694601365564e-7,
			-7.275517343095865e-7,
			-6.390409154001438e-7,
			-5.631656439835445e-7,
			-4.961535966562476e-7,
			-4.379104139524779e-7,
			-3.8605835112604174e-7,
			-3.4037440752631395e-7,
			-2.993232898751637e-7,
			-2.626776686796703e-7,
			-2.2935537615525698e-7,
			-1.9920935341398085e-7,
			-1.7141199866046845e-7,
			-1.458768755638601e-7,
			-1.2198664462002062e-7,
			-9.961386963227853e-8,
			-7.835705617686983e-8,
			-5.800331190298747e-8,
			-3.831787043653453e-8,
			-1.9044978975132637e-8
		],
		[
			-4.777153314004321,
			2.9572751384978018,
			-0.46867638577750215,
			-8.981914993920037e-2,
			-8.492209348053982e-3,
			-3.342469735012882e-4,
			-6.331154277749037e-4,
			-2.3768899971220688e-4,
			-1.5855425081413553e-4,
			-8.871545411150722e-5,
			-6.335053615401457e-5,
			-4.2131722867856794e-5,
			-3.15570372866728e-5,
			-2.285587927282367e-5,
			-1.7710484912270224e-5,
			-1.350937873024303e-5,
			-1.075157305745826e-5,
			-8.487700899555548e-6,
			-6.9108058174187335e-6,
			-5.599108612639502e-6,
			-4.6339602027147995e-6,
			-3.838227388660205e-6,
			-3.2248578311274114e-6,
			-2.7067125670211066e-6,
			-2.3096564549708953e-6,
			-1.965594163111155e-6,
			-1.6864284022762701e-6,
			-1.4571619110465769e-6,
			-1.2633449355754586e-6,
			-1.0922843178611164e-6,
			-9.596493564071482e-7,
			-8.385273907734916e-7,
			-7.315431296197127e-7,
			-6.47801652929902e-7,
			-5.711444136807688e-7,
			-4.98031966185882e-7,
			-4.4450750372889985e-7,
			-3.925795711693098e-7,
			-3.407542618268334e-7,
			-3.0415353315676694e-7,
			-2.681798239339572e-7,
			-2.2856356222928354e-7,
			-2.026096517314037e-7,
			-1.7613701628381955e-7,
			-1.4419502366863514e-7,
			-1.241705324531216e-7,
			-1.03687738142787e-7,
			-7.596915514527715e-8,
			-5.9081143345821093e-8,
			-4.1817549479828286e-8,
			-1.609085725337959e-8
		],
		[
			-5.204895514177719,
			3.2291336134636635,
			-0.5183357872459197,
			-9.811139185730518e-2,
			-8.715718879985066e-3,
			-1.5389615520900338e-4,
			-6.399230162140788e-4,
			-2.3091789381188656e-4,
			-1.5689805768225122e-4,
			-8.623935660422321e-5,
			-6.223057554742426e-5,
			-4.117698489217224e-5,
			-3.107408090747048e-5,
			-2.2473009519702e-5,
			-1.751034728313416e-5,
			-1.3363063314477195e-5,
			-1.0663076963031889e-5,
			-8.431999082435983e-6,
			-6.885520983880267e-6,
			-5.571099964968187e-6,
			-4.6307653986769215e-6,
			-3.838735550503964e-6,
			-3.2183091404048172e-6,
			-2.715108780732327e-6,
			-2.3190409781425298e-6,
			-1.9622932696440964e-6,
			-1.6990425924740963e-6,
			-1.4670009824603944e-6,
			-1.260253446558607e-6,
			-1.1051869633316823e-6,
			-9.686909466636024e-7,
			-8.339671212433038e-7,
			-7.443021282529339e-7,
			-6.552745822205276e-7,
			-5.651916108636426e-7,
			-5.103276402769719e-7,
			-4.5052382142130247e-7,
			-3.852966415809301e-7,
			-3.526983396756067e-7,
			-3.0876207960754226e-7,
			-2.5984339042966497e-7,
			-2.401793333977402e-7,
			-2.0596188780618763e-7,
			-1.6694375819874237e-7,
			-1.5553882392942333e-7,
			-1.2635108715288896e-7,
			-9.383427214322804e-8,
			-8.703625185274892e-8,
			-6.015846700094307e-8,
			-3.14523205584691e-8,
			-2.6847595277653744e-8
		],
		[
			-5.767288880218251,
			3.5880897631071664,
			-0.5852885363548512,
			-0.1091036474469424,
			-8.852806675633684e-3,
			1.3657391652618215e-4,
			-6.396695190510185e-4,
			-2.1748529468570377e-4,
			-1.5225964285780176e-4,
			-8.128914286614883e-5,
			-5.965961425627932e-5,
			-3.912808685274116e-5,
			-2.9862464618446438e-5,
			-2.1568231255574736e-5,
			-1.693543590348983e-5,
			-1.2919661116103163e-5,
			-1.0380579261356123e-5,
			-8.2103174348614e-6,
			-6.724808838798117e-6,
			-5.460061282823747e-6,
			-4.545282763153441e-6,
			-3.7654895141653866e-6,
			-3.1779536236203342e-6,
			-2.6751950013309e-6,
			-2.2842054283078074e-6,
			-1.9478905744507506e-6,
			-1.6795915296309066e-6,
			-1.4474681741484231e-6,
			-1.2583159384177531e-6,
			-1.0936886874664726e-6,
			-9.570512108478857e-7,
			-8.374098997500275e-7,
			-7.364851472557939e-7,
			-6.475253166078855e-7,
			-5.714018097895532e-7,
			-5.038094284765962e-7,
			-4.4518296630801546e-7,
			-3.9271939967538207e-7,
			-3.4658354565371665e-7,
			-3.049503282746699e-7,
			-2.6780342929736563e-7,
			-2.33956349735597e-7,
			-2.0330821399390546e-7,
			-1.7502138274619817e-7,
			-1.4900885689609496e-7,
			-1.2463876726352332e-7,
			-1.0181672466356194e-7,
			-8.009163728742436e-8,
			-5.931462273850332e-8,
			-3.918116006150578e-8,
			-1.9481745795011645e-8
		],
		[
			-6.447491186356695,
			4.024604944832427,
			-0.668864868410615,
			-0.12253985528117874,
			-8.763504750365815e-3,
			5.737272096652437e-4,
			-6.252783317523362e-4,
			-1.9461361867609872e-4,
			-1.4314648460596568e-4,
			-7.290920662329481e-5,
			-5.494584341034606e-5,
			-3.5500765390947645e-5,
			-2.759085319416564e-5,
			-1.9858589016206227e-5,
			-1.5786985627748466e-5,
			-1.2045379429056544e-5,
			-9.761846537285002e-6,
			-7.730395250985445e-6,
			-6.371148747502991e-6,
			-5.180396823564258e-6,
			-4.332484577910615e-6,
			-3.59413130636775e-6,
			-3.0441999883504755e-6,
			-2.5656590618662084e-6,
			-2.1969497628523036e-6,
			-1.8753152857526095e-6,
			-1.6208300358337456e-6,
			-1.397882915478133e-6,
			-1.2176938405231425e-6,
			-1.0589060444000414e-6,
			-9.283443031820832e-7,
			-8.124538542584586e-7,
			-7.15818924936294e-7,
			-6.293006538703483e-7,
			-5.563044220487117e-7,
			-4.90330111380546e-7,
			-4.3403859917083753e-7,
			-3.8263789242109827e-7,
			-3.383255883727654e-7,
			-2.973818760567855e-7,
			-2.617014798679676e-7,
			-2.2831662326327616e-7,
			-1.9883799824949685e-7,
			-1.709011212373143e-7,
			-1.4581416206062428e-7,
			-1.2176264087636199e-7,
			-9.969008329075642e-8,
			-7.82590842456485e-8,
			-5.810497291592865e-8,
			-3.827945406405487e-8,
			-1.9086776138901918e-8
		],
		[
			-7.2152270067706565,
			4.52054933590023,
			-0.7667905062217993,
			-0.1378985647308262,
			-8.295728579651862e-3,
			1.1894467175044712e-3,
			-5.898654391434154e-4,
			-1.6038481551930493e-4,
			-1.285837429177308e-4,
			-6.04963379310266e-5,
			-4.7654772198921825e-5,
			-2.99762203191139e-5,
			-2.400509286195139e-5,
			-1.716404937308276e-5,
			-1.3919672388498402e-5,
			-1.0617959011896386e-5,
			-8.723081976764397e-6,
			-6.918805386007978e-6,
			-5.757821603763807e-6,
			-4.690882585513393e-6,
			-3.95143812889359e-6,
			-3.2840632645373117e-6,
			-2.7970421994921833e-6,
			-2.361044001528744e-6,
			-2.030692260272341e-6,
			-1.7356236364110163e-6,
			-1.5055154015130916e-6,
			-1.2997618103722231e-6,
			-1.135587986973528e-6,
			-9.883519589154128e-7,
			-8.685610816367635e-7,
			-7.608005236174146e-7,
			-6.714960541248104e-7,
			-5.90919469974763e-7,
			-5.229508010942522e-7,
			-4.6153023409145836e-7,
			-4.0869219508414733e-7,
			-3.609286972997931e-7,
			-3.1896273509123515e-7,
			-2.810303482735823e-7,
			-2.469318972565722e-7,
			-2.161179985298431e-7,
			-1.8774767239792665e-7,
			-1.6198393887225615e-7,
			-1.3773066817764977e-7,
			-1.155337266118044e-7,
			-9.418716593584723e-8,
			-7.432063403045368e-8,
			-5.490723559045075e-8,
			-3.6372443018246475e-8,
			-1.8029152123303077e-8
		],
		[
			-8.025866705063436,
			5.04821431610751,
			-0.8746395264572466,
			-0.15434676393883007,
			-7.330689505221439e-3,
			1.995454827380381e-3,
			-5.289879736692339e-4,
			-1.14739176041003e-4,
			-1.0865682925358954e-4,
			-4.423402217640262e-5,
			-3.784403071756069e-5,
			-2.2589382852005964e-5,
			-1.9102209327528765e-5,
			-1.3476332311865672e-5,
			-1.1316301119070631e-5,
			-8.621112061202961e-6,
			-7.24678269991683e-6,
			-5.7604143156913105e-6,
			-4.870167659550687e-6,
			-3.979355142640057e-6,
			-3.390393468473119e-6,
			-2.8259178834885873e-6,
			-2.4272211633010156e-6,
			-2.0542832326200634e-6,
			-1.7781550375222458e-6,
			-1.5234704064556246e-6,
			-1.3278242343210867e-6,
			-1.1490231432986775e-6,
			-1.0074552397898015e-6,
			-8.788281133408805e-7,
			-7.742468415240271e-7,
			-6.797199705920209e-7,
			-6.009855368567545e-7,
			-5.299750777491378e-7,
			-4.696449658102803e-7,
			-4.1521594253489255e-7,
			-3.68122936404022e-7,
			-3.254464004605356e-7,
			-2.881003175110831e-7,
			-2.538297975989929e-7,
			-2.235802892193575e-7,
			-1.9540636824537357e-7,
			-1.7037545903074082e-7,
			-1.4653940556857436e-7,
			-1.252359348251108e-7,
			-1.0455814158709577e-7,
			-8.577832175279475e-8,
			-6.72442031382122e-8,
			-5.006421553574393e-8,
			-3.2924036608150686e-8,
			-1.644319634701052e-8
		],
		[
			-8.82350038775992,
			5.571797884149396,
			-0.9856671366481043,
			-0.1707695278151714,
			-5.845543083470308e-3,
			2.9647471205326834e-3,
			-4.4328128992636846e-4,
			-6.026703364590688e-5,
			-8.484540127038625e-5,
			-2.5323991227566012e-5,
			-2.6240887465350478e-5,
			-1.386213125986093e-5,
			-1.3220219187675697e-5,
			-9.041445739027869e-6,
			-8.146401556293389e-6,
			-6.182136107714969e-6,
			-5.425065242561976e-6,
			-4.3267065881638265e-6,
			-3.761521414312327e-6,
			-3.088484818828549e-6,
			-2.6823224896820558e-6,
			-2.246453856852837e-6,
			-1.9559534079191693e-6,
			-1.6628863351918291e-6,
			-1.453802614362615e-6,
			-1.2503501528615243e-6,
			-1.098133765462789e-6,
			-9.535341342310139e-7,
			-8.408683625472188e-7,
			-7.355385281415443e-7,
			-6.513476120118207e-7,
			-5.728339195580171e-7,
			-5.086661100520195e-7,
			-4.492114914293498e-7,
			-3.997149073082447e-7,
			-3.533992503253883e-7,
			-3.1463693168947714e-7,
			-2.7823523431194705e-7,
			-2.469662277209694e-7,
			-2.1765502721282202e-7,
			-1.922420310957669e-7,
			-1.6812342935688597e-7,
			-1.4653904068398122e-7,
			-1.2652601404938628e-7,
			-1.0789942161535219e-7,
			-9.038104666424104e-8,
			-7.38784250856105e-8,
			-5.840274727447639e-8,
			-4.305209229638716e-8,
			-2.8531025006602937e-8,
			-1.4251930851158664e-8
		],
		[
			-9.54783094768693,
			6.05144564716303,
			-1.0912120168316737,
			-0.18588996499989707,
			-3.969545300373795e-3,
			4.017569329351178e-3,
			-3.4059198007229795e-4,
			-2.3507475963014053e-6,
			-5.989657798477923e-5,
			-5.882554135169749e-6,
			-1.4187476370608465e-5,
			-4.777274611595372e-6,
			-7.028832170902331e-6,
			-4.356741162451151e-6,
			-4.768120280968502e-6,
			-3.574936043507063e-6,
			-3.463485543471288e-6,
			-2.7787573175960105e-6,
			-2.557643062080691e-6,
			-2.118822306417702e-6,
			-1.9076030299607273e-6,
			-1.6112291440049153e-6,
			-1.4375279092061031e-6,
			-1.2309022188793394e-6,
			-1.0950583857559018e-6,
			-9.47483074725699e-7,
			-8.430307308534187e-7,
			-7.353939660624613e-7,
			-6.552937141932222e-7,
			-5.752751750869007e-7,
			-5.135322601666851e-7,
			-4.530257205013689e-7,
			-4.0493493006651676e-7,
			-3.5846773382321744e-7,
			-3.2049029264009743e-7,
			-2.8426298766722386e-7,
			-2.537908177643823e-7,
			-2.2508328043232616e-7,
			-2.00227904252424e-7,
			-1.770142954394576e-7,
			-1.5642219906281446e-7,
			-1.3717251265149445e-7,
			-1.1982035175815127e-7,
			-1.0339752372819551e-7,
			-8.846144480986261e-8,
			-7.402314837778431e-8,
			-6.079715120886047e-8,
			-4.7724604512309023e-8,
			-3.556163697284905e-8,
			-2.3387286669376675e-8,
			-1.1704441233211368e-8
		],
		[
			-1.0142801463238838e1,
			6.448760351577457,
			-1.1816962727057598,
			-0.19845467172320921,
			-1.998173103549835e-3,
			5.022451181831093e-3,
			-2.362141882807095e-4,
			5.154775415698342e-5,
			-3.7217805719986437e-5,
			1.1533057174127479e-5,
			-3.331542979511779e-6,
			3.4357467811776353e-6,
			-1.3854618378737611e-6,
			-6.962361737248334e-8,
			-1.6561444999361881e-6,
			-1.1656508213914719e-6,
			-1.6415722023714797e-6,
			-1.3374896966513683e-6,
			-1.4321232803396532e-6,
			-1.2102799568462312e-6,
			-1.179647166110851e-6,
			-1.0129525914878429e-6,
			-9.481622232452563e-7,
			-8.223650522906797e-7,
			-7.552179813980693e-7,
			-6.599663762065299e-7,
			-6.004758539290833e-7,
			-5.279490723464777e-7,
			-4.781389595713532e-7,
			-4.2251953528073177e-7,
			-3.816775093974465e-7,
			-3.3864359731220855e-7,
			-3.053584893787136e-7,
			-2.716636207144258e-7,
			-2.445202064008384e-7,
			-2.1773769008283509e-7,
			-1.955105761295254e-7,
			-1.7382872479993907e-7,
			-1.5548485162567289e-7,
			-1.3759218538379011e-7,
			-1.2223039135088074e-7,
			-1.0720430890721807e-7,
			-9.404607419624841e-8,
			-8.119893493097923e-8,
			-6.961490806905239e-8,
			-5.839364853963892e-8,
			-4.7890113791793303e-8,
			-3.779598710695451e-8,
			-2.801388354405267e-8,
			-1.856902331245097e-8,
			-9.22054965277578e-9
		],
		[
			-1.0563839544037691e1,
			6.731939690636239,
			-1.2480396429412648,
			-0.20742123500426904,
			-3.376963998549036e-4,
			5.819410500756129e-3,
			-1.5010163182856384e-4,
			9.335448023499421e-5,
			-2.0057244466187285e-5,
			2.455303940140494e-5,
			4.802796795630394e-6,
			9.616541504094161e-6,
			2.8808116188149507e-6,
			3.186902399179684e-6,
			7.215626141032772e-7,
			6.747919332151557e-7,
			-2.4226705013361156e-7,
			-2.2502673181903964e-7,
			-5.66657338568428e-7,
			-5.080608481199422e-7,
			-6.123823667243923e-7,
			-5.516731123513111e-7,
			-5.683615242585972e-7,
			-5.010824254000846e-7,
			-4.929959525231522e-7,
			-4.3670672676334035e-7,
			-4.073730385876914e-7,
			-3.6837903895930677e-7,
			-3.4066139399576114e-7,
			-2.993190923526598e-7,
			-2.8058784339988035e-7,
			-2.5038350641628033e-7,
			-2.2369358844556763e-7,
			-2.0528959147864668e-7,
			-1.867894522628795e-7,
			-1.6170391871704467e-7,
			-1.513397338428871e-7,
			-1.356487623229664e-7,
			-1.1654078166117745e-7,
			-1.0802111874267318e-7,
			-9.751350273662035e-8,
			-8.017329884946843e-8,
			-7.461899502649381e-8,
			-6.638139554377844e-8,
			-5.1288526924397454e-8,
			-4.665306972983627e-8,
			-4.069999213468838e-8,
			-2.642690850465482e-8,
			-2.2566423144075885e-8,
			-1.7684371962454683e-8,
			-4.109622450622053e-9
		],
		[
			-1.0781470517079647e1,
			6.87902379913268,
			-1.2831525268398312,
			-0.2120787126092259,
			6.154088594814013e-4,
			6.2618380469339294e-3,
			-1.0123122422762785e-4,
			1.1622009264606967e-4,
			-1.0849586538745816e-5,
			3.149167909422861e-5,
			9.133370002436046e-6,
			1.2913626948393e-5,
			5.172731530501662e-6,
			4.936636011732434e-6,
			1.9987312426664236e-6,
			1.6739977161139405e-6,
			5.150383304155906e-7,
			3.7324348941395186e-7,
			-9.189265108321866e-8,
			-1.2594008986875273e-7,
			-3.086839074721108e-7,
			-2.9587355777605397e-7,
			-3.602827304293852e-7,
			-3.310987993058113e-7,
			-3.4551930961672984e-7,
			-3.133104540776297e-7,
			-3.072251736150921e-7,
			-2.772008395024885e-7,
			-2.6354958950714805e-7,
			-2.3734624367849017e-7,
			-2.2181948771040148e-7,
			-1.9958882591968667e-7,
			-1.8454115913822107e-7,
			-1.6592055008355628e-7,
			-1.5220666320343013e-7,
			-1.3666701454189265e-7,
			-1.244841846336024e-7,
			-1.1145024121013452e-7,
			-1.0074480759864819e-7,
			-8.969612221592877e-8,
			-8.029789521754974e-8,
			-7.076604316914788e-8,
			-6.246292508064123e-8,
			-5.410491939439975e-8,
			-4.663181117936075e-8,
			-3.916703770027327e-8,
			-3.228058263395198e-8,
			-2.5464730794599222e-8,
			-1.8962399580829573e-8,
			-1.254569938132189e-8,
			-6.249033680494778e-9
		]
	],
	[
		[
			-0.9720648717858335,
			0.5043942332774335,
			4.236186840777833e-2,
			-5.0533766297342776e-2,
			-8.694855793235451e-3,
			-9.175668596018856e-4,
			-2.1406761643917718e-4,
			-1.3306519787425377e-4,
			-7.006477559808071e-5,
			-4.3602655881527624e-5,
			-2.8409024346483917e-5,
			-1.976114637135126e-5,
			-1.4155572963946884e-5,
			-1.048354039827963e-5,
			-7.922691095296534e-6,
			-6.114994056715357e-6,
			-4.791685816678679e-6,
			-3.811734542595128e-6,
			-3.068314081726175e-6,
			-2.498448083427676e-6,
			-2.0539011167081667e-6,
			-1.7039092618553088e-6,
			-1.4246293675247414e-6,
			-1.1999564796141238e-6,
			-1.0172438083990665e-6,
			-8.675937913192028e-7,
			-7.439083348672342e-7,
			-6.410241999998738e-7,
			-5.547910814411991e-7,
			-4.820771601909968e-7,
			-4.2035655326501303e-7,
			-3.676787284830308e-7,
			-3.2244141668238586e-7,
			-2.833917301022194e-7,
			-2.494914950364871e-7,
			-2.1990606205718573e-7,
			-1.9393909471829447e-7,
			-1.7103436091151003e-7,
			-1.5070315457210932e-7,
			-1.3256111158003987e-7,
			-1.1627329660963997e-7,
			-1.0154960195398918e-7,
			-8.815749765810147e-8,
			-7.588369347703387e-8,
			-6.454645492167306e-8,
			-5.399074751656548e-8,
			-4.407522662745717e-8,
			-3.4671285262189964e-8,
			-2.56653970282288e-8,
			-1.6954210062830272e-8,
			-8.42775333561868e-9
		],
		[
			-1.0174728243986129,
			0.5284659165174063,
			4.397418691503289e-2,
			-5.311553914696753e-2,
			-9.073357604920325e-3,
			-9.319272011033792e-4,
			-2.1391091956037572e-4,
			-1.353069550116575e-4,
			-7.100447508333411e-5,
			-4.4183400200196984e-5,
			-2.877383905910152e-5,
			-2.0028832232736795e-5,
			-1.4355288523701327e-5,
			-1.0640104453516311e-5,
			-8.046393210945401e-6,
			-6.214818273198683e-6,
			-4.872778811895141e-6,
			-3.8784252610591255e-6,
			-3.1235117232555732e-6,
			-2.5445448409150526e-6,
			-2.0926114980530087e-6,
			-1.736657228790457e-6,
			-1.4524755658566729e-6,
			-1.2237655558149068e-6,
			-1.0377049504128877e-6,
			-8.852582131007167e-7,
			-7.592139663048721e-7,
			-6.543498369989534e-7,
			-5.664242188792981e-7,
			-4.922635735247466e-7,
			-4.2931027929576816e-7,
			-3.755585970794384e-7,
			-3.2939159544169616e-7,
			-2.89540157348855e-7,
			-2.549262221275033e-7,
			-2.2471830004654273e-7,
			-1.9820586232854658e-7,
			-1.7480554383083013e-7,
			-1.5403896801892985e-7,
			-1.355085459963994e-7,
			-1.1885943035905506e-7,
			-1.038170496302308e-7,
			-9.013301210403007e-8,
			-7.758108142182983e-8,
			-6.599742335095733e-8,
			-5.52070252301866e-8,
			-4.506374001951395e-8,
			-3.5455197273202274e-8,
			-2.6245279784421024e-8,
			-1.733329351808847e-8,
			-8.621100326541788e-9
		],
		[
			-1.1102772491349588,
			0.5777661580901149,
			4.719409680495577e-2,
			-5.843740638880173e-2,
			-9.839928743188042e-3,
			-9.544315300028593e-4,
			-2.1151064578521262e-4,
			-1.3921272056582673e-4,
			-7.253926695154475e-5,
			-4.512754956036337e-5,
			-2.9356302270589812e-5,
			-2.0463434798040685e-5,
			-1.4683475139536732e-5,
			-1.0901929857244559e-5,
			-8.255976666982079e-6,
			-6.3860893307354565e-6,
			-5.013267787028181e-6,
			-3.994990364323857e-6,
			-3.220662105151608e-6,
			-2.6261833856542827e-6,
			-2.1615296975924127e-6,
			-1.7952212072458451e-6,
			-1.5024674471057084e-6,
			-1.266664750172975e-6,
			-1.0746773230012086e-6,
			-9.17261900774549e-7,
			-7.870180467154527e-7,
			-6.785977001672811e-7,
			-5.876352956784145e-7,
			-5.108755066871628e-7,
			-4.45682889765766e-7,
			-3.8999746392233765e-7,
			-3.421431828964927e-7,
			-3.0082479694199296e-7,
			-2.649195738466278e-7,
			-2.335723819216261e-7,
			-2.0605801559383474e-7,
			-1.8175808758069678e-7,
			-1.6019275834156183e-7,
			-1.409426611956147e-7,
			-1.2363883843097823e-7,
			-1.0800564663106385e-7,
			-9.377695577806638e-8,
			-8.072570250387795e-8,
			-6.86775338526784e-8,
			-5.745445544814905e-8,
			-4.690028051000525e-8,
			-3.690107091569365e-8,
			-2.7318282651806677e-8,
			-1.8038476916419387e-8,
			-8.974377529784495e-9
		],
		[
			-1.2536635463563999,
			0.6542013912073414,
			5.1974173691629974e-2,
			-6.67765875736671e-2,
			-1.1005612679918243e-2,
			-9.711519176044033e-4,
			-2.0241565359904788e-4,
			-1.435513940465045e-4,
			-7.39523602070866e-5,
			-4.598350142038559e-5,
			-2.9850126628809943e-5,
			-2.0854260032081266e-5,
			-1.4990589351989996e-5,
			-1.116092298100234e-5,
			-8.471445677454727e-6,
			-6.568588346020964e-6,
			-5.166993900775211e-6,
			-4.125514441195228e-6,
			-3.3314301664892385e-6,
			-2.720733513895222e-6,
			-2.2423683256932686e-6,
			-1.8646821030914437e-6,
			-1.562315378008726e-6,
			-1.318442467132258e-6,
			-1.1196132881897017e-6,
			-9.564052634608033e-7,
			-8.212058447241416e-7,
			-7.085607995066414e-7,
			-6.139597026333377e-7,
			-5.340590541393212e-7,
			-4.6615122042577965e-7,
			-4.081004214126874e-7,
			-3.581753230174089e-7,
			-3.150503176772274e-7,
			-2.7754441075672377e-7,
			-2.447828268447485e-7,
			-2.1601724907313547e-7,
			-1.9059148852169073e-7,
			-1.680204766168709e-7,
			-1.4786618528734515e-7,
			-1.2973504329433337e-7,
			-1.1335329461345033e-7,
			-9.843795450665696e-8,
			-8.47468389690766e-8,
			-7.210953766562873e-8,
			-6.033333634870335e-8,
			-4.925132702325014e-8,
			-3.8756492813515845e-8,
			-2.869371439851758e-8,
			-1.8944375893167395e-8,
			-9.428430680254855e-9
		],
		[
			-1.4503790093465028,
			0.759572651406342,
			5.815584350958851e-2,
			-7.844167851154868e-2,
			-1.2567121812978536e-2,
			-9.582810533160812e-4,
			-1.7950423075626296e-4,
			-1.4636845017462e-4,
			-7.414977700503704e-5,
			-4.6064136831056635e-5,
			-2.9788017236670787e-5,
			-2.087755998099706e-5,
			-1.5045467898133115e-5,
			-1.1248924200098455e-5,
			-8.567708244278759e-6,
			-6.66767121573818e-6,
			-5.261088722922668e-6,
			-4.213088690912101e-6,
			-3.410742562760723e-6,
			-2.792083276816642e-6,
			-2.3058573430003466e-6,
			-1.921085894789691e-6,
			-1.6122437845420818e-6,
			-1.3626265971862968e-6,
			-1.1587023049451502e-6,
			-9.91026738002086e-7,
			-8.51863896742783e-7,
			-7.357740386763655e-7,
			-6.381235002105758e-7,
			-5.555391940675129e-7,
			-4.852810337234856e-7,
			-4.251436955554306e-7,
			-3.7336877705042644e-7,
			-3.2861627689159406e-7,
			-2.896473653778017e-7,
			-2.5557843688029694e-7,
			-2.2565346400588487e-7,
			-1.9916866242527597e-7,
			-1.756439895924514e-7,
			-1.5463771087814388e-7,
			-1.357075163834068e-7,
			-1.1860720686206494e-7,
			-1.0303245352101559e-7,
			-8.870927089413555e-8,
			-7.550275959129145e-8,
			-6.318269282169258e-8,
			-5.1576272370604084e-8,
			-4.059922482080531e-8,
			-3.005834674518324e-8,
			-1.984315748425853e-8,
			-9.88144810910781e-9
		],
		[
			-1.7003115691550004,
			0.8942766496036796,
			6.539211008604649e-2,
			-9.362840991136674e-2,
			-1.4485784537113612e-2,
			-8.812457040316575e-4,
			-1.3317908500907018e-4,
			-1.4507493120812797e-4,
			-7.176657297460274e-5,
			-4.451881254737463e-5,
			-2.8589386182921586e-5,
			-2.012698815149793e-5,
			-1.4555404349254489e-5,
			-1.0951138119006213e-5,
			-8.38380732163181e-6,
			-6.560724464901694e-6,
			-5.20061579502867e-6,
			-4.183155321882458e-6,
			-3.399282273058748e-6,
			-2.7925030115733976e-6,
			-2.3131617154971773e-6,
			-1.9325488057151656e-6,
			-1.6258426346490723e-6,
			-1.3771621956715e-6,
			-1.1733955917154411e-6,
			-1.0054299064160228e-6,
			-8.656175322064188e-7,
			-7.487883973956047e-7,
			-6.502855395513414e-7,
			-5.667987493295245e-7,
			-4.956946109310037e-7,
			-4.3470412406093727e-7,
			-3.8210199513812185e-7,
			-3.3661710163506075e-7,
			-2.969142586261695e-7,
			-2.621701816425273e-7,
			-2.3164679609358251e-7,
			-2.0455931131550782e-7,
			-1.8049548204641098e-7,
			-1.5900325235547707e-7,
			-1.3957780376374802e-7,
			-1.220450651106879e-7,
			-1.0606781915959146e-7,
			-9.133009917184669e-8,
			-7.776725182989555e-8,
			-6.509902146756939e-8,
			-5.3130911857465716e-8,
			-4.184608913195134e-8,
			-3.0984560534943864e-8,
			-2.0440127444651346e-8,
			-1.0196021781229768e-8
		],
		[
			-1.9976923755946463,
			1.0557446707760985,
			7.310331684778776e-2,
			-0.11222603045721624,
			-1.6668080445189425e-2,
			-6.982774189739676e-4,
			-5.2824477003947566e-5,
			-1.3687336221673512e-4,
			-6.546972837543286e-5,
			-4.053364928927322e-5,
			-2.569641648920249e-5,
			-1.8205655383432606e-5,
			-1.323040070146027e-5,
			-1.0051478993978496e-5,
			-7.756009112544427e-6,
			-6.121730530817211e-6,
			-4.886974953303517e-6,
			-3.957771500124101e-6,
			-3.2346101815056476e-6,
			-2.6713206911945744e-6,
			-2.222942244526937e-6,
			-1.8649284631958738e-6,
			-1.5746266051836914e-6,
			-1.3382764481257944e-6,
			-1.143578355749748e-6,
			-9.824841430090417e-7,
			-8.479368981950892e-7,
			-7.350546325861106e-7,
			-6.396058605539827e-7,
			-5.585372024406596e-7,
			-4.892131689117477e-7,
			-4.296716994749558e-7,
			-3.7821915068257525e-7,
			-3.335588248572681e-7,
			-2.945745916997399e-7,
			-2.603870973740557e-7,
			-2.3024070200710198e-7,
			-2.0352845069859576e-7,
			-1.7972317598852533e-7,
			-1.5839748202397703e-7,
			-1.3917587917427704e-7,
			-1.2174668558263088e-7,
			-1.0583775091626785e-7,
			-9.121463268362404e-8,
			-7.767191493683138e-8,
			-6.503056134546653e-8,
			-5.312706304730625e-8,
			-4.1818917443304985e-8,
			-3.09720175388903e-8,
			-2.0463004066816577e-8,
			-1.0176894862771114e-8
		],
		[
			-2.3288269424182895,
			1.2370729849662565,
			8.051989402320135e-2,
			-0.13361405566276816,
			-1.8959190655142292e-2,
			-3.717566731544557e-4,
			6.980970606494744e-5,
			-1.1961114216716678e-4,
			-5.4460703511739245e-5,
			-3.365707064169359e-5,
			-2.0799845551508434e-5,
			-1.4882744755573492e-5,
			-1.089452017492151e-5,
			-8.413839614241021e-6,
			-6.577735365955478e-6,
			-5.266261192843456e-6,
			-4.252895581663092e-6,
			-3.4824810314947786e-6,
			-2.872356382486871e-6,
			-2.392220426952588e-6,
			-2.0049621963976163e-6,
			-1.6930208117181407e-6,
			-1.4375213474745528e-6,
			-1.227987231856336e-6,
			-1.0540264194867568e-6,
			-9.092255236726394e-7,
			-7.87533982575936e-7,
			-6.849317897251499e-7,
			-5.977366422132435e-7,
			-5.233713107866786e-7,
			-4.5951553646268765e-7,
			-4.044751880617024e-7,
			-3.5674784771604697e-7,
			-3.1519431020754496e-7,
			-2.788130468287345e-7,
			-2.4682601984080504e-7,
			-2.1854595972141808e-7,
			-1.9342978972360228e-7,
			-1.7099809008420978e-7,
			-1.5085970222929967e-7,
			-1.3267364936087697e-7,
			-1.161537617722739e-7,
			-1.0104712433674032e-7,
			-8.714183599548498e-8,
			-7.424450488389394e-8,
			-6.218959549945048e-8,
			-5.0827505757621534e-8,
			-4.002145170169685e-8,
			-2.9648227744331875e-8,
			-1.959298282440321e-8,
			-9.744506855564038e-9
		],
		[
			-2.6715461046263247,
			1.4264934318726987,
			8.684540194966991e-2,
			-0.15652481389236747,
			-2.1160754502771387e-2,
			1.1215064191978244e-4,
			2.3542209264319305e-4,
			-9.291787846237647e-5,
			-3.9022753398120244e-5,
			-2.414067054333801e-5,
			-1.4078134369603836e-5,
			-1.026478255586817e-5,
			-7.611641028373045e-6,
			-6.0745942087211465e-6,
			-4.869741814674985e-6,
			-4.005410332854576e-6,
			-3.3037707064727497e-6,
			-2.7592990598110104e-6,
			-2.312561062906331e-6,
			-1.954006454976077e-6,
			-1.6574735612764738e-6,
			-1.414741929288394e-6,
			-1.2122876212687406e-6,
			-1.0441257584811246e-6,
			-9.026113490528735e-7,
			-7.83614489340518e-7,
			-6.825639053877418e-7,
			-5.966653206632526e-7,
			-5.230609895016702e-7,
			-4.5986658022319676e-7,
			-4.052405371529948e-7,
			-3.5789066060176513e-7,
			-3.1660847581133623e-7,
			-2.804941874846132e-7,
			-2.487290566539058e-7,
			-2.2068854862945499e-7,
			-1.9579781406666457e-7,
			-1.7361465118707216e-7,
			-1.5373569746646817e-7,
			-1.3583201060661602e-7,
			-1.1961792642675227e-7,
			-1.0484934626402562e-7,
			-9.130852025236752e-8,
			-7.881774556764474e-8,
			-6.720645364840364e-8,
			-5.6332693616576925e-8,
			-4.606829692667103e-8,
			-3.629048395126233e-8,
			-2.6893894822461827e-8,
			-1.7778172880467995e-8,
			-8.842527952232232e-9
		],
		[
			-2.9972150954027894,
			1.608216928451686,
			9.150580143260623e-2,
			-0.17905927978355374,
			-2.3074005631334892e-2,
			7.215223597533062e-4,
			4.3187148351152147e-4,
			-5.918521825808235e-5,
			-2.082609589757957e-5,
			-1.3093749524280301e-5,
			-6.3100839008509754e-6,
			-4.8827860787839355e-6,
			-3.753966461988456e-6,
			-3.296779185350355e-6,
			-2.82269903130597e-6,
			-2.4794182880585497e-6,
			-2.144877629771908e-6,
			-1.8684086240699515e-6,
			-1.617247649367842e-6,
			-1.4053160002140875e-6,
			-1.2190512180886096e-6,
			-1.0610750948556284e-6,
			-9.240183725095823e-7,
			-8.072522701538406e-7,
			-7.062737797304677e-7,
			-6.197639965677126e-7,
			-5.448307717748287e-7,
			-4.802121302348169e-7,
			-4.240273804497175e-7,
			-3.7521340264866444e-7,
			-3.325632583348005e-7,
			-2.9521571876403203e-7,
			-2.62390236780038e-7,
			-2.3341808412921823e-7,
			-2.0778090659799004e-7,
			-1.849644121351418e-7,
			-1.6462163345788187e-7,
			-1.463617989768314e-7,
			-1.299285213710305e-7,
			-1.1505596242193851e-7,
			-1.0151569858803573e-7,
			-8.914956542046396e-8,
			-7.774668059672549e-8,
			-6.72165715418548e-8,
			-5.7365686636675476e-8,
			-4.815331392885961e-8,
			-3.9391224058204184e-8,
			-3.107094300801387e-8,
			-2.302455046446924e-8,
			-1.5233394328097525e-8,
			-7.575908654768391e-9
		],
		[
			-3.2750627370442293,
			1.764667858960422,
			9.436446117701167e-2,
			-0.19890735778320018,
			-2.45514823409793e-2,
			1.3674429439159996e-3,
			6.320641488622665e-4,
			-2.377238237541054e-5,
			-2.740062212262561e-6,
			-2.298043778938786e-6,
			1.255711321816923e-6,
			3.9053840720814537e-7,
			5.0779755807658e-8,
			-5.363671684577298e-7,
			-7.749117550687299e-7,
			-9.428210674748667e-7,
			-9.711164945133198e-7,
			-9.609589088910298e-7,
			-9.05439833506064e-7,
			-8.407943466165795e-7,
			-7.660224409647475e-7,
			-6.939821289134664e-7,
			-6.236918272123251e-7,
			-5.594677005941336e-7,
			-5.002284177468187e-7,
			-4.4719301434888196e-7,
			-3.9933796179204975e-7,
			-3.568293009044677e-7,
			-3.1879562461762803e-7,
			-2.850544864465957e-7,
			-2.549300442378875e-7,
			-2.2815737530205312e-7,
			-2.042050241668698e-7,
			-1.8284436824742174e-7,
			-1.636601880422257e-7,
			-1.4644355112436664e-7,
			-1.3092036329117226e-7,
			-1.168723754375796e-7,
			-1.041282428996412e-7,
			-9.250236527956126e-8,
			-8.185924955748582e-8,
			-7.20586986376522e-8,
			-6.299832960310119e-8,
			-5.455643862598928e-8,
			-4.665362438419793e-8,
			-3.9208629641493356e-8,
			-3.211817893561941e-8,
			-2.5355264558958944e-8,
			-1.8806755427490467e-8,
			-1.2445441979812588e-8,
			-6.194339202789711e-9
		],
		[
			-3.4773897799239806,
			1.8794648391968882,
			9.575004432602353e-2,
			-0.2137431827143387,
			-2.5527302383126664e-2,
			1.9172913558260219e-3,
			7.982427098820466e-4,
			6.019218669307961e-6,
			1.1856665480188016e-5,
			6.274885202916426e-6,
			7.245202684060118e-6,
			4.582097668700176e-6,
			3.0901909570135286e-6,
			1.680891935444439e-6,
			8.77802626386268e-7,
			3.0300654820095193e-7,
			-1.5693607703131455e-8,
			-2.1955398659907346e-7,
			-3.21941052100374e-7,
			-3.766011224178268e-7,
			-3.924426327783999e-7,
			-3.904910081561418e-7,
			-3.7475956299000004e-7,
			-3.5366528778324683e-7,
			-3.28688747940364e-7,
			-3.032695390849241e-7,
			-2.7776266952725775e-7,
			-2.535487851220882e-7,
			-2.305793256199121e-7,
			-2.0934499258290168e-7,
			-1.896677401802549e-7,
			-1.7168102146885588e-7,
			-1.5518250215123986e-7,
			-1.4014036598713268e-7,
			-1.2640444264284982e-7,
			-1.1386217468660665e-7,
			-1.0239206955947055e-7,
			-9.189867267167529e-8,
			-8.224734186958536e-8,
			-7.337451464717968e-8,
			-6.51636921503217e-8,
			-5.755310664647047e-8,
			-5.044796427223535e-8,
			-4.380555817431203e-8,
			-3.753417598079885e-8,
			-3.159507807887099e-8,
			-2.5934949273132653e-8,
			-2.048124361176722e-8,
			-1.5217662502669114e-8,
			-1.007276511110886e-8,
			-5.014817620531545e-9
		],
		[
			-3.583849667336473,
			1.9401785439412644,
			9.62291020429125e-2,
			-0.2216853889826269,
			-2.6003865229631794e-2,
			2.235369676770128e-3,
			8.930237871521413e-4,
			2.3103593900527148e-5,
			2.0009252334628708e-5,
			1.1006050456680996e-5,
			1.054264503831153e-5,
			6.894994881729495e-6,
			4.772725130350482e-6,
			2.9125007709974487e-6,
			1.7985978513779037e-6,
			9.990278812315309e-7,
			5.193793029643329e-7,
			1.965716496940496e-7,
			6.193430726880831e-9,
			-1.1508683820317308e-7,
			-1.816395698774201e-7,
			-2.189839237002268e-7,
			-2.3389201815414075e-7,
			-2.3705223990291684e-7,
			-2.3138904963759593e-7,
			-2.2153268981342349e-7,
			-2.0865550829624374e-7,
			-1.9478928962188008e-7,
			-1.8033837516988312e-7,
			-1.661986247971386e-7,
			-1.5244707246455613e-7,
			-1.3944590826704492e-7,
			-1.2718225896400512e-7,
			-1.1574377180437243e-7,
			-1.0509515693431906e-7,
			-9.522487408619282e-8,
			-8.606887519902124e-8,
			-7.75903048477744e-8,
			-6.971858575422583e-8,
			-6.2413171467647e-8,
			-5.559003194150034e-8,
			-4.9235888011525295e-8,
			-4.325354542942947e-8,
			-3.76309719899154e-8,
			-3.2303936453919175e-8,
			-2.7229552704125462e-8,
			-2.2376011287858868e-8,
			-1.76913938923332e-8,
			-1.3154623307854103e-8,
			-8.706832626341449e-9,
			-4.341672392519957e-9
		]
	],
	[
		[
			-0.2675732442539632,
			0.12172292727274657,
			2.9066265103574376e-2,
			-9.397041819051362e-3,
			-6.282212677701183e-3,
			-1.0071554871582782e-3,
			-1.5005281181166438e-4,
			-5.896188218610638e-5,
			-3.401910444496308e-5,
			-2.0153433359102294e-5,
			-1.3112505634411556e-5,
			-8.99316500431267e-6,
			-6.432012488200676e-6,
			-4.738172085388197e-6,
			-3.576723719284625e-6,
			-2.7534198591901177e-6,
			-2.155722638304732e-6,
			-1.712242703947472e-6,
			-1.3773843505857903e-6,
			-1.1204578089491262e-6,
			-9.206175248625144e-7,
			-7.632153034923849e-7,
			-6.378570766955179e-7,
			-5.369914462571192e-7,
			-4.550775424881936e-7,
			-3.8797963707228396e-7,
			-3.3258066427532383e-7,
			-2.8649982764190707e-7,
			-2.479035165285392e-7,
			-2.1536226815722627e-7,
			-1.8775607591872527e-7,
			-1.6419538337363336e-7,
			-1.4397305016750835e-7,
			-1.265179507771142e-7,
			-1.1136951170535407e-7,
			-9.81508951390952e-8,
			-8.655328857335813e-8,
			-7.632216705691853e-8,
			-6.724490412268964e-8,
			-5.9145427561571216e-8,
			-5.1873393371065236e-8,
			-4.530326170359107e-8,
			-3.932599640458811e-8,
			-3.3848941283329866e-8,
			-2.8791206768359203e-8,
			-2.4081674851951425e-8,
			-1.965828655006555e-8,
			-1.5463660640378878e-8,
			-1.1447369209140326e-8,
			-7.560626147822726e-9,
			-3.759376349743274e-9
		],
		[
			-0.2838838851896425,
			0.12928393371744165,
			3.077257254822436e-2,
			-1.0051637013194574e-2,
			-6.679233411188091e-3,
			-1.0591363278057192e-3,
			-1.5383416588223906e-4,
			-6.042698568623211e-5,
			-3.501859610771978e-5,
			-2.071614809961115e-5,
			-1.3476802458448556e-5,
			-9.245733824684886e-6,
			-6.616999451711617e-6,
			-4.8779156048295085e-6,
			-3.6848828759286686e-6,
			-2.8385902085743848e-6,
			-2.2237825723440716e-6,
			-1.7672857959718687e-6,
			-1.422377461526466e-6,
			-1.1575788954783908e-6,
			-9.515025821345307e-7,
			-7.891063147151517e-7,
			-6.597113412732707e-7,
			-5.555539064633026e-7,
			-4.7093425467440374e-7,
			-4.0159569826041865e-7,
			-3.443283234312398e-7,
			-2.966792457324922e-7,
			-2.567585692936576e-7,
			-2.230921676500495e-7,
			-1.9452485886027902e-7,
			-1.7013850306282174e-7,
			-1.4920333332778556e-7,
			-1.3112945117216824e-7,
			-1.1544125163423785e-7,
			-1.0174933477631843e-7,
			-8.973455456092586e-8,
			-7.913387619912118e-8,
			-6.972734730507885e-8,
			-6.13330303946574e-8,
			-5.3795260432528755e-8,
			-4.698429947825856e-8,
			-4.078720665406388e-8,
			-3.510815005571342e-8,
			-2.986338794417386e-8,
			-2.4979248667060937e-8,
			-2.0391567729578812e-8,
			-1.6040794240684503e-8,
			-1.1874840407149053e-8,
			-7.843029462267889e-9,
			-3.899838107470697e-9
		],
		[
			-0.3179141503802382,
			0.1450940556784347,
			3.431578455405298e-2,
			-1.1437851797855128e-2,
			-7.510656410568965e-3,
			-1.1648449134892662e-3,
			-1.602864016021586e-4,
			-6.298902593493634e-5,
			-3.687459766565926e-5,
			-2.1748382112791382e-5,
			-1.4143182557500936e-5,
			-9.70831322311454e-6,
			-6.957478432635803e-6,
			-5.1365313047989875e-6,
			-3.886151674739003e-6,
			-2.9978673702183585e-6,
			-2.351625563918314e-6,
			-1.8710784308029411e-6,
			-1.5075065343838742e-6,
			-1.22802180711076e-6,
			-1.010263762142392e-6,
			-8.384777598597337e-7,
			-7.014691141239187e-7,
			-5.91084445235884e-7,
			-5.013347247764647e-7,
			-4.2773730316406785e-7,
			-3.6691229895969825e-7,
			-3.162706142926176e-7,
			-2.7381839698687015e-7,
			-2.3799816374652793e-7,
			-2.0758802991386696e-7,
			-1.816178977949908e-7,
			-1.5931268979084722e-7,
			-1.40049229437845e-7,
			-1.2332098396818445e-7,
			-1.0871662143297151e-7,
			-9.589684057409236e-8,
			-8.45824585453158e-8,
			-7.454059866628415e-8,
			-6.557585244641047e-8,
			-5.7524550283858213e-8,
			-5.0246374064745384e-8,
			-4.362343322792438e-8,
			-3.755252923544475e-8,
			-3.194521684924499e-8,
			-2.672303466991047e-8,
			-2.18161228646533e-8,
			-1.7162640855607992e-8,
			-1.270494548373769e-8,
			-8.391582120494259e-9,
			-4.172279289557711e-9
		],
		[
			-0.3722322329103868,
			0.17042253538407637,
			3.9926415283025075e-2,
			-1.3704969844045619e-2,
			-8.845723846628089e-3,
			-1.3260805122708016e-3,
			-1.6671207584338082e-4,
			-6.577723414599451e-5,
			-3.924580070390879e-5,
			-2.3031402900995946e-5,
			-1.4965594607114861e-5,
			-1.0280536556249089e-5,
			-7.3833782659144734e-6,
			-5.464044057865975e-6,
			-4.144199481302979e-6,
			-3.204326381869903e-6,
			-2.5189510275479357e-6,
			-2.008063582586874e-6,
			-1.620676352830603e-6,
			-1.3222549948027302e-6,
			-1.0893002905657033e-6,
			-9.052015819046098e-7,
			-7.581405510451439e-7,
			-6.394835285347405e-7,
			-5.428808985979645e-7,
			-4.6356777262913195e-7,
			-3.979461961241951e-7,
			-3.432559500374516e-7,
			-2.9736615165678997e-7,
			-2.5861266602057e-7,
			-2.256853185891262e-7,
			-1.9754490993442348e-7,
			-1.7335902642932752e-7,
			-1.5245736615420407e-7,
			-1.3429624426571983e-7,
			-1.1843098983852104e-7,
			-1.0449774512366616e-7,
			-9.219383896068926e-8,
			-8.126876587538308e-8,
			-7.151132945063902e-8,
			-6.274379592302048e-8,
			-5.4815802804816086e-8,
			-4.759791881715035e-8,
			-4.098015500906968e-8,
			-3.4865275194151175e-8,
			-2.9168850252381467e-8,
			-2.3815252310243518e-8,
			-1.873633886357078e-8,
			-1.3871112680996065e-8,
			-9.161823657984315e-9,
			-4.55556358431515e-9
		],
		[
			-0.4499513106498786,
			0.20684825740177812,
			4.7863516523858556e-2,
			-1.7057867579397472e-2,
			-1.0771234854152649e-2,
			-1.5412105102777622e-3,
			-1.6800482491924448e-4,
			-6.72025100805218e-5,
			-4.150912424024503e-5,
			-2.417450493105874e-5,
			-1.5683074786942974e-5,
			-1.0781991970149825e-5,
			-7.767618794864504e-6,
			-5.768981929684299e-6,
			-4.3919049794509584e-6,
			-3.4077750434977233e-6,
			-2.687586113051467e-6,
			-2.1487508349794494e-6,
			-1.7387814097544795e-6,
			-1.4219409273026644e-6,
			-1.1738875203069846e-6,
			-9.773285907298338e-7,
			-8.199346290097488e-7,
			-6.926594249104952e-7,
			-5.888322294723234e-7,
			-5.03431127430334e-7,
			-4.326528352445703e-7,
			-3.735742701892714e-7,
			-3.239324513430485e-7,
			-2.819560722253253e-7,
			-2.4624831321099426e-7,
			-2.156964624754147e-7,
			-1.8941083293205653e-7,
			-1.6667160005957996e-7,
			-1.4689624527124108e-7,
			-1.2960700415839476e-7,
			-1.1441073391950304e-7,
			-1.0098196184804564e-7,
			-8.90481978721218e-8,
			-7.83827463610546e-8,
			-6.879332239156606e-8,
			-6.011720443731572e-8,
			-5.2214961908680474e-8,
			-4.496500502384438e-8,
			-3.82629369267238e-8,
			-3.201583803733631e-8,
			-2.614257084339567e-8,
			-2.0569813056573832e-8,
			-1.52298629630823e-8,
			-1.0060827203066581e-8,
			-5.0028153400303784e-9
		],
		[
			-0.5536023419054233,
			0.25574369401558594,
			5.8292370271269274e-2,
			-2.1715931306702456e-2,
			-1.3363813648612414e-2,
			-1.8002754216996494e-3,
			-1.5589544435598297e-4,
			-6.480041002399508e-5,
			-4.271293465244833e-5,
			-2.4596672998867785e-5,
			-1.590760369430062e-5,
			-1.0942545028296629e-5,
			-7.918047863575853e-6,
			-5.911683796567355e-6,
			-4.525818085839045e-6,
			-3.5301796855626797e-6,
			-2.7976991022248286e-6,
			-2.246566708502431e-6,
			-1.8250727344197553e-6,
			-1.4977232240041907e-6,
			-1.2403126768608292e-6,
			-1.0355110475626486e-6,
			-8.7091875927594e-7,
			-7.373799566958455e-7,
			-6.2811500791856e-7,
			-5.379948872366646e-7,
			-4.631200527167894e-7,
			-4.0047905480515755e-7,
			-3.477346629728285e-7,
			-3.03047723070566e-7,
			-2.6496690162884393e-7,
			-2.3233117578157947e-7,
			-2.0420975077812906e-7,
			-1.798489502194248e-7,
			-1.5863428651502583e-7,
			-1.4006363770762925e-7,
			-1.2372147187355041e-7,
			-1.0926380970261211e-7,
			-9.640366190735989e-8,
			-8.489864982925568e-8,
			-7.454557155875233e-8,
			-6.516977356238408e-8,
			-5.6622566659357416e-8,
			-4.8775616249644806e-8,
			-4.151609652246066e-8,
			-3.4746390640533525e-8,
			-2.837802418163048e-8,
			-2.2332209259405734e-8,
			-1.653699505845557e-8,
			-1.0924588144923133e-8,
			-5.432732048880868e-9
		],
		[
			-0.6834805179107472,
			0.3174884965172823,
			7.111967671992893e-2,
			-2.7835400199450154e-2,
			-1.664698085921461e-2,
			-2.0804637091930123e-3,
			-1.191420620046369e-4,
			-5.538479436801074e-5,
			-4.1667757505783725e-5,
			-2.3598875305613885e-5,
			-1.517335089303263e-5,
			-1.043506373021863e-5,
			-7.599159277123915e-6,
			-5.718980504189695e-6,
			-4.416269011149419e-6,
			-3.4727655781814665e-6,
			-2.7728796860511413e-6,
			-2.241559770738253e-6,
			-1.8319071509056602e-6,
			-1.5112974286555705e-6,
			-1.2574503529125204e-6,
			-1.0542111017518802e-6,
			-8.89956578890822e-7,
			-7.560110027460047e-7,
			-6.459129660628693e-7,
			-5.547270672920977e-7,
			-4.78682899074814e-7,
			-4.148454432021539e-7,
			-3.609249183335464e-7,
			-3.1511117983350076e-7,
			-2.7596626810965976e-7,
			-2.4233711492418224e-7,
			-2.1329476480678657e-7,
			-1.8808294283896602e-7,
			-1.6608539796400045e-7,
			-1.4679388733103453e-7,
			-1.297884451546092e-7,
			-1.1472008271336074e-7,
			-1.0129567023955356e-7,
			-8.92692992413612e-8,
			-7.843232967127912e-8,
			-6.860617526588289e-8,
			-5.963852075040052e-8,
			-5.139634842775708e-8,
			-4.376401616700516e-8,
			-3.6639940003048786e-8,
			-2.993264838333335e-8,
			-2.356080047618515e-8,
			-1.744940653489343e-8,
			-1.152863663411936e-8,
			-5.733432736882416e-9
		],
		[
			-0.8357932105627568,
			0.39054255357596074,
			8.583256380833072e-2,
			-3.539490385984477e-2,
			-2.0539996411635376e-2,
			-2.345623600277088e-3,
			-4.590202029473502e-5,
			-3.5809691139058774e-5,
			-3.726501269356716e-5,
			-2.05757751466852e-5,
			-1.3080692527998736e-5,
			-8.975023574335685e-6,
			-6.601947390989603e-6,
			-5.0342156978415625e-6,
			-3.9438108217721845e-6,
			-3.143056605055724e-6,
			-2.540632624838902e-6,
			-2.076243000624073e-6,
			-1.7131038387939093e-6,
			-1.4250959105729442e-6,
			-1.1945029484928794e-6,
			-1.0080472457634563e-6,
			-8.559294536622247e-7,
			-7.307555553437646e-7,
			-6.271360769343552e-7,
			-5.408591103263061e-7,
			-4.68487658529771e-7,
			-4.0730045487523047e-7,
			-3.5533925065134963e-7,
			-3.1109580871946154e-7,
			-2.731950753920951e-7,
			-2.4042576558176735e-7,
			-2.11952979879611e-7,
			-1.8722866194675237e-7,
			-1.6568626953870114e-7,
			-1.466939482065204e-7,
			-1.298050760451737e-7,
			-1.1482736531337576e-7,
			-1.0156561825121011e-7,
			-8.966366545316116e-8,
			-7.880627036885791e-8,
			-6.891376499843439e-8,
			-5.997440105218569e-8,
			-5.1800336040183146e-8,
			-4.4128511047906096e-8,
			-3.688068340810737e-8,
			-3.0123599369293395e-8,
			-2.379399087073911e-8,
			-1.7665751768288186e-8,
			-1.1616046533971361e-8,
			-5.719026018961386e-9
		],
		[
			-1.0013513675196608,
			0.47071660748281124,
			0.10142407285526554,
			-4.406996147332878e-2,
			-2.4817499085594868e-2,
			-2.553959444834802e-3,
			7.09025405008599e-5,
			-4.454607370473229e-6,
			-2.9006036275945477e-5,
			-1.5336176012028263e-5,
			-9.513963618200692e-6,
			-6.4746384648042235e-6,
			-4.8544062164631866e-6,
			-3.7978129914806096e-6,
			-3.0593984619847856e-6,
			-2.5007991897743225e-6,
			-2.067581140000977e-6,
			-1.7226718885233293e-6,
			-1.445385211883878e-6,
			-1.2198591552654655e-6,
			-1.0352796523502894e-6,
			-8.83071977372317e-7,
			-7.568740364384459e-7,
			-6.515997614721735e-7,
			-5.633287448061526e-7,
			-4.889109591730322e-7,
			-4.258645970072543e-7,
			-3.721831632428602e-7,
			-3.262610881025022e-7,
			-2.8679036611318414e-7,
			-2.527108828777678e-7,
			-2.231520533869418e-7,
			-1.974000410626229e-7,
			-1.7486362348955959e-7,
			-1.5505305142659041e-7,
			-1.3755896404307906e-7,
			-1.2203874891475562e-7,
			-1.0820356534516127e-7,
			-9.580902607876559e-8,
			-8.464694941928588e-8,
			-7.453939326993496e-8,
			-6.533297764008726e-8,
			-5.689483531686811e-8,
			-4.910907381948028e-8,
			-4.18737163592546e-8,
			-3.50981686938435e-8,
			-2.870132877877679e-8,
			-2.260956529950134e-8,
			-1.6755134506409384e-8,
			-1.1074941558057906e-8,
			-5.509158141119428e-9
		],
		[
			-1.1656910377925938,
			0.5510875236420008,
			0.11648180719888657,
			-5.31529619885221e-2,
			-2.9105502150313416e-2,
			-2.674493436365789e-3,
			2.263008217461739e-4,
			3.6961935940583045e-5,
			-1.753551167627423e-5,
			-8.382891062750407e-6,
			-4.826960340346719e-6,
			-3.176933986792205e-6,
			-2.5216972444815324e-6,
			-2.1234304842962027e-6,
			-1.8421087183483145e-6,
			-1.6018617437115592e-6,
			-1.3940629598626913e-6,
			-1.2106361233020364e-6,
			-1.050890257929728e-6,
			-9.120383907839875e-7,
			-7.922894528026891e-7,
			-6.891687376374929e-7,
			-6.00600951521499e-7,
			-5.244908861776797e-7,
			-4.5906690353231794e-7,
			-4.027209310475399e-7,
			-3.541037427026771e-7,
			-3.1204200754898906e-7,
			-2.755546223355472e-7,
			-2.438033003978667e-7,
			-2.1608653981621338e-7,
			-1.9180864409192277e-7,
			-1.7046938427305227e-7,
			-1.5164414933352355e-7,
			-1.349745085350878e-7,
			-1.2015524882465675e-7,
			-1.0692706682825058e-7,
			-9.506803966927973e-8,
			-8.4388149548863e-8,
			-7.472353797377757e-8,
			-6.593260477887896e-8,
			-5.7892123639598035e-8,
			-5.049442069699908e-8,
			-4.3644690864642814e-8,
			-3.725893182217904e-8,
			-3.1261999831970235e-8,
			-2.558610430279308e-8,
			-2.01694039585389e-8,
			-1.4954775010937265e-8,
			-9.888665299460783e-9,
			-4.920145409964876e-9
		],
		[
			-1.3110655466888004,
			0.6228469096093582,
			0.12944232662473132,
			-6.158679300537659e-2,
			-3.2929933172191485e-2,
			-2.7050690737096417e-3,
			3.9801363209871637e-4,
			8.226746168680504e-5,
			-4.835652058968241e-6,
			-9.442237841105227e-7,
			1.4620619453246915e-7,
			3.313496463352341e-7,
			-2.0357830758845417e-8,
			-3.1165669914942356e-7,
			-5.122846826482681e-7,
			-6.105736966653538e-7,
			-6.444747290736702e-7,
			-6.3567685080898e-7,
			-6.040725020369633e-7,
			-5.604761380801555e-7,
			-5.125283366994517e-7,
			-4.641842337302523e-7,
			-4.1792035773212467e-7,
			-3.7482823766379085e-7,
			-3.35456106256794e-7,
			-2.998514027662726e-7,
			-2.679108963043366e-7,
			-2.393593769246505e-7,
			-2.1391736620859314e-7,
			-1.912531042033215e-7,
			-1.7107676402738697e-7,
			-1.5308983469144182e-7,
			-1.370416526271528e-7,
			-1.2268901043258987e-7,
			-1.0982759009426455e-7,
			-9.82686659017362e-8,
			-8.784898284854151e-8,
			-7.84258682396715e-8,
			-6.986819536868327e-8,
			-6.206952172717464e-8,
			-5.492357214129923e-8,
			-4.835148062324258e-8,
			-4.226571418996418e-8,
			-3.660675570514664e-8,
			-3.130156473234577e-8,
			-2.6303867716856824e-8,
			-2.155232066234837e-8,
			-1.7008115087337537e-8,
			-1.2619049962377579e-8,
			-8.349581737339217e-9,
			-4.155187234594082e-9
		],
		[
			-1.419831564460074,
			0.676953790879628,
			0.13890912645840675,
			-6.814887662461465e-2,
			-3.580873800871497e-2,
			-2.6782807244882757e-3,
			5.485729064054419e-4,
			1.2163226339192814e-4,
			6.175783417907219e-6,
			5.336080097853851e-6,
			4.31457043641143e-6,
			3.276757535800742e-6,
			2.0908871021067128e-6,
			1.2268792239486896e-6,
			6.239374559758412e-7,
			2.413682121448235e-7,
			3.3189671403356577e-9,
			-1.36194558245585e-7,
			-2.139972731741691e-7,
			-2.5212842947200004e-7,
			-2.6607443260862497e-7,
			-2.6516132585501794e-7,
			-2.5567735653272265e-7,
			-2.414173819894899e-7,
			-2.248701248868243e-7,
			-2.0751911149387646e-7,
			-1.90291949613852e-7,
			-1.7371693076621378e-7,
			-1.5808346680927484e-7,
			-1.4352865178285924e-7,
			-1.3008993238194932e-7,
			-1.1775082256960864e-7,
			-1.0645937276394599e-7,
			-9.614319862678664e-8,
			-8.672660024556124e-8,
			-7.812326397993887e-8,
			-7.025995284046183e-8,
			-6.305389304366e-8,
			-5.644012390999629e-8,
			-5.034616237852307e-8,
			-4.47158465309871e-8,
			-3.9490326174695506e-8,
			-3.461951067865884e-8,
			-3.0056847908181013e-8,
			-2.5756297251851547e-8,
			-2.1682228050027657e-8,
			-1.7792394683941436e-8,
			-1.4057867791419115e-8,
			-1.0439767085671013e-8,
			-6.912189310033321e-9,
			-3.4410927190486665e-9
		],
		[
			-1.478028231189636,
			0.7060552734899059,
			0.14389053448114286,
			-7.175113524302223e-2,
			-3.7354767338395524e-2,
			-2.64556924538725e-3,
			6.372311816235818e-4,
			1.4467141599203747e-4,
			1.258855816923053e-5,
			8.930040889351403e-6,
			6.687322650831752e-6,
			4.954713046129047e-6,
			3.297450485733828e-6,
			2.1093387956044547e-6,
			1.2779978880042183e-6,
			7.334306855961572e-7,
			3.786436123858336e-7,
			1.5402997005098178e-7,
			1.3266957118952516e-8,
			-7.203673564413684e-8,
			-1.2179512038564015e-7,
			-1.4839793402824527e-7,
			-1.6029832066079628e-7,
			-1.6283735001357541e-7,
			-1.5961959902416879e-7,
			-1.529434489121266e-7,
			-1.4434476270897436e-7,
			-1.3479635672152506e-7,
			-1.2493717559424865e-7,
			-1.151541312196481e-7,
			-1.0569495086997031e-7,
			-9.66897769779934e-8,
			-8.821511303571193e-8,
			-8.029030129206131e-8,
			-7.291645192217419e-8,
			-6.607135679093755e-8,
			-5.972542543755078e-8,
			-5.384409136420166e-8,
			-4.838510823809651e-8,
			-4.331286419936907e-8,
			-3.858464789504644e-8,
			-3.4167677874372085e-8,
			-3.002297667556496e-8,
			-2.6118117222350374e-8,
			-2.2420742822239568e-8,
			-1.8899906026924835e-8,
			-1.5530172091681846e-8,
			-1.2280450194872255e-8,
			-9.128560987724543e-9,
			-6.045561840899787e-9,
			-3.011268169457704e-9
		]
	],
	[
		[
			-8.207283811496591e-2,
			3.356981630403472e-2,
			1.1676636127559594e-2,
			-8.674520337996777e-4,
			-2.3232457753636655e-3,
			-8.037012497818481e-4,
			-1.344882233905837e-4,
			-3.1771104852038427e-5,
			-1.584022076463024e-5,
			-9.474528248128846e-6,
			-6.039393430637908e-6,
			-4.110098035281669e-6,
			-2.9209610032300903e-6,
			-2.1445101697302105e-6,
			-1.6144149606641416e-6,
			-1.2405435587936826e-6,
			-9.697709861887367e-7,
			-7.693812929456115e-7,
			-6.183046864241265e-7,
			-5.025701159781112e-7,
			-4.1264737955194234e-7,
			-3.418956703688623e-7,
			-2.8559302132940567e-7,
			-2.4032549963915996e-7,
			-2.0358631568073715e-7,
			-1.7350955310705124e-7,
			-1.4868894525071786e-7,
			-1.2805252029595714e-7,
			-1.1077451713812184e-7,
			-9.621277552848859e-8,
			-8.38631776841364e-8,
			-7.332691625544833e-8,
			-6.42856657038379e-8,
			-5.6483771780172866e-8,
			-4.97141870252104e-8,
			-4.3808292416882946e-8,
			-3.862776879759226e-8,
			-3.405838668430352e-8,
			-3.0005326312095696e-8,
			-2.6389140279288485e-8,
			-2.314309542168034e-8,
			-2.021046582309559e-8,
			-1.7542957442926703e-8,
			-1.5098927569563524e-8,
			-1.2842267886437814e-8,
			-1.074133870560752e-8,
			-8.767997607917781e-9,
			-6.897079054257955e-9,
			-5.1054972928061365e-9,
			-3.3720423254118183e-9,
			-1.6766035309987536e-9
		],
		[
			-8.827268395796099e-2,
			3.61482967778565e-2,
			1.2546896495967273e-2,
			-9.591579526988954e-4,
			-2.5092871224927163e-3,
			-8.634428446226765e-4,
			-1.4237176101040074e-4,
			-3.305645923093676e-5,
			-1.6511284178450477e-5,
			-9.884669853584673e-6,
			-6.2975726328930526e-6,
			-4.2867663538549624e-6,
			-3.0482221790812817e-6,
			-2.2395204115110107e-6,
			-1.6871479193567182e-6,
			-1.2973171556677905e-6,
			-1.0147877530331736e-6,
			-8.055525558330247e-7,
			-6.477033095537035e-7,
			-5.267066100217323e-7,
			-4.326425891453942e-7,
			-3.5859459375617894e-7,
			-2.9964127013493373e-7,
			-2.522224715165765e-7,
			-2.1372228656878727e-7,
			-1.8219273927741203e-7,
			-1.561647005264321e-7,
			-1.3451795603149646e-7,
			-1.1638904350047007e-7,
			-1.0110626055091204e-7,
			-8.81421373981965e-8,
			-7.707910009604207e-8,
			-6.758394612603986e-8,
			-5.938873346831123e-8,
			-5.2276653886459476e-8,
			-4.607087837234916e-8,
			-4.062645176508834e-8,
			-3.582359784455292e-8,
			-3.1562801098898775e-8,
			-2.7760824723966445e-8,
			-2.4347504371976373e-8,
			-2.12634520573862e-8,
			-1.8457841582914513e-8,
			-1.588704552471999e-8,
			-1.3513106252980127e-8,
			-1.130277617150187e-8,
			-9.226568239616558e-9,
			-7.257925513316477e-9,
			-5.372735148833368e-9,
			-3.548562517291738e-9,
			-1.7643983296969368e-9
		],
		[
			-0.10147762372163822,
			4.165273094286407e-2,
			1.4396778518311955e-2,
			-1.1623031214442077e-3,
			-2.9085381775773938e-3,
			-9.902496538859288e-4,
			-1.584254022631995e-4,
			-3.546426465649038e-5,
			-1.7799127648768722e-5,
			-1.0678307294068535e-5,
			-6.7953694177829275e-6,
			-4.627525011252304e-6,
			-3.29428999640933e-6,
			-2.4238578368160507e-6,
			-1.8287606079105476e-6,
			-1.408224803460289e-6,
			-1.1029931284488613e-6,
			-8.766162306159718e-7,
			-7.055979154449062e-7,
			-5.743379508562151e-7,
			-4.7217430561106643e-7,
			-3.916633893264998e-7,
			-3.275014136131015e-7,
			-2.7584680791329515e-7,
			-2.338731339266257e-7,
			-1.9947328098713237e-7,
			-1.7105633121018406e-7,
			-1.4740788618497318e-7,
			-1.2759114818523412e-7,
			-1.1087652461629425e-7,
			-9.669080940594917e-8,
			-8.4579722049101e-8,
			-7.418058349637534e-8,
			-6.520157625521623e-8,
			-5.740631315979062e-8,
			-5.060206646321056e-8,
			-4.463055185525297e-8,
			-3.936110683304161e-8,
			-3.4684980871787356e-8,
			-3.051121897115053e-8,
			-2.6763166059135307e-8,
			-2.3375774029951017e-8,
			-2.0293549726823088e-8,
			-1.7468625967039426e-8,
			-1.4859530347882132e-8,
			-1.2429804854707466e-8,
			-1.0147128660128413e-8,
			-7.982460409175985e-9,
			-5.909260567969455e-9,
			-3.9030477924735e-9,
			-1.9406694482964735e-9
		],
		[
			-0.12325224356402636,
			5.076386562844953e-2,
			1.743701551289836e-2,
			-1.5187760377201745e-3,
			-3.5750604451988497e-3,
			-1.1980663413598998e-3,
			-1.8283666558110707e-4,
			-3.852895155599531e-5,
			-1.9542680555992668e-5,
			-1.177414073354662e-5,
			-7.477428517722682e-6,
			-5.094605384532958e-6,
			-3.6332463459835354e-6,
			-2.679567884932963e-6,
			-2.0266284318324594e-6,
			-1.5642483207274653e-6,
			-1.2278410799400585e-6,
			-9.777480391170772e-7,
			-7.883818534415008e-7,
			-6.427318441566715e-7,
			-5.29147134063305e-7,
			-4.394767864417088e-7,
			-3.6789971230523057e-7,
			-3.101905614322002e-7,
			-2.632341778871233e-7,
			-2.2470350054722607e-7,
			-1.9283850212247667e-7,
			-1.6629332753516493e-7,
			-1.4402812109109224e-7,
			-1.2523196049743556e-7,
			-1.0926669390148313e-7,
			-9.562612341080887e-8,
			-8.390549565080538e-8,
			-7.377884878198081e-8,
			-6.498189749637233e-8,
			-5.729885422724315e-8,
			-5.0552491142238e-8,
			-4.4596234874079026e-8,
			-3.930810035556633e-8,
			-3.4585946720673365e-8,
			-3.0343595500355124e-8,
			-2.6507953871559312e-8,
			-2.3016513413596924e-8,
			-1.981542913849526e-8,
			-1.6857949271961442e-8,
			-1.4102981097891966e-8,
			-1.1514090318578374e-8,
			-9.058473556223343e-9,
			-6.706205637648635e-9,
			-4.429604167194725e-9,
			-2.202540271899282e-9
		],
		[
			-0.15574294412949027,
			6.44305376428107e-2,
			2.1951959427020756e-2,
			-2.095523524226957e-3,
			-4.586369983391652e-3,
			-1.5052087396804005e-3,
			-2.1485398169890314e-4,
			-4.1212411184150616e-5,
			-2.1376793717388076e-5,
			-1.298564046506845e-5,
			-8.218930599723022e-6,
			-5.602328511980666e-6,
			-4.005345327557679e-6,
			-2.964355123745949e-6,
			-2.2502758644924065e-6,
			-1.7430403363460476e-6,
			-1.3726631768326504e-6,
			-1.0963163465731146e-6,
			-8.863408877554385e-7,
			-7.243160360659306e-7,
			-5.975850689875951e-7,
			-4.972648784668292e-7,
			-4.169891900434172e-7,
			-3.5212169980957564e-7,
			-2.9923306322820376e-7,
			-2.557539516496819e-7,
			-2.1973550032904593e-7,
			-1.896835990108435e-7,
			-1.6444105787180747e-7,
			-1.4310336854340667e-7,
			-1.2495730982622093e-7,
			-1.0943599227310116e-7,
			-9.608533298422582e-8,
			-8.453904905090716e-8,
			-7.44996606290103e-8,
			-6.572397560802258e-8,
			-5.801194344373106e-8,
			-5.119793364016147e-8,
			-4.514392790852256e-8,
			-3.9734200785288594e-8,
			-3.4871051934076364e-8,
			-3.047147334891594e-8,
			-2.646445361111219e-8,
			-2.2788752185962917e-8,
			-1.9391126260395797e-8,
			-1.6224798947852734e-8,
			-1.3248188195173515e-8,
			-1.0423882546548514e-8,
			-7.717716786862657e-9,
			-5.098030219652165e-9,
			-2.5350035109596293e-9
		],
		[
			-0.20122128813839707,
			8.368798329169792e-2,
			2.823248200609771e-2,
			-2.9832006881281696e-3,
			-6.031361212675804e-3,
			-1.929223040714083e-3,
			-2.515175880041286e-4,
			-4.157806319324765e-5,
			-2.2624807403404984e-5,
			-1.3968896698369519e-5,
			-8.792762889839922e-6,
			-5.9939886443890105e-6,
			-4.299990328185018e-6,
			-3.19874125030352e-6,
			-2.4415186336916337e-6,
			-1.9012437589838171e-6,
			-1.5046044257977498e-6,
			-1.2070364173547718e-6,
			-9.797379430498845e-7,
			-8.034834395184655e-7,
			-6.650003511068544e-7,
			-5.549280389301219e-7,
			-4.6652144257936716e-7,
			-3.948433360012169e-7,
			-3.3622341751598736e-7,
			-2.8789907937871597e-7,
			-2.477656524178888e-7,
			-2.1420316894192467e-7,
			-1.8595223971576914e-7,
			-1.6202512000537846e-7,
			-1.4164048009468466e-7,
			-1.2417545050220504e-7,
			-1.0912978275403127e-7,
			-9.609891946366187e-8,
			-8.475350564609095e-8,
			-7.48237526170063e-8,
			-6.608725781381068e-8,
			-5.835952276281581e-8,
			-5.14865518275176e-8,
			-4.533898099794344e-8,
			-3.9807426828437064e-8,
			-3.4798809732476434e-8,
			-3.023337247520361e-8,
			-2.6042268546154353e-8,
			-2.2165553284709904e-8,
			-1.855048317897022e-8,
			-1.5150139059405324e-8,
			-1.1922250632948757e-8,
			-8.828172658726037e-9,
			-5.832065278150809e-9,
			-2.9001526617654342e-9
		],
		[
			-0.2612187400680257,
			0.10929604872011317,
			3.64542892559595e-2,
			-4.282545527564883e-3,
			-7.983434745415059e-3,
			-2.478020990677796e-3,
			-2.8639961688205776e-4,
			-3.6634454550618806e-5,
			-2.2267402260404286e-5,
			-1.4216493156734849e-5,
			-8.868414855912805e-6,
			-6.040419842877424e-6,
			-4.353662498016654e-6,
			-3.263705928097649e-6,
			-2.512106336705502e-6,
			-1.972286799946948e-6,
			-1.5726326031515731e-6,
			-1.27020730424115e-6,
			-1.0372682782580252e-6,
			-8.552454642002056e-7,
			-7.112227309999549e-7,
			-5.960195224161299e-7,
			-5.029616073713362e-7,
			-4.2712298663069523e-7,
			-3.648116734495595e-7,
			-3.1322813261970043e-7,
			-2.702246097854909e-7,
			-2.3413739238487866e-7,
			-2.036653369112004e-7,
			-1.7778234175881183e-7,
			-1.5567261923105853e-7,
			-1.3668291108033552e-7,
			-1.2028643393481722e-7,
			-1.0605562978317692e-7,
			-9.364122965273851e-8,
			-8.275610399025296e-8,
			-7.316270614833505e-8,
			-6.466333651376858e-8,
			-5.709249859858005e-8,
			-5.031087643823139e-8,
			-4.420051733228345e-8,
			-3.8660893133654997e-8,
			-3.360566657276839e-8,
			-2.8960066407049237e-8,
			-2.4658744388987113e-8,
			-2.064405345825411e-8,
			-1.6864656659194218e-8,
			-1.3274323210213433e-8,
			-9.830850360486162e-9,
			-6.495088262228833e-9,
			-3.230029387204035e-9
		],
		[
			-0.33529602440367823,
			0.14120048593737297,
			4.651264364567091e-2,
			-6.069620204583951e-3,
			-1.0456940105728466e-2,
			-3.1386925075404253e-3,
			-3.0948775037453746e-4,
			-2.2756975834443345e-5,
			-1.911984979868666e-5,
			-1.3161913032061816e-5,
			-8.084801207055744e-6,
			-5.490015658214528e-6,
			-3.984399602740236e-6,
			-3.024764183243537e-6,
			-2.3608486602180786e-6,
			-1.8787974931650073e-6,
			-1.516704874165453e-6,
			-1.2385976000101378e-6,
			-1.0213143364825115e-6,
			-8.493001006904195e-7,
			-7.115889110970925e-7,
			-6.002747373710354e-7,
			-5.095152983816959e-7,
			-4.3493318725309875e-7,
			-3.7319851125223384e-7,
			-3.2175212483112017e-7,
			-2.786058734043492e-7,
			-2.422025710220191e-7,
			-2.1131233986798287e-7,
			-1.8495688722851805e-7,
			-1.623521288790617e-7,
			-1.4286523061518453e-7,
			-1.259819296030443e-7,
			-1.1128193983511942e-7,
			-9.842001972989956e-8,
			-8.711118967449209e-8,
			-7.711883205124075e-8,
			-6.824512140641488e-8,
			-6.032346954579488e-8,
			-5.321278099692908e-8,
			-4.6793072140372415e-8,
			-4.0961943468950604e-8,
			-3.563147399028168e-8,
			-3.072539510127683e-8,
			-2.6176672649197538e-8,
			-2.192569985374792e-8,
			-1.7919084670329798e-8,
			-1.4108762020881729e-8,
			-1.0451089084837103e-8,
			-6.905732702589638e-9,
			-3.4344419223732948e-9
		],
		[
			-0.41981959808715785,
			0.17796154702769368,
			5.787017262883349e-2,
			-8.338165891946206e-3,
			-1.3356263326492618e-2,
			-3.8689086604232507e-3,
			-3.097529309141973e-4,
			2.9105436621629777e-6,
			-1.2311641935859732e-5,
			-1.0424144805029786e-5,
			-6.2135317176350744e-6,
			-4.182636090028867e-6,
			-3.0728497880486856e-6,
			-2.390596011624848e-6,
			-1.9167817716968973e-6,
			-1.5649418244394387e-6,
			-1.2923965391666585e-6,
			-1.0764874741957225e-6,
			-9.028712119661963e-7,
			-7.618784586157566e-7,
			-6.464569264319922e-7,
			-5.513378919051383e-7,
			-4.7246710987120726e-7,
			-4.0669595508949057e-7,
			-3.5154792664279736e-7,
			-3.050655368591724e-7,
			-2.6568936544093054e-7,
			-2.3217023479772805e-7,
			-2.0350018554585018e-7,
			-1.788620129043276e-7,
			-1.5759052770797256e-7,
			-1.391427603724584e-7,
			-1.2307316724679234e-7,
			-1.0901338192714554e-7,
			-9.665640406353969e-8,
			-8.574536978484308e-8,
			-7.606542419465424e-8,
			-6.743682893261233e-8,
			-5.970812327893427e-8,
			-5.27498466388702e-8,
			-4.644998884874868e-8,
			-4.0711566044275095e-8,
			-3.545126977054366e-8,
			-3.059766823678874e-8,
			-2.608840087368755e-8,
			-2.1867284122073397e-8,
			-1.7882672686607508e-8,
			-1.4087362436979439e-8,
			-1.0438900702861292e-8,
			-6.898918290537572e-9,
			-3.431254018252329e-9
		],
		[
			-0.5074161669624859,
			0.2164406717125559,
			6.950962214350605e-2,
			-1.0935801304397112e-2,
			-1.6441110611189903e-2,
			-4.597764411789817e-3,
			-2.809417206271078e-4,
			4.018008775424582e-5,
			-1.9712863807125663e-6,
			-6.114213702968594e-6,
			-3.354590877541959e-6,
			-2.1873604884059103e-6,
			-1.662608866781925e-6,
			-1.387413266106274e-6,
			-1.1951275580639159e-6,
			-1.0391397190152889e-6,
			-9.039630079901554e-7,
			-7.856004890407236e-7,
			-6.821458172375848e-7,
			-5.923007471371287e-7,
			-5.146491825186777e-7,
			-4.4777164720075473e-7,
			-3.9026722761738e-7,
			-3.408429910447062e-7,
			-2.983337824253296e-7,
			-2.617199529341816e-7,
			-2.30119708018853e-7,
			-2.0278002119939237e-7,
			-1.790609324474743e-7,
			-1.5842122970535832e-7,
			-1.404037112161984e-7,
			-1.2462256497129212e-7,
			-1.1075191966684202e-7,
			-9.85162647679826e-8,
			-8.768217317571302e-8,
			-7.805143813836818e-8,
			-6.9455254235326e-8,
			-6.174939929752081e-8,
			-5.4810190444022116e-8,
			-4.853112793551928e-8,
			-4.282007995349813e-8,
			-3.759694232629682e-8,
			-3.279167161717842e-8,
			-2.8342629136892193e-8,
			-2.419517598201464e-8,
			-2.030047741835899e-8,
			-1.661446452992518e-8,
			-1.309692761676447e-8,
			-9.710719180019924e-9,
			-6.421041712223463e-9,
			-3.194798815816263e-9
		],
		[
			-0.5877136178944102,
			0.25204565882781504,
			8.006206343077557e-2,
			-1.3533078724042425e-2,
			-1.9336949151957123e-2,
			-5.239406394739168e-3,
			-2.2819760450682665e-4,
			8.378686257446682e-5,
			1.026062176212159e-5,
			-1.0091973209336302e-6,
			-3.2318755338600624e-8,
			1.2955715301666161e-7,
			-1.2501824588634031e-8,
			-1.999870012598806e-7,
			-3.297067001617906e-7,
			-3.998246154810742e-7,
			-4.2496121426173834e-7,
			-4.2173730428397974e-7,
			-4.0207003455397354e-7,
			-3.740298990898931e-7,
			-3.425644277590139e-7,
			-3.1063723173915107e-7,
			-2.7989401449052155e-7,
			-2.511910129920478e-7,
			-2.248937863974836e-7,
			-2.0108988715795674e-7,
			-1.7970400557163741e-7,
			-1.6058078282991913e-7,
			-1.4352422858249115e-7,
			-1.2832976867435185e-7,
			-1.1479454649817218e-7,
			-1.0272967472116204e-7,
			-9.196039875343754e-8,
			-8.233027581796516e-8,
			-7.369874335206621e-8,
			-6.594166901625706e-8,
			-5.894922600602421e-8,
			-5.262443029380497e-8,
			-4.688233181192189e-8,
			-4.1647262965091744e-8,
			-3.68534270551593e-8,
			-3.244129549962547e-8,
			-2.8359363807186578e-8,
			-2.456007730141499e-8,
			-2.1002277837335738e-8,
			-1.764711654747074e-8,
			-1.446068139633088e-8,
			-1.1410273307354242e-8,
			-8.46672289250294e-9,
			-5.60143775208726e-9,
			-2.787949430684136e-9
		],
		[
			-0.64940756584174,
			0.27961590373273987,
			8.809240941529156e-2,
			-1.5668773400644983e-2,
			-2.160481202538325e-2,
			-5.714113264416449e-3,
			-1.7013690915001608e-4,
			1.2347114626309232e-4,
			2.1383049823042297e-5,
			3.5910114263924682e-6,
			2.919329110708105e-6,
			2.186031863431165e-6,
			1.45907420116586e-6,
			8.663588767216066e-7,
			4.533745455181708e-7,
			1.8311730143545455e-7,
			1.5113197164328585e-8,
			-8.497362154654316e-8,
			-1.4099307405033335e-7,
			-1.6914980745486682e-7,
			-1.7994940715522298e-7,
			-1.8020471199567238e-7,
			-1.74254446025096e-7,
			-1.648617495940065e-7,
			-1.5376141524296046e-7,
			-1.4203230794099732e-7,
			-1.3032911241720392e-7,
			-1.1903592731336162e-7,
			-1.083632352847407e-7,
			-9.84127032676487e-8,
			-8.921674936296909e-8,
			-8.07671210304385e-8,
			-7.303009963433027e-8,
			-6.595951458659443e-8,
			-5.9502091071299685e-8,
			-5.3603108543357416e-8,
			-4.820843579562564e-8,
			-4.326602638143122e-8,
			-3.8727441226671593e-8,
			-3.4547027688460694e-8,
			-3.068344997362239e-8,
			-2.7097977032199046e-8,
			-2.375575938467935e-8,
			-2.0624358527110636e-8,
			-1.767410352276137e-8,
			-1.487769771486656e-8,
			-1.2209423959869887e-8,
			-9.645787260973578e-9,
			-7.163912268415067e-9,
			-4.742775258854779e-9,
			-2.3614373578838576e-9
		],
		[
			-0.6829630863725954,
			0.29468987757702186,
			9.243138660548045e-2,
			-1.6881883928336963e-2,
			-2.285376391632681e-2,
			-5.965297798665438e-3,
			-1.319940088011637e-4,
			1.4734183370282265e-4,
			2.805121783193611e-5,
			6.324145500078034e-6,
			4.6567179165284545e-6,
			3.395392681224946e-6,
			2.326780729452972e-6,
			1.4975995456991207e-6,
			9.188791550113968e-7,
			5.310872958880764e-7,
			2.788493498829792e-7,
			1.1761632918803535e-7,
			1.6633532292272452e-8,
			-4.502600441946618e-8,
			-8.110786465547541e-8,
			-1.0067659688705937e-7,
			-1.0965076227172756e-7,
			-1.119173403886427e-7,
			-1.1001823063465556e-7,
			-1.0562093415564408e-7,
			-9.981209138066207e-8,
			-9.329828365869549e-8,
			-8.65316283463692e-8,
			-7.979759468452186e-8,
			-7.326954245066716e-8,
			-6.704758389662694e-8,
			-6.118344958776631e-8,
			-5.5696924575677957e-8,
			-5.0588155429393316e-8,
			-4.5844019543513546e-8,
			-4.144448684893204e-8,
			-3.736486087202451e-8,
			-3.3578713838878326e-8,
			-3.005918809831419e-8,
			-2.6779382060443934e-8,
			-2.371381935371052e-8,
			-2.0837557874176176e-8,
			-1.8127519761956376e-8,
			-1.5561412002666726e-8,
			-1.3118416933898498e-8,
			-1.0778879407772051e-8,
			-8.52379351796151e-9,
			-6.335501098959726e-9,
			-4.196441734954599e-9,
			-2.090146228480648e-9
		]
	],
	[
		[
			-2.693162553346701e-2,
			1.0073103201766655e-2,
			4.323091775236597e-3,
			3.285824469790075e-4,
			-7.014665571531488e-4,
			-4.0377777085359544e-4,
			-1.0861925033849913e-4,
			-2.1920005885033638e-5,
			-7.807435030456164e-6,
			-4.4235740275681205e-6,
			-2.7969776520957523e-6,
			-1.8808752827836077e-6,
			-1.3282777046224287e-6,
			-9.710899204175908e-7,
			-7.290295036903071e-7,
			-5.590514466735042e-7,
			-4.3635282209116026e-7,
			-3.4575956880930897e-7,
			-2.775882120338716e-7,
			-2.254411542017521e-7,
			-1.8497404934896288e-7,
			-1.5316670727735303e-7,
			-1.2787723195934726e-7,
			-1.0755965007540472e-7,
			-9.108066991124024e-8,
			-7.759782439512303e-8,
			-6.647689428225713e-8,
			-5.723489569364857e-8,
			-4.950011403711606e-8,
			-4.2983665424171355e-8,
			-3.7458994898442516e-8,
			-3.2746918364604024e-8,
			-2.8704584247111785e-8,
			-2.5217244701705557e-8,
			-2.2192066504910367e-8,
			-1.9553428962855472e-8,
			-1.7239326701122087e-8,
			-1.5198591388427917e-8,
			-1.3388726232025567e-8,
			-1.1774209100960746e-8,
			-1.0325147657683492e-8,
			-9.016209557856124e-9,
			-7.825767057901105e-9,
			-6.735204743393351e-9,
			-5.728360566597872e-9,
			-4.791065995970576e-9,
			-3.910762306550071e-9,
			-3.0761787411840315e-9,
			-2.2770526016461578e-9,
			-1.503886527300905e-9,
			-7.477335254407039e-10
		],
		[
			-2.9367031801629664e-2,
			1.0997667880942814e-2,
			4.712209774549325e-3,
			3.5012686358124154e-4,
			-7.698276290523764e-4,
			-4.4098468857075646e-4,
			-1.177617677407559e-4,
			-2.337696993939765e-5,
			-8.251010827127155e-6,
			-4.679929693451524e-6,
			-2.959364625747578e-6,
			-1.9901577718567703e-6,
			-1.4061392653334265e-6,
			-1.0287019860060927e-6,
			-7.728308088145011e-7,
			-5.930466729610965e-7,
			-4.6318053772866865e-7,
			-3.672286492660793e-7,
			-2.949769840893015e-7,
			-2.3967451999533127e-7,
			-1.9673433507501146e-7,
			-1.6296558532292923e-7,
			-1.3610390164475846e-7,
			-1.1451388624850178e-7,
			-9.699597675295145e-8,
			-8.265793759047544e-8,
			-7.082772893008611e-8,
			-6.0993312900462e-8,
			-5.2760434121013926e-8,
			-4.5822560923706004e-8,
			-3.993920336630773e-8,
			-3.4920086571129725e-8,
			-3.061346507271414e-8,
			-2.6897407706141305e-8,
			-2.367324058277068e-8,
			-2.086056267954892e-8,
			-1.8393431639032787e-8,
			-1.621741685359768e-8,
			-1.4287301466704623e-8,
			-1.2565281706054238e-8,
			-1.1019538468398321e-8,
			-9.623100878857009e-9,
			-8.352937946134573e-9,
			-7.18922263812611e-9,
			-6.1147380654251e-9,
			-5.114388468421881e-9,
			-4.17479099630784e-9,
			-3.2839339277234494e-9,
			-2.4308785339026498e-9,
			-1.6055006325709814e-9,
			-7.98261912755586e-10
		],
		[
			-3.4662593864034134e-2,
			1.301274854271353e-2,
			5.557626131277906e-3,
			3.9412317527511253e-4,
			-9.201423778979921e-4,
			-5.220746871640676e-4,
			-1.373761075318438e-4,
			-2.635813892596661e-5,
			-9.129038397518565e-6,
			-5.192199376495565e-6,
			-3.284151733864356e-6,
			-2.2086388805869175e-6,
			-1.5620464266630545e-6,
			-1.1443474057299005e-6,
			-8.609926589970709e-7,
			-6.616509505054843e-7,
			-5.174511421628305e-7,
			-4.1075332166524027e-7,
			-3.302976116007157e-7,
			-2.6863527349927405e-7,
			-2.2069942318697306e-7,
			-1.8296066216812967e-7,
			-1.5291099442518012e-7,
			-1.287366615436953e-7,
			-1.0910559102330477e-7,
			-9.302580146788157e-8,
			-7.9749286714561e-8,
			-6.870553715646642e-8,
			-5.945485005777489e-8,
			-5.1655051298157564e-8,
			-4.5037465936591e-8,
			-3.9389352509264394e-8,
			-3.454092699266793e-8,
			-3.035567229695764e-8,
			-2.672303923318561e-8,
			-2.3552899499947506e-8,
			-2.0771290599828553e-8,
			-1.8317129798914255e-8,
			-1.6139651251293072e-8,
			-1.4196390135749502e-8,
			-1.2451589687155784e-8,
			-1.0874928745032992e-8,
			-9.440502964875624e-9,
			-8.126005182942223e-9,
			-6.912056260552302e-9,
			-5.781658459691637e-9,
			-4.7197398333677504e-9,
			-3.712766483534944e-9,
			-2.748411883275301e-9,
			-1.815264910796649e-9,
			-9.025709016086983e-10
		],
		[
			-4.368436432022262e-2,
			1.64590332158787e-2,
			6.995939908235298e-3,
			4.60989079768602e-4,
			-1.1809307355111207e-3,
			-6.607160688301188e-4,
			-1.7001966486088137e-4,
			-3.090367342190227e-5,
			-1.038258486081442e-5,
			-5.940115724722863e-6,
			-3.7594237309918445e-6,
			-2.52800052028698e-6,
			-1.7906114054486166e-6,
			-1.3147067589891046e-6,
			-9.915615615555856e-7,
			-7.637814082947176e-7,
			-5.986271253456007e-7,
			-4.7613278950318455e-7,
			-3.835535804308564e-7,
			-3.1244735372309874e-7,
			-2.5706076623024984e-7,
			-2.1337758427566205e-7,
			-1.7853753962356737e-7,
			-1.5046757785534255e-7,
			-1.2764200225292304e-7,
			-1.089223923293448e-7,
			-9.344872951939403e-8,
			-8.056394042914605e-8,
			-6.976079802534992e-8,
			-6.064399426462563e-8,
			-5.29027078530252e-8,
			-4.629051166892077e-8,
			-4.0610502331729335e-8,
			-3.57041831884211e-8,
			-3.144307291360789e-8,
			-2.7722320762237208e-8,
			-2.4455806276798074e-8,
			-2.157234394718956e-8,
			-1.9012724291119077e-8,
			-1.6727383651894716e-8,
			-1.4674555585386987e-8,
			-1.2818799282063145e-8,
			-1.1129816641565618e-8,
			-9.581498337932258e-9,
			-8.15115038412082e-9,
			-6.818855506792796e-9,
			-5.566943063527474e-9,
			-4.379540425167468e-9,
			-3.2421831470244848e-9,
			-2.1414763760613133e-9,
			-1.0647930849947025e-9
		],
		[
			-5.772387090464537e-2,
			2.1850857709872055e-2,
			9.229798357714633e-3,
			5.474486594606911e-4,
			-1.596889489680891e-3,
			-8.774161215191552e-4,
			-2.190751696604259e-4,
			-3.680693207837887e-5,
			-1.1815931176821639e-5,
			-6.843060532236743e-6,
			-4.336593121785283e-6,
			-2.9147830756365725e-6,
			-2.068860109558417e-6,
			-1.523968287271176e-6,
			-1.1535647377393403e-6,
			-8.91731524903157e-7,
			-7.012250776300193e-7,
			-5.594145061553561e-7,
			-4.518605233787575e-7,
			-3.689816716818977e-7,
			-3.042302185133611e-7,
			-2.530203554750985e-7,
			-2.1207504763448026e-7,
			-1.7901113907189686e-7,
			-1.52069034455435e-7,
			-1.2993177414775495e-7,
			-1.116016247235663e-7,
			-9.631426366841212e-8,
			-8.347821161326897e-8,
			-7.263143548538796e-8,
			-6.340987191612873e-8,
			-5.552431659915499e-8,
			-4.8743271572054936e-8,
			-4.2880087937102085e-8,
			-3.77832377373117e-8,
			-3.332888407769689e-8,
			-2.941516744111322e-8,
			-2.5957775679883268e-8,
			-2.288648239673341e-8,
			-2.0142426514091155e-8,
			-1.7675953987463864e-8,
			-1.5444892487361326e-8,
			-1.3413165921982825e-8,
			-1.1549667199072266e-8,
			-9.827335033159547e-9,
			-8.222395380712914e-9,
			-6.7137281331427986e-9,
			-5.282335622087011e-9,
			-3.910890765476573e-9,
			-2.583340294779457e-9,
			-1.2845531807110903e-9
		],
		[
			-7.834957093571136e-2,
			2.9825867455852247e-2,
			1.2503008502440597e-2,
			6.413705184444638e-4,
			-2.226757675173777e-3,
			-1.1972611150522809e-3,
			-2.877082028046642e-4,
			-4.325153379480316e-5,
			-1.297087253168329e-5,
			-7.704070658992808e-6,
			-4.896907935258987e-6,
			-3.287482003544614e-6,
			-2.3397681333708026e-6,
			-1.7316687567353606e-6,
			-1.317848771472086e-6,
			-1.0241490547724059e-6,
			-8.093502954813828e-7,
			-6.485812081446724e-7,
			-5.259998863535835e-7,
			-4.3107091457304435e-7,
			-3.5656592491215597e-7,
			-2.9739717703812806e-7,
			-2.4990991219987684e-7,
			-2.1143236271938987e-7,
			-1.7998194651531827e-7,
			-1.5406778565865315e-7,
			-1.3255540593901485e-7,
			-1.1457217649721895e-7,
			-9.944025398618142e-8,
			-8.662829603846643e-8,
			-7.571628020206979e-8,
			-6.6369560305107e-8,
			-5.831952673154675e-8,
			-5.134905744630489e-8,
			-4.528147039613431e-8,
			-3.997205108057582e-8,
			-3.530152109969999e-8,
			-3.117095927915042e-8,
			-2.7497819339338714e-8,
			-2.421279646932789e-8,
			-2.1257332166299927e-8,
			-1.858161318753569e-8,
			-1.614296649105607e-8,
			-1.3904546426419674e-8,
			-1.183425581474934e-8,
			-9.903861649766347e-9,
			-8.088252161576799e-9,
			-6.364814085672228e-9,
			-4.712904851679005e-9,
			-3.1133831224740907e-9,
			-1.5481952435149599e-9
		],
		[
			-0.10699741228789744,
			4.0992282554631936e-2,
			1.7034297829665077e-2,
			7.162296712916738e-4,
			-3.1326053751457397e-3,
			-1.643409749840427e-3,
			-3.7695331908432447e-4,
			-4.840351397191102e-5,
			-1.3019557221674855e-5,
			-8.167505480702058e-6,
			-5.227895967387234e-6,
			-3.500507873608055e-6,
			-2.5003229373844014e-6,
			-1.8634975992108425e-6,
			-1.4298716382163565e-6,
			-1.1203164749811766e-6,
			-8.92109984282733e-7,
			-7.198366434144664e-7,
			-5.873839425043014e-7,
			-4.840087326175122e-7,
			-4.0229555188536225e-7,
			-3.3698328896987295e-7,
			-2.8426047208661515e-7,
			-2.413169817077196e-7,
			-2.0605057834040727e-7,
			-1.7686828846932683e-7,
			-1.525493627440164e-7,
			-1.3214867105985008e-7,
			-1.1492765032460785e-7,
			-1.0030418620089226e-7,
			-8.781580300540924e-8,
			-7.709232182313215e-8,
			-6.783535258351116e-8,
			-5.980275247284861e-8,
			-5.279676245460147e-8,
			-4.6654864190930146e-8,
			-4.124267809186277e-8,
			-3.644842923828591e-8,
			-3.217859521013535e-8,
			-2.835444896142309e-8,
			-2.490930843494205e-8,
			-2.178632418206866e-8,
			-1.8936684790646743e-8,
			-1.6318160644358297e-8,
			-1.3893896602123816e-8,
			-1.1631406400672338e-8,
			-9.50174694460257e-9,
			-7.478817370409678e-9,
			-5.538752637737185e-9,
			-3.659400987910171e-9,
			-1.819851303915151e-9
		],
		[
			-0.14423313654159425,
			5.563931479578427e-2,
			2.2900497533984432e-2,
			7.301373980644446e-4,
			-4.355607614468127e-3,
			-2.2251683009119356e-3,
			-4.83305307012172e-4,
			-4.929832544708259e-5,
			-1.0812778525689471e-5,
			-7.751371466672522e-6,
			-5.046959557912266e-6,
			-3.3607240070892127e-6,
			-2.4124722822357617e-6,
			-1.8184368424095763e-6,
			-1.4143637568984764e-6,
			-1.1232144203381714e-6,
			-9.056407659254598e-7,
			-7.389541315875913e-7,
			-6.089540063700703e-7,
			-5.061459104322202e-7,
			-4.2390797204063105e-7,
			-3.574732231979495e-7,
			-3.033337880287799e-7,
			-2.5886277577482803e-7,
			-2.2206592056437204e-7,
			-1.914112966548344e-7,
			-1.6571022031143877e-7,
			-1.440319136926736e-7,
			-1.2564158641803709e-7,
			-1.0995474500504819e-7,
			-9.650309701511105e-8,
			-8.490892134682464e-8,
			-7.486563049671061e-8,
			-6.612282479862553e-8,
			-5.847476645948202e-8,
			-5.175144087013527e-8,
			-4.5811574961634033e-8,
			-4.053716170472104e-8,
			-3.582906876279749e-8,
			-3.160349908432167e-8,
			-2.7789208748128002e-8,
			-2.432525243761263e-8,
			-2.1159100772148147e-8,
			-1.824512450054012e-8,
			-1.5543365947275964e-8,
			-1.30185270899531e-8,
			-1.0639123975327477e-8,
			-8.37671205024559e-9,
			-6.205216551443856e-9,
			-4.1004015075429724e-9,
			-2.0393576059049677e-9
		],
		[
			-0.18882633643021968,
			7.335429748375254e-2,
			2.989358983427874e-2,
			6.369320276016047e-4,
			-5.879107788598631e-3,
			-2.9229733332427513e-3,
			-5.972377918779253e-4,
			-4.2574589616504874e-5,
			-5.257243727201072e-6,
			-6.018087263439185e-6,
			-4.1073052283702825e-6,
			-2.7008276371465408e-6,
			-1.954857077535395e-6,
			-1.5057551143672333e-6,
			-1.2022116588655273e-6,
			-9.793964128187732e-7,
			-8.080504802368385e-7,
			-6.726888747029601e-7,
			-5.640253238451561e-7,
			-4.7583809579080524e-7,
			-4.036781898959812e-7,
			-3.4422366165308494e-7,
			-2.949348599392728e-7,
			-2.5383884990419466e-7,
			-2.1938693128450274e-7,
			-1.9035346791465406e-7,
			-1.65762243576764e-7,
			-1.4483117513401835e-7,
			-1.2693035403408315e-7,
			-1.1154944490441342e-7,
			-9.827292816874611e-8,
			-8.676107513908941e-8,
			-7.673456167972656e-8,
			-6.796248163807132e-8,
			-6.025320761118018e-8,
			-5.344702887401596e-8,
			-4.741025403637627e-8,
			-4.203025008477868e-8,
			-3.721148107840909e-8,
			-3.2872774102200335e-8,
			-2.89448018222461e-8,
			-2.5367710290495805e-8,
			-2.208960025707354e-8,
			-1.9065324608535068e-8,
			-1.625528648708883e-8,
			-1.3624357051178046e-8,
			-1.114084406318852e-8,
			-8.77595847572153e-9,
			-6.503447511727862e-9,
			-4.29874768951223e-9,
			-2.1384184783762473e-9
		],
		[
			-0.23706693163020218,
			9.271137965633394e-2,
			3.742103645221487e-2,
			4.1284236998953073e-4,
			-7.591865549027585e-3,
			-3.677576911065926e-3,
			-7.046117640952825e-4,
			-2.637544858627602e-5,
			3.945214304043761e-6,
			-2.8706649718848784e-6,
			-2.3697525809277464e-6,
			-1.4976009288389108e-6,
			-1.1077603282939802e-6,
			-9.072733056688284e-7,
			-7.768273247879161e-7,
			-6.740533533294519e-7,
			-5.863289176802617e-7,
			-5.097222528766315e-7,
			-4.4280161835802956e-7,
			-3.846245727261139e-7,
			-3.342995050715976e-7,
			-2.9091731937488437e-7,
			-2.53591730575382e-7,
			-2.2149394428702836e-7,
			-1.9387735493289704e-7,
			-1.7008479481037937e-7,
			-1.495466991211002e-7,
			-1.3177587839002258e-7,
			-1.163577634821342e-7,
			-1.0294080649716769e-7,
			-9.12286220624515e-8,
			-8.097043062236721e-8,
			-7.195429000449689e-8,
			-6.400155122761128e-8,
			-5.69601708806247e-8,
			-5.070123550465331e-8,
			-4.5115306219081395e-8,
			-4.0108142492408426e-8,
			-3.559942968407535e-8,
			-3.1520081232447264e-8,
			-2.780974753094846e-8,
			-2.4416669213178208e-8,
			-2.1295351286015133e-8,
			-1.840540322438437e-8,
			-1.5711735207530974e-8,
			-1.3182430133323765e-8,
			-1.0788624140162348e-8,
			-8.504560379867373e-9,
			-6.305726731211723e-9,
			-4.169475763559758e-9,
			-2.0746297316242024e-9
		],
		[
			-0.28288150468483114,
			0.11126878549732415,
			4.453451164233648e-2,
			8.810711950298551e-5,
			-9.276030322452953e-3,
			-4.39272136824917e-3,
			-7.914969889776987e-4,
			-2.730194286282948e-6,
			1.5528919506748467e-5,
			1.1837295669095252e-6,
			-1.3911042433556018e-7,
			3.619738896964768e-8,
			-2.058946428601927e-8,
			-1.2841973390025265e-7,
			-2.133380314606628e-7,
			-2.614436760548119e-7,
			-2.8023766874698934e-7,
			-2.7961859768895606e-7,
			-2.6757342934908483e-7,
			-2.495332934247671e-7,
			-2.2893876190779927e-7,
			-2.0785212018748162e-7,
			-1.874429810353723e-7,
			-1.6832254629333263e-7,
			-1.507674914064443e-7,
			-1.3485137502951736e-7,
			-1.2053665626949958e-7,
			-1.0772708141115314e-7,
			-9.62949529951175e-8,
			-8.610667173834007e-8,
			-7.702918912852627e-8,
			-6.893477161808078e-8,
			-6.17094964256644e-8,
			-5.524758204571782e-8,
			-4.9454633641522664e-8,
			-4.4249377313159495e-8,
			-3.95563701674103e-8,
			-3.531142174141713e-8,
			-3.1458356451387475e-8,
			-2.7944727971716467e-8,
			-2.4727695549128085e-8,
			-2.1767455906934633e-8,
			-1.9027598067961603e-8,
			-1.6478779364207757e-8,
			-1.4091360523699518e-8,
			-1.1839723053815495e-8,
			-9.702164511336248e-9,
			-7.655218935741743e-9,
			-5.680045735771661e-9,
			-3.758293335108058e-9,
			-1.8701156412187722e-9
		],
		[
			-0.31902195852460424,
			0.1260225095488464,
			5.0121622798725125e-2,
			-2.4259554097047115e-4,
			-1.0642243059336049e-2,
			-4.955146590539606e-3,
			-8.496105696255478e-4,
			2.1514235457740705e-5,
			2.653425502935347e-5,
			5.043676559960343e-6,
			1.9664125165049197e-6,
			1.4767476261496967e-6,
			1.0042766318519401e-6,
			6.113842705859743e-7,
			3.268576191993526e-7,
			1.380307286987422e-7,
			1.9124167638384648e-8,
			-5.2269482615801566e-8,
			-9.267264307469323e-8,
			-1.1332293892598774e-7,
			-1.216364266270704e-7,
			-1.2241381291204474e-7,
			-1.1873577526744228e-7,
			-1.1256178050538158e-7,
			-1.051277440884271e-7,
			-9.720275342798225e-8,
			-8.925581355711433e-8,
			-8.156329421555298e-8,
			-7.42784858239601e-8,
			-6.747670767779858e-8,
			-6.118447606514436e-8,
			-5.539842460366113e-8,
			-5.009759165351761e-8,
			-4.525121913126974e-8,
			-4.082384922974782e-8,
			-3.6778392685374254e-8,
			-3.307809284596088e-8,
			-2.968766053034439e-8,
			-2.657382110438742e-8,
			-2.3705656386131947e-8,
			-2.1054596056265e-8,
			-1.8594400709258032e-8,
			-1.6300992580274647e-8,
			-1.4152238608680046e-8,
			-1.2127806407828433e-8,
			-1.0208874527602409e-8,
			-8.377976616924085e-9,
			-6.6187600140578534e-9,
			-4.9157887973996184e-9,
			-3.2543883128240816e-9,
			-1.6203856437463467e-9
		],
		[
			-0.339000741543184,
			0.13422116666854486,
			5.320096214704497e-2,
			-4.5324956791499587e-4,
			-1.141139054221957e-2,
			-5.265230294457745e-3,
			-8.777413476933833e-4,
			3.703005269211863e-5,
			3.330921847297162e-5,
			7.412242269340424e-6,
			3.2487431112841937e-6,
			2.351161714910091e-6,
			1.627554915268108e-6,
			1.0631238993923287e-6,
			6.583114923480411e-7,
			3.843723939330158e-7,
			2.0465665161472755e-7,
			8.932984441481114e-8,
			1.6780067089640494e-8,
			-2.768092193261138e-8,
			-5.386482314215181e-8,
			-6.821555723667512e-8,
			-7.496119143278114e-8,
			-7.689249143941038e-8,
			-7.581370979043204e-8,
			-7.292731766076629e-8,
			-6.90138604728271e-8,
			-6.456764229052589e-8,
			-5.993057597245489e-8,
			-5.529439936425829e-8,
			-5.078857833097992e-8,
			-4.649371969231376e-8,
			-4.2432555837215776e-8,
			-3.863653191826799e-8,
			-3.509813657900983e-8,
			-3.1806474952188924e-8,
			-2.876089856361154e-8,
			-2.5928091481020695e-8,
			-2.330250519777315e-8,
			-2.086332051184206e-8,
			-1.8583131428542463e-8,
			-1.6460199255895284e-8,
			-1.446219246483432e-8,
			-1.2580154296277878e-8,
			-1.0803155211361598e-8,
			-9.102893833592592e-9,
			-7.482337540131842e-9,
			-5.916988470267657e-9,
			-4.39516148054262e-9,
			-2.9152093404021598e-9,
			-1.4490661186631489e-9
		]
	]
]
